Spd_RF2_1000_1047_6011.txt	314	315	314,86	0,0048100000	True
Spd_RF2_1000_1047_6019.txt	315	317	316,69	0,0052400000	True
Spd_RF2_1000_1047_6027.txt	315	316	315,83	0,0049500000	True
Spd_RF2_1000_1047_6035.txt	315	318	316,58	0,0048200000	True
Spd_RF2_1000_1047_6043.txt	314	316	315,64	0,0039000000	True
Spd_RF2_1000_1095_6051.txt	295	298	296,59	0,0061600000	True
Spd_RF2_1000_1095_6059.txt	296	299	296,99	0,0061100000	True
Spd_RF2_1000_1095_6067.txt	295	297	296,13	0,0076700000	True
Spd_RF2_1000_1095_6075.txt	292	296	294,6	0,0058400000	True
Spd_RF2_1000_1095_6083.txt	294	296	294,98	0,0051400000	True
Spd_RF2_1000_1143_6091.txt	276	281	278,29	0,0064400000	True
Spd_RF2_1000_1143_6099.txt	276	280	277,54	0,0058100000	True
Spd_RF2_1000_1143_6107.txt	276	280	278,21	0,0063400000	True
Spd_RF2_1000_1143_6115.txt	279	283	280,72	0,0067700000	True
Spd_RF2_1000_1143_6123.txt	274	277	275,29	0,0065200000	True
Spd_RF2_1000_1191_6131.txt	255	262	258,64	0,0083600000	True
Spd_RF2_1000_1191_6139.txt	257	261	259,03	0,0065700000	True
Spd_RF2_1000_1191_6147.txt	256	262	259,21	0,0069200000	True
Spd_RF2_1000_1191_6155.txt	259	266	261,8	0,0063100000	True
Spd_RF2_1000_1191_6163.txt	259	263	261,52	0,0072400000	True
Spd_RF2_1000_1239_6171.txt	238	244	240,54	0,0055000000	True
Spd_RF2_1000_1239_6179.txt	243	248	244,7	0,0059300000	True
Spd_RF2_1000_1239_6187.txt	240	246	242,96	0,0068700000	True
Spd_RF2_1000_1239_6195.txt	246	251	248,51	0,0078600000	True
Spd_RF2_1000_1239_6203.txt	244	249	246,9	0,0077700000	True
Spd_RF2_100_114_1811.txt	27	27	27	0,0005600000	True
Spd_RF2_100_114_1819.txt	23	26	24,03	0,0005800000	True
Spd_RF2_100_114_1827.txt	23	24	23,1	0,0004300000	True
Spd_RF2_100_114_1835.txt	23	23	23	0,0003200000	True
Spd_RF2_100_114_1843.txt	25	26	25,1	0,0004500000	True
Spd_RF2_100_129_1851.txt	18	21	19,64	0,0006300000	True
Spd_RF2_100_129_1859.txt	18	21	19,46	0,0007600000	True
Spd_RF2_100_129_1867.txt	17	22	18,9	0,0010000000	True
Spd_RF2_100_129_1875.txt	17	20	17,96	0,0008500000	True
Spd_RF2_100_129_1883.txt	15	20	17,46	0,0008800000	True
Spd_RF2_100_144_1891.txt	13	19	16,25	0,0011100000	True
Spd_RF2_100_144_1899.txt	13	17	14,83	0,0010700000	True
Spd_RF2_100_144_1907.txt	15	19	17,1	0,0008500000	True
Spd_RF2_100_144_1915.txt	11	16	13,75	0,0013500000	True
Spd_RF2_100_144_1923.txt	14	18	15,59	0,0010300000	True
Spd_RF2_100_159_1931.txt	11	16	12,87	0,0016200000	True
Spd_RF2_100_159_1939.txt	11	15	13,05	0,0012100000	True
Spd_RF2_100_159_1947.txt	10	15	11,55	0,0015700000	True
Spd_RF2_100_159_1955.txt	10	15	12,36	0,0014400000	True
Spd_RF2_100_159_1963.txt	12	17	14,08	0,0013100000	True
Spd_RF2_100_174_1971.txt	8	14	10,9	0,0012400000	True
Spd_RF2_100_174_1979.txt	9	15	11,68	0,0012600000	True
Spd_RF2_100_174_1987.txt	10	16	13,22	0,0014200000	True
Spd_RF2_100_174_1995.txt	9	14	11,65	0,0015100000	True
Spd_RF2_100_174_2003.txt	7	14	10,2	0,0015300000	True
Spd_RF2_120_136_2211.txt	31	31	31	0,0004200000	True
Spd_RF2_120_136_2219.txt	29	30	29,2	0,0006400000	True
Spd_RF2_120_136_2227.txt	30	30	30	0,0006400000	True
Spd_RF2_120_136_2235.txt	30	31	30,18	0,0005100000	True
Spd_RF2_120_136_2243.txt	30	33	31,5	0,0009000000	True
Spd_RF2_120_152_2251.txt	21	25	22,92	0,0009900000	True
Spd_RF2_120_152_2259.txt	22	27	24,38	0,0010600000	True
Spd_RF2_120_152_2267.txt	23	27	24,73	0,0009200000	True
Spd_RF2_120_152_2275.txt	22	26	23,86	0,0010600000	True
Spd_RF2_120_152_2283.txt	24	26	24,82	0,0007400000	True
Spd_RF2_120_169_2291.txt	18	22	20,06	0,0013100000	True
Spd_RF2_120_169_2299.txt	17	24	19,56	0,0010900000	True
Spd_RF2_120_169_2307.txt	15	20	17,95	0,0013100000	True
Spd_RF2_120_169_2315.txt	18	24	20,56	0,0013700000	True
Spd_RF2_120_169_2323.txt	18	23	20,15	0,0012000000	True
Spd_RF2_120_185_2331.txt	13	19	15,85	0,0019200000	True
Spd_RF2_120_185_2339.txt	14	20	16,81	0,0014800000	True
Spd_RF2_120_185_2347.txt	15	20	17,64	0,0013300000	True
Spd_RF2_120_185_2355.txt	11	18	14,12	0,0014300000	True
Spd_RF2_120_185_2363.txt	14	18	15,36	0,0011100000	True
Spd_RF2_120_202_2371.txt	11	16	13,78	0,0015000000	True
Spd_RF2_120_202_2379.txt	14	20	16,81	0,0012400000	True
Spd_RF2_120_202_2387.txt	11	16	13,46	0,0010900000	True
Spd_RF2_120_202_2395.txt	11	18	14,16	0,0012600000	True
Spd_RF2_120_202_2403.txt	13	19	15,71	0,0017800000	True
Spd_RF2_140_157_2611.txt	35	37	35,22	0,0005900000	True
Spd_RF2_140_157_2619.txt	34	35	34,34	0,0005900000	True
Spd_RF2_140_157_2627.txt	35	37	35,98	0,0007000000	True
Spd_RF2_140_157_2635.txt	34	35	34,72	0,0005700000	True
Spd_RF2_140_157_2643.txt	34	35	34,21	0,0007300000	True
Spd_RF2_140_175_2651.txt	25	30	26,86	0,0010400000	True
Spd_RF2_140_175_2659.txt	29	32	29,98	0,0011200000	True
Spd_RF2_140_175_2667.txt	26	31	27,58	0,0012800000	True
Spd_RF2_140_175_2675.txt	26	29	27,28	0,0009500000	True
Spd_RF2_140_175_2683.txt	28	33	30,29	0,0009300000	True
Spd_RF2_140_193_2691.txt	20	24	22,28	0,0010800000	True
Spd_RF2_140_193_2699.txt	21	26	23,36	0,0017800000	True
Spd_RF2_140_193_2707.txt	20	26	22,84	0,0013900000	True
Spd_RF2_140_193_2715.txt	21	28	24,59	0,0016600000	True
Spd_RF2_140_193_2723.txt	21	26	23,44	0,0018700000	True
Spd_RF2_140_211_2731.txt	17	24	20,16	0,0015500000	True
Spd_RF2_140_211_2739.txt	19	26	22,41	0,0018200000	True
Spd_RF2_140_211_2747.txt	18	26	21,57	0,0016000000	True
Spd_RF2_140_211_2755.txt	17	21	19,34	0,0015900000	True
Spd_RF2_140_211_2763.txt	17	24	20,35	0,0019600000	True
Spd_RF2_140_229_2771.txt	14	20	16,81	0,0024000000	True
Spd_RF2_140_229_2779.txt	13	20	16,34	0,0022200000	True
Spd_RF2_140_229_2787.txt	15	21	17,98	0,0024300000	True
Spd_RF2_140_229_2795.txt	14	20	17,31	0,0017400000	True
Spd_RF2_140_229_2803.txt	14	22	17,79	0,0022000000	True
Spd_RF2_160_179_3011.txt	39	41	39,56	0,0006900000	True
Spd_RF2_160_179_3019.txt	40	41	40,61	0,0007700000	True
Spd_RF2_160_179_3027.txt	42	44	42,95	0,0009300000	True
Spd_RF2_160_179_3035.txt	40	42	41,26	0,0008500000	True
Spd_RF2_160_179_3043.txt	40	42	40,84	0,0006200000	True
Spd_RF2_160_198_3051.txt	33	36	34,46	0,0009300000	True
Spd_RF2_160_198_3059.txt	30	35	32,55	0,0015200000	True
Spd_RF2_160_198_3067.txt	32	35	33,21	0,0010500000	True
Spd_RF2_160_198_3075.txt	31	35	33,06	0,0013000000	True
Spd_RF2_160_198_3083.txt	33	38	34,56	0,0010900000	True
Spd_RF2_160_218_3091.txt	25	30	26,99	0,0015800000	True
Spd_RF2_160_218_3099.txt	28	33	29,59	0,0016400000	True
Spd_RF2_160_218_3107.txt	24	30	26,64	0,0017000000	True
Spd_RF2_160_218_3115.txt	25	30	27	0,0013000000	True
Spd_RF2_160_218_3123.txt	26	31	28,26	0,0013000000	True
Spd_RF2_160_237_3131.txt	23	28	25,45	0,0017600000	True
Spd_RF2_160_237_3139.txt	19	25	22,28	0,0021500000	True
Spd_RF2_160_237_3147.txt	21	28	24	0,0022600000	True
Spd_RF2_160_237_3155.txt	20	26	22,97	0,0023400000	True
Spd_RF2_160_237_3163.txt	21	27	24,09	0,0020100000	True
Spd_RF2_160_257_3171.txt	19	25	21,94	0,0023600000	True
Spd_RF2_160_257_3179.txt	17	23	19,87	0,0023600000	True
Spd_RF2_160_257_3187.txt	17	23	19,99	0,0024800000	True
Spd_RF2_160_257_3195.txt	18	25	21,26	0,0026000000	True
Spd_RF2_160_257_3203.txt	18	24	20,6	0,0023500000	True
Spd_RF2_180_200_3411.txt	47	49	48,15	0,0007100000	True
Spd_RF2_180_200_3419.txt	48	51	49,13	0,0007800000	True
Spd_RF2_180_200_3427.txt	47	50	47,92	0,0009100000	True
Spd_RF2_180_200_3435.txt	46	48	46,98	0,0008500000	True
Spd_RF2_180_200_3443.txt	45	46	45,25	0,0010900000	True
Spd_RF2_180_221_3451.txt	34	39	36,28	0,0015900000	True
Spd_RF2_180_221_3459.txt	38	43	39,86	0,0018800000	True
Spd_RF2_180_221_3467.txt	35	39	36,51	0,0013800000	True
Spd_RF2_180_221_3475.txt	36	42	38,49	0,0017600000	True
Spd_RF2_180_221_3483.txt	39	42	40,8	0,0011800000	True
Spd_RF2_180_242_3491.txt	28	35	30,86	0,0023000000	True
Spd_RF2_180_242_3499.txt	29	35	31,1	0,0018500000	True
Spd_RF2_180_242_3507.txt	28	33	30,48	0,0018200000	True
Spd_RF2_180_242_3515.txt	28	32	29,78	0,0014400000	True
Spd_RF2_180_242_3523.txt	27	34	30,92	0,0020800000	True
Spd_RF2_180_263_3531.txt	23	29	26,23	0,0029700000	True
Spd_RF2_180_263_3539.txt	24	29	26,63	0,0023000000	True
Spd_RF2_180_263_3547.txt	23	31	27,04	0,0021000000	True
Spd_RF2_180_263_3555.txt	24	30	27,29	0,0019200000	True
Spd_RF2_180_263_3563.txt	25	32	28,4	0,0020800000	True
Spd_RF2_180_284_3571.txt	22	28	24,64	0,0032000000	True
Spd_RF2_180_284_3579.txt	21	28	24,55	0,0023000000	True
Spd_RF2_180_284_3587.txt	20	28	24,1	0,0031400000	True
Spd_RF2_180_284_3595.txt	23	31	26,62	0,0021400000	True
Spd_RF2_180_284_3603.txt	22	30	26,82	0,0020000000	True
Spd_RF2_200_222_3811.txt	51	52	51,36	0,0007600000	True
Spd_RF2_200_222_3819.txt	52	54	52,47	0,0008800000	True
Spd_RF2_200_222_3827.txt	51	52	51,75	0,0009900000	True
Spd_RF2_200_222_3835.txt	51	53	51,92	0,0008700000	True
Spd_RF2_200_222_3843.txt	52	53	52,49	0,0008000000	True
Spd_RF2_200_244_3851.txt	40	44	41,91	0,0013900000	True
Spd_RF2_200_244_3859.txt	43	47	44,57	0,0013800000	True
Spd_RF2_200_244_3867.txt	40	44	41,43	0,0013300000	True
Spd_RF2_200_244_3875.txt	39	45	41,64	0,0014300000	True
Spd_RF2_200_244_3883.txt	40	44	41,51	0,0018200000	True
Spd_RF2_200_267_3891.txt	33	39	36,02	0,0021200000	True
Spd_RF2_200_267_3899.txt	32	39	34,57	0,0019900000	True
Spd_RF2_200_267_3907.txt	32	37	34,14	0,0018200000	True
Spd_RF2_200_267_3915.txt	33	39	35,66	0,0020200000	True
Spd_RF2_200_267_3923.txt	32	38	35,01	0,0018500000	True
Spd_RF2_200_289_3931.txt	26	32	28,85	0,0024100000	True
Spd_RF2_200_289_3939.txt	29	35	31,82	0,0025100000	True
Spd_RF2_200_289_3947.txt	30	36	32,34	0,0021400000	True
Spd_RF2_200_289_3955.txt	28	36	31,95	0,0020300000	True
Spd_RF2_200_289_3963.txt	28	36	31,88	0,0022700000	True
Spd_RF2_200_312_3971.txt	24	31	27,8	0,0029500000	True
Spd_RF2_200_312_3979.txt	22	30	26,42	0,0029900000	True
Spd_RF2_200_312_3987.txt	24	32	27,86	0,0027600000	True
Spd_RF2_200_312_3995.txt	23	31	26,79	0,0032400000	True
Spd_RF2_200_312_4003.txt	25	32	28,93	0,0030200000	True
Spd_RF2_20_27_211.txt	1	3	1,92	0,0002100000	True
Spd_RF2_20_27_219.txt	2	3	2,49	0,0000500000	True
Spd_RF2_20_27_227.txt	2	4	2,63	0,0002200000	True
Spd_RF2_20_27_235.txt	3	4	3,18	0,0001600000	True
Spd_RF2_20_27_243.txt	4	4	4	0,0001100000	True
Spd_RF2_20_34_251.txt	1	4	1,85	0,0003800000	True
Spd_RF2_20_34_259.txt	1	3	2,06	0,0003700000	True
Spd_RF2_20_34_267.txt	1	3	2,07	0,0002600000	True
Spd_RF2_20_34_275.txt	2	3	2,27	0,0003000000	True
Spd_RF2_20_34_283.txt	1	3	1,66	0,0002400000	True
Spd_RF2_20_42_291.txt	1	2	1,4	0,0003600000	True
Spd_RF2_20_42_299.txt	1	2	1,47	0,0002500000	True
Spd_RF2_20_42_307.txt	1	3	1,39	0,0002700000	True
Spd_RF2_20_42_315.txt	0	2	1,14	0,0002600000	True
Spd_RF2_20_42_323.txt	0	3	1,12	0,0002900000	True
Spd_RF2_20_49_331.txt	0	2	0,54	0,0002600000	True
Spd_RF2_20_49_339.txt	0	2	0,85	0,0002200000	True
Spd_RF2_20_49_347.txt	0	2	0,73	0,0002400000	True
Spd_RF2_20_49_355.txt	0	2	0,8	0,0002600000	True
Spd_RF2_20_49_363.txt	0	2	0,53	0,0004000000	True
Spd_RF2_20_57_371.txt	0	2	0,65	0,0003800000	True
Spd_RF2_20_57_379.txt	0	2	0,78	0,0006300000	True
Spd_RF2_20_57_387.txt	0	2	0,97	0,0003200000	True
Spd_RF2_20_57_395.txt	0	1	0,46	0,0003800000	True
Spd_RF2_20_57_403.txt	0	2	0,49	0,0003300000	True
Spd_RF2_250_273_4011.txt	67	70	68,51	0,0010100000	True
Spd_RF2_250_273_4019.txt	66	69	67,12	0,0009900000	True
Spd_RF2_250_273_4027.txt	66	67	66,91	0,0008700000	True
Spd_RF2_250_273_4035.txt	68	69	68,13	0,0011200000	True
Spd_RF2_250_273_4043.txt	67	68	67,72	0,0010600000	True
Spd_RF2_250_297_4051.txt	53	57	54,36	0,0020100000	True
Spd_RF2_250_297_4059.txt	58	63	59,94	0,0019400000	True
Spd_RF2_250_297_4067.txt	52	56	53,64	0,0020100000	True
Spd_RF2_250_297_4075.txt	56	60	57,73	0,0017400000	True
Spd_RF2_250_297_4083.txt	55	59	56,74	0,0018200000	True
Spd_RF2_250_321_4091.txt	47	51	49,13	0,0022900000	True
Spd_RF2_250_321_4099.txt	45	51	48,6	0,0021900000	True
Spd_RF2_250_321_4107.txt	45	51	47,67	0,0027100000	True
Spd_RF2_250_321_4115.txt	46	52	48,07	0,0021600000	True
Spd_RF2_250_321_4123.txt	46	50	48,13	0,0014400000	True
Spd_RF2_250_345_4131.txt	36	44	39,87	0,0033200000	True
Spd_RF2_250_345_4139.txt	40	47	43,65	0,0026200000	True
Spd_RF2_250_345_4147.txt	39	45	42,03	0,0032800000	True
Spd_RF2_250_345_4155.txt	37	44	40,04	0,0035400000	True
Spd_RF2_250_345_4163.txt	41	47	44,04	0,0028700000	True
Spd_RF2_250_369_4171.txt	32	42	37,64	0,0033800000	True
Spd_RF2_250_369_4179.txt	33	40	36,18	0,0041700000	True
Spd_RF2_250_369_4187.txt	32	39	34,94	0,0032300000	True
Spd_RF2_250_369_4195.txt	33	40	36,62	0,0034800000	True
Spd_RF2_250_369_4203.txt	34	41	36,84	0,0040500000	True
Spd_RF2_300_326_4211.txt	83	84	83,24	0,0011300000	True
Spd_RF2_300_326_4219.txt	81	82	81,99	0,0010600000	True
Spd_RF2_300_326_4227.txt	82	83	82,75	0,0011100000	True
Spd_RF2_300_326_4235.txt	81	83	82,03	0,0012700000	True
Spd_RF2_300_326_4243.txt	82	84	82,68	0,0012100000	True
Spd_RF2_300_353_4251.txt	67	72	68,95	0,0014500000	True
Spd_RF2_300_353_4259.txt	67	72	69,03	0,0019000000	True
Spd_RF2_300_353_4267.txt	70	76	72,68	0,0022900000	True
Spd_RF2_300_353_4275.txt	70	74	71,6	0,0020400000	True
Spd_RF2_300_353_4283.txt	70	73	71,27	0,0017600000	True
Spd_RF2_300_380_4291.txt	60	64	61,63	0,0025800000	True
Spd_RF2_300_380_4299.txt	57	64	60,32	0,0031900000	True
Spd_RF2_300_380_4307.txt	57	63	60,22	0,0035100000	True
Spd_RF2_300_380_4315.txt	55	61	58,43	0,0038200000	True
Spd_RF2_300_380_4323.txt	58	64	61,27	0,0027500000	True
Spd_RF2_300_407_4331.txt	52	59	55,24	0,0031800000	True
Spd_RF2_300_407_4339.txt	52	58	54,84	0,0033900000	True
Spd_RF2_300_407_4347.txt	51	57	54,04	0,0034400000	True
Spd_RF2_300_407_4355.txt	47	56	51,38	0,0034800000	True
Spd_RF2_300_407_4363.txt	51	57	54,14	0,0036300000	True
Spd_RF2_300_434_4371.txt	43	51	46,75	0,0039400000	True
Spd_RF2_300_434_4379.txt	40	51	45,96	0,0038700000	True
Spd_RF2_300_434_4387.txt	43	51	46,96	0,0046500000	True
Spd_RF2_300_434_4395.txt	46	55	49,51	0,0045400000	True
Spd_RF2_300_434_4403.txt	45	52	48,53	0,0034600000	True
Spd_RF2_350_378_4411.txt	97	99	98,13	0,0016900000	True
Spd_RF2_350_378_4419.txt	93	95	94,61	0,0016100000	True
Spd_RF2_350_378_4427.txt	96	99	97,11	0,0013500000	True
Spd_RF2_350_378_4435.txt	94	95	94,65	0,0013600000	True
Spd_RF2_350_378_4443.txt	95	97	95,96	0,0017400000	True
Spd_RF2_350_406_4451.txt	82	85	83,37	0,0020000000	True
Spd_RF2_350_406_4459.txt	82	85	83,58	0,0023200000	True
Spd_RF2_350_406_4467.txt	83	87	84,77	0,0020700000	True
Spd_RF2_350_406_4475.txt	81	85	83,07	0,0022800000	True
Spd_RF2_350_406_4483.txt	82	87	84	0,0024700000	True
Spd_RF2_350_435_4491.txt	68	75	71,31	0,0035900000	True
Spd_RF2_350_435_4499.txt	68	75	71,16	0,0039700000	True
Spd_RF2_350_435_4507.txt	68	74	70,62	0,0034300000	True
Spd_RF2_350_435_4515.txt	71	76	73,29	0,0032000000	True
Spd_RF2_350_435_4523.txt	71	77	73,69	0,0030300000	True
Spd_RF2_350_463_4531.txt	65	72	68,98	0,0033000000	True
Spd_RF2_350_463_4539.txt	62	69	65,26	0,0046600000	True
Spd_RF2_350_463_4547.txt	63	71	66,36	0,0048600000	True
Spd_RF2_350_463_4555.txt	60	68	64,4	0,0046300000	True
Spd_RF2_350_463_4563.txt	62	70	64,93	0,0046900000	True
Spd_RF2_350_492_4571.txt	54	61	57,02	0,0051600000	True
Spd_RF2_350_492_4579.txt	57	67	61	0,0049800000	True
Spd_RF2_350_492_4587.txt	51	60	55,95	0,0059200000	True
Spd_RF2_350_492_4595.txt	50	58	53,63	0,0055900000	True
Spd_RF2_350_492_4603.txt	54	62	58,62	0,0052700000	True
Spd_RF2_400_429_4611.txt	113	117	114,21	0,0015300000	True
Spd_RF2_400_429_4619.txt	113	115	113,64	0,0018700000	True
Spd_RF2_400_429_4627.txt	113	115	113,36	0,0016600000	True
Spd_RF2_400_429_4635.txt	112	113	112,16	0,0018300000	True
Spd_RF2_400_429_4643.txt	115	116	115,03	0,0011800000	True
Spd_RF2_400_459_4651.txt	97	102	99,46	0,0027700000	True
Spd_RF2_400_459_4659.txt	95	98	96,42	0,0030500000	True
Spd_RF2_400_459_4667.txt	96	101	98,45	0,0039100000	True
Spd_RF2_400_459_4675.txt	97	103	99,7	0,0028500000	True
Spd_RF2_400_459_4683.txt	95	100	97,39	0,0034600000	True
Spd_RF2_400_489_4691.txt	80	86	83,16	0,0041500000	True
Spd_RF2_400_489_4699.txt	85	91	87,79	0,0040100000	True
Spd_RF2_400_489_4707.txt	84	91	87,14	0,0042900000	True
Spd_RF2_400_489_4715.txt	82	90	85,2	0,0042800000	True
Spd_RF2_400_489_4723.txt	85	91	88,14	0,0040500000	True
Spd_RF2_400_519_4731.txt	76	83	78,74	0,0050100000	True
Spd_RF2_400_519_4739.txt	72	78	74,88	0,0054700000	True
Spd_RF2_400_519_4747.txt	77	85	80,37	0,0043400000	True
Spd_RF2_400_519_4755.txt	75	81	78,67	0,0053600000	True
Spd_RF2_400_519_4763.txt	72	80	76,61	0,0045500000	True
Spd_RF2_400_549_4771.txt	64	73	67,97	0,0059200000	True
Spd_RF2_400_549_4779.txt	60	72	65,7	0,0050100000	True
Spd_RF2_400_549_4787.txt	63	73	68,81	0,0060700000	True
Spd_RF2_400_549_4795.txt	61	71	66,59	0,0055800000	True
Spd_RF2_400_549_4803.txt	65	73	69,43	0,0045300000	True
Spd_RF2_40_50_611.txt	8	10	9,16	0,0002700000	True
Spd_RF2_40_50_619.txt	7	8	7,16	0,0002300000	True
Spd_RF2_40_50_627.txt	7	9	7,66	0,0002500000	True
Spd_RF2_40_50_635.txt	8	10	8,77	0,0002700000	True
Spd_RF2_40_50_643.txt	7	9	8	0,0003300000	True
Spd_RF2_40_60_651.txt	4	7	4,73	0,0006100000	True
Spd_RF2_40_60_659.txt	3	6	4,55	0,0005500000	True
Spd_RF2_40_60_667.txt	4	8	5,34	0,0003300000	True
Spd_RF2_40_60_675.txt	4	7	5,22	0,0006300000	True
Spd_RF2_40_60_683.txt	4	8	5,8	0,0005100000	True
Spd_RF2_40_71_691.txt	2	6	3,4	0,0006400000	True
Spd_RF2_40_71_699.txt	3	7	4,48	0,0006100000	True
Spd_RF2_40_71_707.txt	3	6	3,76	0,0004700000	True
Spd_RF2_40_71_715.txt	3	8	4,74	0,0005200000	True
Spd_RF2_40_71_723.txt	2	7	4	0,0006000000	True
Spd_RF2_40_81_731.txt	1	5	2,81	0,0006000000	True
Spd_RF2_40_81_739.txt	1	5	2,87	0,0007000000	True
Spd_RF2_40_81_747.txt	2	6	3,76	0,0006600000	True
Spd_RF2_40_81_755.txt	1	5	3,61	0,0006000000	True
Spd_RF2_40_81_763.txt	2	5	3,29	0,0006000000	True
Spd_RF2_40_92_771.txt	1	5	2,97	0,0006900000	True
Spd_RF2_40_92_779.txt	1	5	2,95	0,0008500000	True
Spd_RF2_40_92_787.txt	2	5	3,2	0,0005800000	True
Spd_RF2_40_92_795.txt	1	5	3	0,0007000000	True
Spd_RF2_40_92_803.txt	1	4	2,59	0,0007000000	True
Spd_RF2_450_482_4811.txt	126	128	127,48	0,0020600000	True
Spd_RF2_450_482_4819.txt	126	127	126,66	0,0019500000	True
Spd_RF2_450_482_4827.txt	128	131	129,22	0,0020900000	True
Spd_RF2_450_482_4835.txt	127	129	128,37	0,0023900000	True
Spd_RF2_450_482_4843.txt	127	128	127,03	0,0015600000	True
Spd_RF2_450_515_4851.txt	109	114	111,67	0,0022600000	True
Spd_RF2_450_515_4859.txt	112	116	114,56	0,0036300000	True
Spd_RF2_450_515_4867.txt	109	113	110,61	0,0028500000	True
Spd_RF2_450_515_4875.txt	111	115	112,63	0,0031900000	True
Spd_RF2_450_515_4883.txt	108	113	110,84	0,0037900000	True
Spd_RF2_450_548_4891.txt	95	100	97,94	0,0039400000	True
Spd_RF2_450_548_4899.txt	91	98	93,61	0,0040700000	True
Spd_RF2_450_548_4907.txt	95	100	97,49	0,0055700000	True
Spd_RF2_450_548_4915.txt	91	98	94,85	0,0039000000	True
Spd_RF2_450_548_4923.txt	97	103	100,47	0,0046100000	True
Spd_RF2_450_581_4931.txt	82	91	86,35	0,0048700000	True
Spd_RF2_450_581_4939.txt	82	90	85,76	0,0050100000	True
Spd_RF2_450_581_4947.txt	85	91	87,26	0,0056700000	True
Spd_RF2_450_581_4955.txt	83	93	86,97	0,0061700000	True
Spd_RF2_450_581_4963.txt	83	90	86,49	0,0053000000	True
Spd_RF2_450_614_4971.txt	74	82	77,91	0,0064900000	True
Spd_RF2_450_614_4979.txt	76	88	81,61	0,0067400000	True
Spd_RF2_450_614_4987.txt	73	83	77,91	0,0066400000	True
Spd_RF2_450_614_4995.txt	76	85	79,87	0,0060300000	True
Spd_RF2_450_614_5003.txt	76	83	79,33	0,0075700000	True
Spd_RF2_500_534_5011.txt	142	145	143,97	0,0023200000	True
Spd_RF2_500_534_5019.txt	143	145	144,42	0,0024800000	True
Spd_RF2_500_534_5027.txt	142	145	143,42	0,0020900000	True
Spd_RF2_500_534_5035.txt	147	147	147	0,0019400000	True
Spd_RF2_500_534_5043.txt	141	144	142,28	0,0022900000	True
Spd_RF2_500_568_5051.txt	123	128	125,03	0,0033100000	True
Spd_RF2_500_568_5059.txt	123	127	124,94	0,0034700000	True
Spd_RF2_500_568_5067.txt	125	130	126,9	0,0036300000	True
Spd_RF2_500_568_5075.txt	124	128	125,91	0,0032500000	True
Spd_RF2_500_568_5083.txt	123	127	124,56	0,0029400000	True
Spd_RF2_500_603_5091.txt	112	117	114,75	0,0039300000	True
Spd_RF2_500_603_5099.txt	109	114	111,21	0,0047500000	True
Spd_RF2_500_603_5107.txt	111	118	114,73	0,0041600000	True
Spd_RF2_500_603_5115.txt	109	116	112,66	0,0049300000	True
Spd_RF2_500_603_5123.txt	106	114	109,74	0,0058800000	True
Spd_RF2_500_637_5131.txt	99	107	102,85	0,0058000000	True
Spd_RF2_500_637_5139.txt	98	106	101,7	0,0060200000	True
Spd_RF2_500_637_5147.txt	94	100	97,49	0,0055200000	True
Spd_RF2_500_637_5155.txt	92	102	97,72	0,0070100000	True
Spd_RF2_500_637_5163.txt	91	99	94,5	0,0056000000	True
Spd_RF2_500_672_5171.txt	87	95	91,16	0,0074600000	True
Spd_RF2_500_672_5179.txt	84	95	89,5	0,0079600000	True
Spd_RF2_500_672_5187.txt	81	94	86,21	0,0085500000	True
Spd_RF2_500_672_5195.txt	84	93	89	0,0064200000	True
Spd_RF2_500_672_5203.txt	85	94	89,72	0,0074000000	True
Spd_RF2_600_637_5211.txt	184	188	187	0,0024600000	True
Spd_RF2_600_637_5219.txt	185	186	185,95	0,0020300000	True
Spd_RF2_600_637_5227.txt	186	189	188,42	0,0025900000	True
Spd_RF2_600_637_5235.txt	185	186	185,08	0,0016400000	True
Spd_RF2_600_637_5243.txt	183	184	183,9	0,0018200000	True
Spd_RF2_600_674_5251.txt	168	172	169,41	0,0027700000	True
Spd_RF2_600_674_5259.txt	170	173	171,01	0,0027300000	True
Spd_RF2_600_674_5267.txt	171	172	171,44	0,0023500000	True
Spd_RF2_600_674_5275.txt	170	173	170,93	0,0023300000	True
Spd_RF2_600_674_5283.txt	172	174	172,97	0,0027300000	True
Spd_RF2_600_712_5291.txt	152	158	155,38	0,0030300000	True
Spd_RF2_600_712_5299.txt	156	161	158,48	0,0030800000	True
Spd_RF2_600_712_5307.txt	154	157	155,22	0,0028900000	True
Spd_RF2_600_712_5315.txt	155	159	156,93	0,0028700000	True
Spd_RF2_600_712_5323.txt	153	158	155,67	0,0029100000	True
Spd_RF2_600_749_5331.txt	139	145	142,48	0,0035500000	True
Spd_RF2_600_749_5339.txt	142	147	144,63	0,0027300000	True
Spd_RF2_600_749_5347.txt	145	149	147,38	0,0031700000	True
Spd_RF2_600_749_5355.txt	147	150	147,7	0,0024000000	True
Spd_RF2_600_749_5363.txt	140	146	143,78	0,0030400000	True
Spd_RF2_600_787_5371.txt	133	138	135,19	0,0041700000	True
Spd_RF2_600_787_5379.txt	130	135	132,19	0,0040800000	True
Spd_RF2_600_787_5387.txt	131	136	133,69	0,0032400000	True
Spd_RF2_600_787_5395.txt	133	138	135,49	0,0030400000	True
Spd_RF2_600_787_5403.txt	131	136	133,41	0,0026400000	True
Spd_RF2_60_107_1131.txt	4	10	6,65	0,0008900000	True
Spd_RF2_60_107_1139.txt	5	9	6,7	0,0008400000	True
Spd_RF2_60_107_1147.txt	5	9	6,63	0,0009000000	True
Spd_RF2_60_107_1155.txt	4	9	6,7	0,0007800000	True
Spd_RF2_60_107_1163.txt	5	9	7,05	0,0009400000	True
Spd_RF2_60_119_1171.txt	3	8	5,75	0,0010400000	True
Spd_RF2_60_119_1179.txt	4	8	5,52	0,0010700000	True
Spd_RF2_60_119_1187.txt	3	8	5,11	0,0010400000	True
Spd_RF2_60_119_1195.txt	3	8	5,27	0,0009500000	True
Spd_RF2_60_119_1203.txt	4	8	6,05	0,0010400000	True
Spd_RF2_60_71_1011.txt	11	14	11,86	0,0005200000	True
Spd_RF2_60_71_1019.txt	14	14	14	0,0002900000	True
Spd_RF2_60_71_1027.txt	14	15	14,07	0,0004400000	True
Spd_RF2_60_71_1035.txt	12	13	12,1	0,0003900000	True
Spd_RF2_60_71_1043.txt	16	16	16	0,0002700000	True
Spd_RF2_60_83_1051.txt	8	11	9,69	0,0007500000	True
Spd_RF2_60_83_1059.txt	7	11	8,77	0,0007100000	True
Spd_RF2_60_83_1067.txt	8	12	9,74	0,0006900000	True
Spd_RF2_60_83_1075.txt	10	13	11,55	0,0005500000	True
Spd_RF2_60_83_1083.txt	8	11	9,62	0,0006400000	True
Spd_RF2_60_95_1091.txt	7	10	8,47	0,0006900000	True
Spd_RF2_60_95_1099.txt	6	10	8,01	0,0007500000	True
Spd_RF2_60_95_1107.txt	4	9	6,85	0,0008400000	True
Spd_RF2_60_95_1115.txt	7	10	8,03	0,0005900000	True
Spd_RF2_60_95_1123.txt	6	10	7,43	0,0006600000	True
Spd_RF2_700_740_5411.txt	217	219	218,36	0,0022100000	True
Spd_RF2_700_740_5419.txt	215	217	215,94	0,0018000000	True
Spd_RF2_700_740_5427.txt	217	218	217,92	0,0023400000	True
Spd_RF2_700_740_5435.txt	216	217	216,91	0,0026900000	True
Spd_RF2_700_740_5443.txt	216	218	217,32	0,0026800000	True
Spd_RF2_700_780_5451.txt	201	205	203,04	0,0034300000	True
Spd_RF2_700_780_5459.txt	202	205	203,36	0,0039000000	True
Spd_RF2_700_780_5467.txt	202	204	203,22	0,0033700000	True
Spd_RF2_700_780_5475.txt	198	201	199,35	0,0030700000	True
Spd_RF2_700_780_5483.txt	202	205	203,61	0,0028000000	True
Spd_RF2_700_821_5491.txt	183	185	183,7	0,0034600000	True
Spd_RF2_700_821_5499.txt	181	185	183,11	0,0034000000	True
Spd_RF2_700_821_5507.txt	186	189	187,49	0,0033300000	True
Spd_RF2_700_821_5515.txt	185	188	186,44	0,0040700000	True
Spd_RF2_700_821_5523.txt	185	190	188,24	0,0042300000	True
Spd_RF2_700_861_5531.txt	169	174	172,06	0,0040100000	True
Spd_RF2_700_861_5539.txt	171	177	173,37	0,0031300000	True
Spd_RF2_700_861_5547.txt	168	174	171,06	0,0040400000	True
Spd_RF2_700_861_5555.txt	170	175	171,81	0,0031800000	True
Spd_RF2_700_861_5563.txt	166	170	167,83	0,0036900000	True
Spd_RF2_700_902_5571.txt	162	169	165,42	0,0029400000	True
Spd_RF2_700_902_5579.txt	157	164	160,09	0,0043700000	True
Spd_RF2_700_902_5587.txt	161	168	164,4	0,0047500000	True
Spd_RF2_700_902_5595.txt	156	161	158,85	0,0044400000	True
Spd_RF2_700_902_5603.txt	159	168	162,68	0,0036400000	True
Spd_RF2_800_1017_5771.txt	183	189	185,96	0,0053100000	True
Spd_RF2_800_1017_5779.txt	179	187	182,43	0,0062200000	True
Spd_RF2_800_1017_5787.txt	184	190	186,43	0,0055300000	True
Spd_RF2_800_1017_5795.txt	185	189	186,99	0,0045300000	True
Spd_RF2_800_1017_5803.txt	182	188	185,4	0,0049900000	True
Spd_RF2_800_843_5611.txt	248	251	249,35	0,0035200000	True
Spd_RF2_800_843_5619.txt	246	248	246,78	0,0030000000	True
Spd_RF2_800_843_5627.txt	248	249	248,58	0,0032300000	True
Spd_RF2_800_843_5635.txt	249	250	249,51	0,0028600000	True
Spd_RF2_800_843_5643.txt	248	249	248,3	0,0032600000	True
Spd_RF2_800_886_5651.txt	231	234	233,05	0,0037700000	True
Spd_RF2_800_886_5659.txt	232	234	233,26	0,0035200000	True
Spd_RF2_800_886_5667.txt	229	231	230,11	0,0040000000	True
Spd_RF2_800_886_5675.txt	231	233	231,97	0,0028200000	True
Spd_RF2_800_886_5683.txt	230	233	231,24	0,0040400000	True
Spd_RF2_800_930_5691.txt	213	217	215,68	0,0040000000	True
Spd_RF2_800_930_5699.txt	211	215	213,41	0,0047700000	True
Spd_RF2_800_930_5707.txt	213	217	214,42	0,0043100000	True
Spd_RF2_800_930_5715.txt	214	218	216,76	0,0039900000	True
Spd_RF2_800_930_5723.txt	212	217	214,07	0,0050700000	True
Spd_RF2_800_973_5731.txt	203	207	204,76	0,0043300000	True
Spd_RF2_800_973_5739.txt	191	197	194,29	0,0054200000	True
Spd_RF2_800_973_5747.txt	201	207	204	0,0053200000	True
Spd_RF2_800_973_5755.txt	199	204	201,09	0,0049400000	True
Spd_RF2_800_973_5763.txt	200	206	202,96	0,0053500000	True
Spd_RF2_80_106_1451.txt	12	16	13,62	0,0007300000	True
Spd_RF2_80_106_1459.txt	12	16	13,76	0,0005000000	True
Spd_RF2_80_106_1467.txt	13	17	14,75	0,0006200000	True
Spd_RF2_80_106_1475.txt	13	16	14,06	0,0006900000	True
Spd_RF2_80_106_1483.txt	12	15	13,35	0,0007800000	True
Spd_RF2_80_120_1491.txt	9	13	10,49	0,0010000000	True
Spd_RF2_80_120_1499.txt	9	15	11,88	0,0012400000	True
Spd_RF2_80_120_1507.txt	9	14	11,26	0,0010900000	True
Spd_RF2_80_120_1515.txt	11	15	12,29	0,0012000000	True
Spd_RF2_80_120_1523.txt	11	16	12,88	0,0009500000	True
Spd_RF2_80_133_1531.txt	7	13	9,73	0,0013400000	True
Spd_RF2_80_133_1539.txt	8	13	9,79	0,0011300000	True
Spd_RF2_80_133_1547.txt	6	11	8,6	0,0011500000	True
Spd_RF2_80_133_1555.txt	7	12	8,86	0,0010200000	True
Spd_RF2_80_133_1563.txt	8	13	10,02	0,0008000000	True
Spd_RF2_80_147_1571.txt	5	11	7,46	0,0012000000	True
Spd_RF2_80_147_1579.txt	5	9	7,23	0,0011600000	True
Spd_RF2_80_147_1587.txt	6	11	8,07	0,0013200000	True
Spd_RF2_80_147_1595.txt	5	11	8,55	0,0013400000	True
Spd_RF2_80_147_1603.txt	4	9	6,92	0,0011400000	True
Spd_RF2_80_93_1411.txt	17	17	17	0,0003700000	True
Spd_RF2_80_93_1419.txt	16	18	16,65	0,0004800000	True
Spd_RF2_80_93_1427.txt	18	18	18	0,0003000000	True
Spd_RF2_80_93_1435.txt	16	17	16,7	0,0005900000	True
Spd_RF2_80_93_1443.txt	17	20	18,23	0,0004800000	True
Spd_RF2_900_1034_5891.txt	245	249	246,94	0,0044900000	True
Spd_RF2_900_1034_5899.txt	245	249	247,49	0,0060600000	True
Spd_RF2_900_1034_5907.txt	244	248	245,85	0,0056700000	True
Spd_RF2_900_1034_5915.txt	245	251	247,61	0,0047300000	True
Spd_RF2_900_1034_5923.txt	246	249	247,1	0,0043500000	True
Spd_RF2_900_1079_5931.txt	228	233	230,54	0,0054700000	True
Spd_RF2_900_1079_5939.txt	230	234	232,28	0,0064800000	True
Spd_RF2_900_1079_5947.txt	231	236	234,1	0,0053500000	True
Spd_RF2_900_1079_5955.txt	229	233	231,14	0,0055100000	True
Spd_RF2_900_1079_5963.txt	230	235	231,79	0,0061000000	True
Spd_RF2_900_1124_5971.txt	218	223	219,88	0,0053300000	True
Spd_RF2_900_1124_5979.txt	216	221	218,71	0,0043400000	True
Spd_RF2_900_1124_5987.txt	209	215	212,02	0,0061800000	True
Spd_RF2_900_1124_5995.txt	212	217	213,71	0,0042700000	True
Spd_RF2_900_1124_6003.txt	210	216	212,26	0,0057100000	True
Spd_RF2_900_944_5811.txt	282	284	282,32	0,0040300000	True
Spd_RF2_900_944_5819.txt	282	284	282,66	0,0037800000	True
Spd_RF2_900_944_5827.txt	281	284	282,15	0,0039600000	True
Spd_RF2_900_944_5835.txt	283	285	284,07	0,0048500000	True
Spd_RF2_900_944_5843.txt	282	283	282,24	0,0051700000	True
Spd_RF2_900_989_5851.txt	263	267	264,34	0,0048900000	True
Spd_RF2_900_989_5859.txt	264	266	265,27	0,0055100000	True
Spd_RF2_900_989_5867.txt	266	268	266,99	0,0039800000	True
Spd_RF2_900_989_5875.txt	264	268	266,31	0,0043300000	True
Spd_RF2_900_989_5883.txt	260	265	262,17	0,0045800000	True
