Spd_RF2_1000_1047_6011.txt	314	315	314,84	0,0053000000	True
Spd_RF2_1000_1047_6019.txt	315	317	316,65	0,0058000000	True
Spd_RF2_1000_1047_6027.txt	315	316	315,78	0,0055500000	True
Spd_RF2_1000_1047_6035.txt	315	318	316,57	0,0054400000	True
Spd_RF2_1000_1047_6043.txt	314	316	315,56	0,0042900000	True
Spd_RF2_1000_1095_6051.txt	295	298	296,63	0,0068400000	True
Spd_RF2_1000_1095_6059.txt	295	299	296,84	0,0065300000	True
Spd_RF2_1000_1095_6067.txt	294	297	296,25	0,0083700000	True
Spd_RF2_1000_1095_6075.txt	293	296	294,74	0,0065000000	True
Spd_RF2_1000_1095_6083.txt	293	296	294,99	0,0055700000	True
Spd_RF2_1000_1143_6091.txt	276	280	278,07	0,0070300000	True
Spd_RF2_1000_1143_6099.txt	276	279	277,7	0,0065200000	True
Spd_RF2_1000_1143_6107.txt	276	280	278,08	0,0067000000	True
Spd_RF2_1000_1143_6115.txt	279	283	280,57	0,0075400000	True
Spd_RF2_1000_1143_6123.txt	274	276	275,31	0,0073300000	True
Spd_RF2_1000_1191_6131.txt	256	261	258,58	0,0092500000	True
Spd_RF2_1000_1191_6139.txt	257	261	259,18	0,0073700000	True
Spd_RF2_1000_1191_6147.txt	257	262	259,12	0,0076900000	True
Spd_RF2_1000_1191_6155.txt	259	265	261,8	0,0069700000	True
Spd_RF2_1000_1191_6163.txt	259	264	261,53	0,0080000000	True
Spd_RF2_1000_1239_6171.txt	237	244	240,65	0,0061500000	True
Spd_RF2_1000_1239_6179.txt	242	248	244,95	0,0065700000	True
Spd_RF2_1000_1239_6187.txt	240	246	242,96	0,0076400000	True
Spd_RF2_1000_1239_6195.txt	246	251	248,51	0,0087600000	True
Spd_RF2_1000_1239_6203.txt	243	252	246,86	0,0087300000	True
Spd_RF2_100_114_1811.txt	27	27	27	0,0005000000	True
Spd_RF2_100_114_1819.txt	23	26	24,11	0,0007600000	True
Spd_RF2_100_114_1827.txt	23	24	23,12	0,0005000000	True
Spd_RF2_100_114_1835.txt	23	23	23	0,0005000000	True
Spd_RF2_100_114_1843.txt	25	26	25,05	0,0006000000	True
Spd_RF2_100_129_1851.txt	18	21	19,52	0,0007200000	True
Spd_RF2_100_129_1859.txt	17	22	19,46	0,0009200000	True
Spd_RF2_100_129_1867.txt	17	21	18,88	0,0012800000	True
Spd_RF2_100_129_1875.txt	17	19	17,98	0,0009500000	True
Spd_RF2_100_129_1883.txt	16	20	17,58	0,0010000000	True
Spd_RF2_100_144_1891.txt	14	19	16,22	0,0012600000	True
Spd_RF2_100_144_1899.txt	13	17	14,91	0,0013100000	True
Spd_RF2_100_144_1907.txt	15	20	17,36	0,0009600000	True
Spd_RF2_100_144_1915.txt	11	16	13,7	0,0015800000	True
Spd_RF2_100_144_1923.txt	14	18	15,69	0,0012700000	True
Spd_RF2_100_159_1931.txt	10	15	12,77	0,0017600000	True
Spd_RF2_100_159_1939.txt	11	16	13,07	0,0014400000	True
Spd_RF2_100_159_1947.txt	9	15	11,45	0,0018900000	True
Spd_RF2_100_159_1955.txt	10	15	12,45	0,0017400000	True
Spd_RF2_100_159_1963.txt	12	18	14,28	0,0016100000	True
Spd_RF2_100_174_1971.txt	8	15	11,02	0,0013600000	True
Spd_RF2_100_174_1979.txt	9	16	11,83	0,0015200000	True
Spd_RF2_100_174_1987.txt	10	16	13,29	0,0016400000	True
Spd_RF2_100_174_1995.txt	9	16	11,6	0,0018500000	True
Spd_RF2_100_174_2003.txt	8	14	10,64	0,0017400000	True
Spd_RF2_120_136_2211.txt	31	31	31	0,0004700000	True
Spd_RF2_120_136_2219.txt	29	30	29,18	0,0006500000	True
Spd_RF2_120_136_2227.txt	30	30	30	0,0007900000	True
Spd_RF2_120_136_2235.txt	30	31	30,23	0,0007100000	True
Spd_RF2_120_136_2243.txt	30	32	31,41	0,0008900000	True
Spd_RF2_120_152_2251.txt	21	24	22,86	0,0011300000	True
Spd_RF2_120_152_2259.txt	22	26	24,32	0,0012400000	True
Spd_RF2_120_152_2267.txt	24	27	24,74	0,0010700000	True
Spd_RF2_120_152_2275.txt	22	26	23,98	0,0013500000	True
Spd_RF2_120_152_2283.txt	24	26	24,72	0,0008700000	True
Spd_RF2_120_169_2291.txt	17	23	19,88	0,0016400000	True
Spd_RF2_120_169_2299.txt	17	22	19,48	0,0013200000	True
Spd_RF2_120_169_2307.txt	16	22	18,1	0,0017000000	True
Spd_RF2_120_169_2315.txt	18	23	20,48	0,0015900000	True
Spd_RF2_120_169_2323.txt	17	23	20,18	0,0014500000	True
Spd_RF2_120_185_2331.txt	13	20	16,01	0,0024600000	True
Spd_RF2_120_185_2339.txt	14	21	16,75	0,0017800000	True
Spd_RF2_120_185_2347.txt	14	21	17,76	0,0015800000	True
Spd_RF2_120_185_2355.txt	11	18	14,09	0,0015300000	True
Spd_RF2_120_185_2363.txt	13	18	15,34	0,0012800000	True
Spd_RF2_120_202_2371.txt	10	17	13,75	0,0018000000	True
Spd_RF2_120_202_2379.txt	15	20	16,96	0,0014700000	True
Spd_RF2_120_202_2387.txt	11	16	13,43	0,0011800000	True
Spd_RF2_120_202_2395.txt	11	17	13,91	0,0015200000	True
Spd_RF2_120_202_2403.txt	13	19	15,86	0,0021000000	True
Spd_RF2_140_157_2611.txt	35	37	35,26	0,0007100000	True
Spd_RF2_140_157_2619.txt	34	35	34,32	0,0006100000	True
Spd_RF2_140_157_2627.txt	35	37	36,04	0,0009700000	True
Spd_RF2_140_157_2635.txt	34	35	34,69	0,0008500000	True
Spd_RF2_140_157_2643.txt	34	35	34,18	0,0007800000	True
Spd_RF2_140_175_2651.txt	25	30	27	0,0013500000	True
Spd_RF2_140_175_2659.txt	29	32	30,1	0,0013400000	True
Spd_RF2_140_175_2667.txt	26	31	27,78	0,0013400000	True
Spd_RF2_140_175_2675.txt	26	29	27,23	0,0011300000	True
Spd_RF2_140_175_2683.txt	29	32	30,24	0,0011200000	True
Spd_RF2_140_193_2691.txt	19	25	22,42	0,0012600000	True
Spd_RF2_140_193_2699.txt	21	26	23,31	0,0021900000	True
Spd_RF2_140_193_2707.txt	21	26	22,83	0,0016300000	True
Spd_RF2_140_193_2715.txt	22	27	24,53	0,0018200000	True
Spd_RF2_140_193_2723.txt	21	27	23,49	0,0023400000	True
Spd_RF2_140_211_2731.txt	17	24	20,2	0,0018600000	True
Spd_RF2_140_211_2739.txt	19	26	22,17	0,0020700000	True
Spd_RF2_140_211_2747.txt	19	24	21,57	0,0019300000	True
Spd_RF2_140_211_2755.txt	17	23	19,38	0,0018900000	True
Spd_RF2_140_211_2763.txt	17	24	20,29	0,0023300000	True
Spd_RF2_140_229_2771.txt	13	20	16,61	0,0029900000	True
Spd_RF2_140_229_2779.txt	14	20	16,44	0,0028200000	True
Spd_RF2_140_229_2787.txt	14	22	17,95	0,0029000000	True
Spd_RF2_140_229_2795.txt	14	21	17,17	0,0020300000	True
Spd_RF2_140_229_2803.txt	16	22	18,52	0,0026200000	True
Spd_RF2_160_179_3011.txt	39	41	39,55	0,0008500000	True
Spd_RF2_160_179_3019.txt	40	41	40,6	0,0009500000	True
Spd_RF2_160_179_3027.txt	42	44	42,89	0,0012500000	True
Spd_RF2_160_179_3035.txt	40	42	41,28	0,0011800000	True
Spd_RF2_160_179_3043.txt	40	42	40,75	0,0006800000	True
Spd_RF2_160_198_3051.txt	33	36	34,58	0,0010600000	True
Spd_RF2_160_198_3059.txt	30	35	32,57	0,0017100000	True
Spd_RF2_160_198_3067.txt	32	35	33,36	0,0012200000	True
Spd_RF2_160_198_3075.txt	31	35	33,07	0,0015000000	True
Spd_RF2_160_198_3083.txt	33	36	34,61	0,0013200000	True
Spd_RF2_160_218_3091.txt	25	30	26,85	0,0017100000	True
Spd_RF2_160_218_3099.txt	28	32	29,7	0,0018600000	True
Spd_RF2_160_218_3107.txt	23	30	26,71	0,0020600000	True
Spd_RF2_160_218_3115.txt	24	30	27,07	0,0015700000	True
Spd_RF2_160_218_3123.txt	27	31	28,27	0,0016700000	True
Spd_RF2_160_237_3131.txt	23	29	25,4	0,0021000000	True
Spd_RF2_160_237_3139.txt	20	26	22,43	0,0025200000	True
Spd_RF2_160_237_3147.txt	21	29	24,3	0,0028600000	True
Spd_RF2_160_237_3155.txt	20	27	23,04	0,0028400000	True
Spd_RF2_160_237_3163.txt	21	29	24,08	0,0022900000	True
Spd_RF2_160_257_3171.txt	19	25	22,17	0,0028300000	True
Spd_RF2_160_257_3179.txt	17	24	20,06	0,0027800000	True
Spd_RF2_160_257_3187.txt	17	26	20,64	0,0030000000	True
Spd_RF2_160_257_3195.txt	18	24	21,18	0,0032700000	True
Spd_RF2_160_257_3203.txt	17	24	20,47	0,0027500000	True
Spd_RF2_180_200_3411.txt	47	49	48,23	0,0008300000	True
Spd_RF2_180_200_3419.txt	48	51	49,17	0,0011400000	True
Spd_RF2_180_200_3427.txt	47	50	47,84	0,0011100000	True
Spd_RF2_180_200_3435.txt	47	48	47,03	0,0009800000	True
Spd_RF2_180_200_3443.txt	45	46	45,32	0,0012400000	True
Spd_RF2_180_221_3451.txt	34	39	36,31	0,0019300000	True
Spd_RF2_180_221_3459.txt	37	44	39,81	0,0023200000	True
Spd_RF2_180_221_3467.txt	35	39	36,6	0,0017700000	True
Spd_RF2_180_221_3475.txt	35	42	38,53	0,0022100000	True
Spd_RF2_180_221_3483.txt	39	43	41,11	0,0012600000	True
Spd_RF2_180_242_3491.txt	28	35	30,71	0,0026100000	True
Spd_RF2_180_242_3499.txt	29	34	31,19	0,0021700000	True
Spd_RF2_180_242_3507.txt	28	33	30,52	0,0022600000	True
Spd_RF2_180_242_3515.txt	27	32	29,66	0,0016300000	True
Spd_RF2_180_242_3523.txt	27	33	30,49	0,0026000000	True
Spd_RF2_180_263_3531.txt	24	31	26,22	0,0035400000	True
Spd_RF2_180_263_3539.txt	23	30	26,94	0,0026800000	True
Spd_RF2_180_263_3547.txt	24	30	26,99	0,0025300000	True
Spd_RF2_180_263_3555.txt	24	31	27,47	0,0022500000	True
Spd_RF2_180_263_3563.txt	26	31	28,34	0,0025600000	True
Spd_RF2_180_284_3571.txt	21	28	24,42	0,0039000000	True
Spd_RF2_180_284_3579.txt	22	29	24,96	0,0028100000	True
Spd_RF2_180_284_3587.txt	20	29	23,77	0,0038200000	True
Spd_RF2_180_284_3595.txt	23	31	26,55	0,0025900000	True
Spd_RF2_180_284_3603.txt	23	30	26,66	0,0023900000	True
Spd_RF2_200_222_3811.txt	51	52	51,36	0,0008300000	True
Spd_RF2_200_222_3819.txt	52	54	52,5	0,0010700000	True
Spd_RF2_200_222_3827.txt	51	52	51,71	0,0010300000	True
Spd_RF2_200_222_3835.txt	51	53	51,92	0,0010000000	True
Spd_RF2_200_222_3843.txt	52	53	52,47	0,0009700000	True
Spd_RF2_200_244_3851.txt	40	44	42,02	0,0016100000	True
Spd_RF2_200_244_3859.txt	43	46	44,47	0,0014000000	True
Spd_RF2_200_244_3867.txt	39	45	41,77	0,0015900000	True
Spd_RF2_200_244_3875.txt	39	44	41,64	0,0017300000	True
Spd_RF2_200_244_3883.txt	39	45	41,46	0,0021200000	True
Spd_RF2_200_267_3891.txt	34	38	36,08	0,0026300000	True
Spd_RF2_200_267_3899.txt	32	38	34,95	0,0023400000	True
Spd_RF2_200_267_3907.txt	32	37	34,44	0,0021200000	True
Spd_RF2_200_267_3915.txt	33	40	35,6	0,0023600000	True
Spd_RF2_200_267_3923.txt	32	38	34,95	0,0021200000	True
Spd_RF2_200_289_3931.txt	25	32	28,92	0,0029600000	True
Spd_RF2_200_289_3939.txt	29	35	31,52	0,0029400000	True
Spd_RF2_200_289_3947.txt	29	35	32,24	0,0025000000	True
Spd_RF2_200_289_3955.txt	28	35	31,7	0,0025700000	True
Spd_RF2_200_289_3963.txt	28	35	31,69	0,0027200000	True
Spd_RF2_200_312_3971.txt	24	33	27,98	0,0035000000	True
Spd_RF2_200_312_3979.txt	24	34	26,98	0,0036700000	True
Spd_RF2_200_312_3987.txt	25	34	28,29	0,0031800000	True
Spd_RF2_200_312_3995.txt	24	32	26,51	0,0037900000	True
Spd_RF2_200_312_4003.txt	25	33	28,94	0,0036400000	True
Spd_RF2_20_27_211.txt	1	3	1,92	0,0002100000	True
Spd_RF2_20_27_219.txt	2	3	2,51	0,0005400000	True
Spd_RF2_20_27_227.txt	2	4	2,76	0,0002300000	True
Spd_RF2_20_27_235.txt	3	4	3,18	0,0001200000	True
Spd_RF2_20_27_243.txt	4	4	4	0,0000600000	True
Spd_RF2_20_34_251.txt	1	4	1,94	0,0003500000	True
Spd_RF2_20_34_259.txt	1	3	2,04	0,0003500000	True
Spd_RF2_20_34_267.txt	1	4	2,12	0,0003000000	True
Spd_RF2_20_34_275.txt	2	4	2,38	0,0003500000	True
Spd_RF2_20_34_283.txt	1	3	1,74	0,0002900000	True
Spd_RF2_20_42_291.txt	1	3	1,44	0,0003100000	True
Spd_RF2_20_42_299.txt	1	3	1,56	0,0002000000	True
Spd_RF2_20_42_307.txt	1	3	1,64	0,0002200000	True
Spd_RF2_20_42_315.txt	0	3	1,44	0,0003000000	True
Spd_RF2_20_42_323.txt	0	2	1,13	0,0000300000	True
Spd_RF2_20_49_331.txt	0	2	0,6	0,0001900000	True
Spd_RF2_20_49_339.txt	0	2	0,85	0,0002500000	True
Spd_RF2_20_49_347.txt	0	2	0,72	0,0002300000	True
Spd_RF2_20_49_355.txt	0	2	0,74	0,0002100000	True
Spd_RF2_20_49_363.txt	0	2	0,69	0,0003800000	True
Spd_RF2_20_57_371.txt	0	3	0,69	0,0003700000	True
Spd_RF2_20_57_379.txt	0	2	0,78	0,0004900000	True
Spd_RF2_20_57_387.txt	0	2	0,87	0,0003100000	True
Spd_RF2_20_57_395.txt	0	2	0,36	0,0003100000	True
Spd_RF2_20_57_403.txt	0	2	0,57	0,0002900000	True
Spd_RF2_250_273_4011.txt	67	71	68,66	0,0012200000	True
Spd_RF2_250_273_4019.txt	65	69	67,31	0,0011700000	True
Spd_RF2_250_273_4027.txt	66	67	66,89	0,0010400000	True
Spd_RF2_250_273_4035.txt	68	69	68,18	0,0013300000	True
Spd_RF2_250_273_4043.txt	67	68	67,64	0,0012800000	True
Spd_RF2_250_297_4051.txt	52	57	54,39	0,0023600000	True
Spd_RF2_250_297_4059.txt	58	62	60,02	0,0024800000	True
Spd_RF2_250_297_4067.txt	52	57	53,7	0,0022000000	True
Spd_RF2_250_297_4075.txt	56	60	57,93	0,0024600000	True
Spd_RF2_250_297_4083.txt	54	59	56,99	0,0022100000	True
Spd_RF2_250_321_4091.txt	46	53	49,25	0,0026600000	True
Spd_RF2_250_321_4099.txt	46	52	48,7	0,0027300000	True
Spd_RF2_250_321_4107.txt	45	49	47,43	0,0031100000	True
Spd_RF2_250_321_4115.txt	46	51	48,27	0,0027000000	True
Spd_RF2_250_321_4123.txt	46	50	48,03	0,0017000000	True
Spd_RF2_250_345_4131.txt	36	43	40,09	0,0037500000	True
Spd_RF2_250_345_4139.txt	41	48	44,02	0,0030200000	True
Spd_RF2_250_345_4147.txt	40	45	41,89	0,0039200000	True
Spd_RF2_250_345_4155.txt	37	45	40,11	0,0040800000	True
Spd_RF2_250_345_4163.txt	40	47	43,89	0,0032700000	True
Spd_RF2_250_369_4171.txt	32	42	37,4	0,0038900000	True
Spd_RF2_250_369_4179.txt	32	39	36,14	0,0050300000	True
Spd_RF2_250_369_4187.txt	30	40	35,13	0,0036600000	True
Spd_RF2_250_369_4195.txt	32	41	36,39	0,0040500000	True
Spd_RF2_250_369_4203.txt	33	41	37,18	0,0047500000	True
Spd_RF2_300_326_4211.txt	82	84	83,04	0,0013700000	True
Spd_RF2_300_326_4219.txt	81	82	81,95	0,0013700000	True
Spd_RF2_300_326_4227.txt	82	83	82,77	0,0012400000	True
Spd_RF2_300_326_4235.txt	81	83	82	0,0016000000	True
Spd_RF2_300_326_4243.txt	82	84	82,73	0,0013200000	True
Spd_RF2_300_353_4251.txt	68	71	68,98	0,0017400000	True
Spd_RF2_300_353_4259.txt	67	71	69,31	0,0018300000	True
Spd_RF2_300_353_4267.txt	70	75	72,7	0,0027200000	True
Spd_RF2_300_353_4275.txt	70	73	71,59	0,0025000000	True
Spd_RF2_300_353_4283.txt	70	73	71,26	0,0021900000	True
Spd_RF2_300_380_4291.txt	60	65	61,71	0,0031000000	True
Spd_RF2_300_380_4299.txt	58	63	60,08	0,0034000000	True
Spd_RF2_300_380_4307.txt	57	63	60,25	0,0040200000	True
Spd_RF2_300_380_4315.txt	55	61	58,13	0,0045400000	True
Spd_RF2_300_380_4323.txt	58	64	61,44	0,0031900000	True
Spd_RF2_300_407_4331.txt	52	59	55,16	0,0037100000	True
Spd_RF2_300_407_4339.txt	52	58	54,95	0,0038900000	True
Spd_RF2_300_407_4347.txt	51	57	54,04	0,0040300000	True
Spd_RF2_300_407_4355.txt	48	56	51,32	0,0039900000	True
Spd_RF2_300_407_4363.txt	51	59	54,35	0,0043200000	True
Spd_RF2_300_434_4371.txt	43	51	46,64	0,0047100000	True
Spd_RF2_300_434_4379.txt	41	50	46	0,0042700000	True
Spd_RF2_300_434_4387.txt	44	51	46,8	0,0054100000	True
Spd_RF2_300_434_4395.txt	44	55	49,53	0,0052300000	True
Spd_RF2_300_434_4403.txt	45	54	48,41	0,0040100000	True
Spd_RF2_350_378_4411.txt	97	99	97,91	0,0020300000	True
Spd_RF2_350_378_4419.txt	94	95	94,69	0,0019100000	True
Spd_RF2_350_378_4427.txt	96	99	97,28	0,0015900000	True
Spd_RF2_350_378_4435.txt	94	95	94,65	0,0015900000	True
Spd_RF2_350_378_4443.txt	95	98	96,04	0,0020900000	True
Spd_RF2_350_406_4451.txt	82	85	83,47	0,0024200000	True
Spd_RF2_350_406_4459.txt	82	85	83,57	0,0027600000	True
Spd_RF2_350_406_4467.txt	83	87	84,7	0,0023400000	True
Spd_RF2_350_406_4475.txt	81	85	82,93	0,0028000000	True
Spd_RF2_350_406_4483.txt	82	86	84,08	0,0030200000	True
Spd_RF2_350_435_4491.txt	68	75	71,41	0,0043300000	True
Spd_RF2_350_435_4499.txt	68	74	71,14	0,0045500000	True
Spd_RF2_350_435_4507.txt	67	77	70,88	0,0040900000	True
Spd_RF2_350_435_4515.txt	71	76	73,1	0,0037300000	True
Spd_RF2_350_435_4523.txt	70	78	73,52	0,0036100000	True
Spd_RF2_350_463_4531.txt	66	73	68,88	0,0039700000	True
Spd_RF2_350_463_4539.txt	61	68	64,93	0,0055100000	True
Spd_RF2_350_463_4547.txt	63	71	66,08	0,0057400000	True
Spd_RF2_350_463_4555.txt	60	68	64,33	0,0053600000	True
Spd_RF2_350_463_4563.txt	60	70	64,96	0,0055000000	True
Spd_RF2_350_492_4571.txt	53	62	57,36	0,0058900000	True
Spd_RF2_350_492_4579.txt	55	66	61,15	0,0058100000	True
Spd_RF2_350_492_4587.txt	52	60	55,83	0,0068200000	True
Spd_RF2_350_492_4595.txt	48	58	53,51	0,0063900000	True
Spd_RF2_350_492_4603.txt	55	63	58,75	0,0060700000	True
Spd_RF2_400_429_4611.txt	113	117	114,28	0,0018700000	True
Spd_RF2_400_429_4619.txt	113	115	113,6	0,0023300000	True
Spd_RF2_400_429_4627.txt	113	115	113,39	0,0018800000	True
Spd_RF2_400_429_4635.txt	112	113	112,15	0,0022200000	True
Spd_RF2_400_429_4643.txt	115	116	115,12	0,0013900000	True
Spd_RF2_400_459_4651.txt	97	101	99,29	0,0033200000	True
Spd_RF2_400_459_4659.txt	95	98	96,48	0,0034500000	True
Spd_RF2_400_459_4667.txt	97	101	98,57	0,0046900000	True
Spd_RF2_400_459_4675.txt	98	103	99,68	0,0033700000	True
Spd_RF2_400_459_4683.txt	95	99	97,48	0,0041300000	True
Spd_RF2_400_489_4691.txt	80	87	83,02	0,0049200000	True
Spd_RF2_400_489_4699.txt	85	92	87,48	0,0046400000	True
Spd_RF2_400_489_4707.txt	84	90	87,24	0,0052200000	True
Spd_RF2_400_489_4715.txt	82	88	85,42	0,0049900000	True
Spd_RF2_400_489_4723.txt	86	91	88,19	0,0049400000	True
Spd_RF2_400_519_4731.txt	75	82	78,46	0,0058100000	True
Spd_RF2_400_519_4739.txt	70	78	74,45	0,0061800000	True
Spd_RF2_400_519_4747.txt	78	84	80,39	0,0050400000	True
Spd_RF2_400_519_4755.txt	75	82	78,73	0,0061400000	True
Spd_RF2_400_519_4763.txt	73	80	76,58	0,0053500000	True
Spd_RF2_400_549_4771.txt	64	71	67,44	0,0065700000	True
Spd_RF2_400_549_4779.txt	61	71	66,21	0,0057700000	True
Spd_RF2_400_549_4787.txt	64	74	68,75	0,0070700000	True
Spd_RF2_400_549_4795.txt	62	71	66,58	0,0064000000	True
Spd_RF2_400_549_4803.txt	66	73	69,56	0,0051100000	True
Spd_RF2_40_50_611.txt	8	10	9,27	0,0003000000	True
Spd_RF2_40_50_619.txt	7	8	7,18	0,0002100000	True
Spd_RF2_40_50_627.txt	7	9	7,74	0,0001900000	True
Spd_RF2_40_50_635.txt	8	10	8,7	0,0003300000	True
Spd_RF2_40_50_643.txt	7	9	7,89	0,0003400000	True
Spd_RF2_40_60_651.txt	4	6	4,77	0,0006500000	True
Spd_RF2_40_60_659.txt	4	6	4,46	0,0007000000	True
Spd_RF2_40_60_667.txt	4	7	5,5	0,0007400000	True
Spd_RF2_40_60_675.txt	3	7	5,12	0,0007200000	True
Spd_RF2_40_60_683.txt	4	7	5,82	0,0004700000	True
Spd_RF2_40_71_691.txt	2	5	3,49	0,0007100000	True
Spd_RF2_40_71_699.txt	3	6	4,4	0,0005700000	True
Spd_RF2_40_71_707.txt	2	6	3,69	0,0005700000	True
Spd_RF2_40_71_715.txt	3	7	4,82	0,0006600000	True
Spd_RF2_40_71_723.txt	2	6	4,12	0,0006400000	True
Spd_RF2_40_81_731.txt	1	5	2,96	0,0007400000	True
Spd_RF2_40_81_739.txt	1	5	3,02	0,0008200000	True
Spd_RF2_40_81_747.txt	2	5	3,76	0,0007500000	True
Spd_RF2_40_81_755.txt	2	6	3,75	0,0006700000	True
Spd_RF2_40_81_763.txt	2	5	3,33	0,0007100000	True
Spd_RF2_40_92_771.txt	1	6	3,09	0,0006400000	True
Spd_RF2_40_92_779.txt	2	5	3,26	0,0002600000	True
Spd_RF2_40_92_787.txt	2	5	3,24	0,0007700000	True
Spd_RF2_40_92_795.txt	1	5	3,03	0,0007700000	True
Spd_RF2_40_92_803.txt	2	6	2,77	0,0007800000	True
Spd_RF2_450_482_4811.txt	126	128	127,33	0,0023700000	True
Spd_RF2_450_482_4819.txt	126	127	126,57	0,0024300000	True
Spd_RF2_450_482_4827.txt	128	130	129,14	0,0023700000	True
Spd_RF2_450_482_4835.txt	127	129	128,45	0,0026700000	True
Spd_RF2_450_482_4843.txt	127	127	127	0,0017900000	True
Spd_RF2_450_515_4851.txt	109	114	111,63	0,0025600000	True
Spd_RF2_450_515_4859.txt	112	117	114,3	0,0042800000	True
Spd_RF2_450_515_4867.txt	109	112	110,52	0,0032900000	True
Spd_RF2_450_515_4875.txt	111	115	112,61	0,0038200000	True
Spd_RF2_450_515_4883.txt	109	113	111,04	0,0044200000	True
Spd_RF2_450_548_4891.txt	95	101	97,97	0,0045000000	True
Spd_RF2_450_548_4899.txt	91	97	93,94	0,0047600000	True
Spd_RF2_450_548_4907.txt	94	100	97,22	0,0064300000	True
Spd_RF2_450_548_4915.txt	91	99	94,86	0,0046800000	True
Spd_RF2_450_548_4923.txt	97	104	100,32	0,0053200000	True
Spd_RF2_450_581_4931.txt	81	90	86,2	0,0055800000	True
Spd_RF2_450_581_4939.txt	82	89	85,79	0,0056900000	True
Spd_RF2_450_581_4947.txt	85	92	87,31	0,0065300000	True
Spd_RF2_450_581_4955.txt	82	91	86,75	0,0072300000	True
Spd_RF2_450_581_4963.txt	83	91	86,56	0,0061600000	True
Spd_RF2_450_614_4971.txt	73	84	78,12	0,0074800000	True
Spd_RF2_450_614_4979.txt	77	87	81,73	0,0077400000	True
Spd_RF2_450_614_4987.txt	73	83	77,55	0,0075700000	True
Spd_RF2_450_614_4995.txt	76	85	80,12	0,0070600000	True
Spd_RF2_450_614_5003.txt	75	85	79,69	0,0088200000	True
Spd_RF2_500_534_5011.txt	142	145	144,07	0,0027700000	True
Spd_RF2_500_534_5019.txt	143	145	144,4	0,0028100000	True
Spd_RF2_500_534_5027.txt	142	145	143,31	0,0022900000	True
Spd_RF2_500_534_5035.txt	147	147	147	0,0022300000	True
Spd_RF2_500_534_5043.txt	141	144	142,26	0,0026100000	True
Spd_RF2_500_568_5051.txt	124	128	125,16	0,0039000000	True
Spd_RF2_500_568_5059.txt	123	127	124,87	0,0041900000	True
Spd_RF2_500_568_5067.txt	125	129	126,93	0,0042100000	True
Spd_RF2_500_568_5075.txt	124	128	125,95	0,0037500000	True
Spd_RF2_500_568_5083.txt	123	127	124,6	0,0034600000	True
Spd_RF2_500_603_5091.txt	113	117	114,65	0,0044600000	True
Spd_RF2_500_603_5099.txt	108	113	111,19	0,0053800000	True
Spd_RF2_500_603_5107.txt	112	118	114,74	0,0049800000	True
Spd_RF2_500_603_5115.txt	111	115	112,6	0,0058300000	True
Spd_RF2_500_603_5123.txt	106	114	109,89	0,0068600000	True
Spd_RF2_500_637_5131.txt	99	106	102,52	0,0065600000	True
Spd_RF2_500_637_5139.txt	99	105	101,7	0,0069200000	True
Spd_RF2_500_637_5147.txt	94	103	97,47	0,0063500000	True
Spd_RF2_500_637_5155.txt	93	102	97,44	0,0081800000	True
Spd_RF2_500_637_5163.txt	90	98	94,44	0,0062900000	True
Spd_RF2_500_672_5171.txt	88	95	91,36	0,0086400000	True
Spd_RF2_500_672_5179.txt	85	96	89,31	0,0094200000	True
Spd_RF2_500_672_5187.txt	80	91	86,23	0,0095500000	True
Spd_RF2_500_672_5195.txt	86	94	88,95	0,0075000000	True
Spd_RF2_500_672_5203.txt	86	96	90,05	0,0083800000	True
Spd_RF2_600_637_5211.txt	184	188	186,84	0,0027900000	True
Spd_RF2_600_637_5219.txt	185	186	185,94	0,0024000000	True
Spd_RF2_600_637_5227.txt	186	189	188,15	0,0029500000	True
Spd_RF2_600_637_5235.txt	185	186	185,02	0,0017700000	True
Spd_RF2_600_637_5243.txt	183	184	183,9	0,0020500000	True
Spd_RF2_600_674_5251.txt	168	172	169,59	0,0032700000	True
Spd_RF2_600_674_5259.txt	170	172	170,91	0,0030800000	True
Spd_RF2_600_674_5267.txt	171	173	171,48	0,0027300000	True
Spd_RF2_600_674_5275.txt	169	173	170,94	0,0028700000	True
Spd_RF2_600_674_5283.txt	172	175	173,09	0,0032400000	True
Spd_RF2_600_712_5291.txt	152	158	155,39	0,0035000000	True
Spd_RF2_600_712_5299.txt	157	160	158,44	0,0035300000	True
Spd_RF2_600_712_5307.txt	154	157	155,27	0,0031200000	True
Spd_RF2_600_712_5315.txt	155	159	157,03	0,0033600000	True
Spd_RF2_600_712_5323.txt	154	158	155,84	0,0033900000	True
Spd_RF2_600_749_5331.txt	140	146	142,52	0,0041400000	True
Spd_RF2_600_749_5339.txt	142	146	144,54	0,0030800000	True
Spd_RF2_600_749_5347.txt	146	150	147,38	0,0034900000	True
Spd_RF2_600_749_5355.txt	146	149	147,88	0,0028100000	True
Spd_RF2_600_749_5363.txt	141	147	143,7	0,0034500000	True
Spd_RF2_600_787_5371.txt	132	138	135,43	0,0047800000	True
Spd_RF2_600_787_5379.txt	130	136	132,25	0,0046400000	True
Spd_RF2_600_787_5387.txt	131	136	133,86	0,0038600000	True
Spd_RF2_600_787_5395.txt	133	138	135,22	0,0033800000	True
Spd_RF2_600_787_5403.txt	131	136	133,3	0,0028700000	True
Spd_RF2_60_107_1131.txt	4	9	6,71	0,0011400000	True
Spd_RF2_60_107_1139.txt	5	8	6,56	0,0008200000	True
Spd_RF2_60_107_1147.txt	4	9	6,65	0,0011100000	True
Spd_RF2_60_107_1155.txt	5	10	7,12	0,0009100000	True
Spd_RF2_60_107_1163.txt	5	9	6,98	0,0011900000	True
Spd_RF2_60_119_1171.txt	3	8	5,62	0,0012300000	True
Spd_RF2_60_119_1179.txt	3	8	5,74	0,0012300000	True
Spd_RF2_60_119_1187.txt	3	8	5,21	0,0012300000	True
Spd_RF2_60_119_1195.txt	3	8	5,27	0,0010300000	True
Spd_RF2_60_119_1203.txt	4	9	6,01	0,0012700000	True
Spd_RF2_60_71_1011.txt	11	14	12,04	0,0006000000	True
Spd_RF2_60_71_1019.txt	14	14	14	0,0003400000	True
Spd_RF2_60_71_1027.txt	14	15	14,13	0,0005200000	True
Spd_RF2_60_71_1035.txt	12	13	12,17	0,0004800000	True
Spd_RF2_60_71_1043.txt	16	16	16	0,0003100000	True
Spd_RF2_60_83_1051.txt	8	12	9,87	0,0008700000	True
Spd_RF2_60_83_1059.txt	7	11	8,79	0,0007500000	True
Spd_RF2_60_83_1067.txt	8	11	9,83	0,0007400000	True
Spd_RF2_60_83_1075.txt	10	13	11,43	0,0006200000	True
Spd_RF2_60_83_1083.txt	8	11	9,67	0,0006900000	True
Spd_RF2_60_95_1091.txt	7	11	8,66	0,0008700000	True
Spd_RF2_60_95_1099.txt	7	11	8,08	0,0009300000	True
Spd_RF2_60_95_1107.txt	4	9	6,63	0,0010600000	True
Spd_RF2_60_95_1115.txt	7	9	8,07	0,0005800000	True
Spd_RF2_60_95_1123.txt	5	10	7,6	0,0009300000	True
Spd_RF2_700_740_5411.txt	217	219	218,31	0,0025600000	True
Spd_RF2_700_740_5419.txt	215	217	215,95	0,0020400000	True
Spd_RF2_700_740_5427.txt	217	218	217,94	0,0025700000	True
Spd_RF2_700_740_5435.txt	216	217	216,96	0,0031300000	True
Spd_RF2_700_740_5443.txt	216	218	217,33	0,0029200000	True
Spd_RF2_700_780_5451.txt	201	205	203,24	0,0037700000	True
Spd_RF2_700_780_5459.txt	202	204	203,41	0,0047700000	True
Spd_RF2_700_780_5467.txt	202	204	203,16	0,0037100000	True
Spd_RF2_700_780_5475.txt	198	201	199,21	0,0038100000	True
Spd_RF2_700_780_5483.txt	202	205	203,52	0,0032000000	True
Spd_RF2_700_821_5491.txt	183	185	183,77	0,0039600000	True
Spd_RF2_700_821_5499.txt	181	185	182,98	0,0038000000	True
Spd_RF2_700_821_5507.txt	185	189	187,42	0,0036500000	True
Spd_RF2_700_821_5515.txt	185	188	186,38	0,0046400000	True
Spd_RF2_700_821_5523.txt	186	190	188,31	0,0049000000	True
Spd_RF2_700_861_5531.txt	169	174	171,91	0,0047100000	True
Spd_RF2_700_861_5539.txt	171	175	173,45	0,0035700000	True
Spd_RF2_700_861_5547.txt	169	174	171,13	0,0046300000	True
Spd_RF2_700_861_5555.txt	169	174	171,78	0,0035900000	True
Spd_RF2_700_861_5563.txt	166	170	167,86	0,0041700000	True
Spd_RF2_700_902_5571.txt	162	168	165,09	0,0032500000	True
Spd_RF2_700_902_5579.txt	156	164	159,78	0,0049300000	True
Spd_RF2_700_902_5587.txt	161	167	164,22	0,0052700000	True
Spd_RF2_700_902_5595.txt	157	161	159,06	0,0050100000	True
Spd_RF2_700_902_5603.txt	159	165	162,66	0,0041200000	True
Spd_RF2_800_1017_5771.txt	183	189	186,12	0,0059000000	True
Spd_RF2_800_1017_5779.txt	180	187	182,57	0,0069900000	True
Spd_RF2_800_1017_5787.txt	184	189	186,52	0,0062600000	True
Spd_RF2_800_1017_5795.txt	185	190	187,23	0,0049500000	True
Spd_RF2_800_1017_5803.txt	182	189	185,5	0,0056400000	True
Spd_RF2_800_843_5611.txt	248	251	248,9	0,0038800000	True
Spd_RF2_800_843_5619.txt	246	248	246,67	0,0032400000	True
Spd_RF2_800_843_5627.txt	248	249	248,66	0,0036800000	True
Spd_RF2_800_843_5635.txt	249	250	249,56	0,0032100000	True
Spd_RF2_800_843_5643.txt	248	249	248,26	0,0034300000	True
Spd_RF2_800_886_5651.txt	232	234	233,18	0,0043000000	True
Spd_RF2_800_886_5659.txt	232	234	233,19	0,0038400000	True
Spd_RF2_800_886_5667.txt	229	231	230,13	0,0044300000	True
Spd_RF2_800_886_5675.txt	231	233	232,12	0,0033100000	True
Spd_RF2_800_886_5683.txt	230	233	231,19	0,0044800000	True
Spd_RF2_800_930_5691.txt	214	217	215,58	0,0044500000	True
Spd_RF2_800_930_5699.txt	212	215	213,61	0,0054100000	True
Spd_RF2_800_930_5707.txt	213	216	214,53	0,0047100000	True
Spd_RF2_800_930_5715.txt	215	219	216,85	0,0044500000	True
Spd_RF2_800_930_5723.txt	212	216	213,93	0,0057100000	True
Spd_RF2_800_973_5731.txt	203	208	204,94	0,0047800000	True
Spd_RF2_800_973_5739.txt	191	197	194,22	0,0061900000	True
Spd_RF2_800_973_5747.txt	201	206	204,05	0,0058500000	True
Spd_RF2_800_973_5755.txt	199	204	201,37	0,0055900000	True
Spd_RF2_800_973_5763.txt	201	206	202,97	0,0060000000	True
Spd_RF2_80_106_1451.txt	12	16	13,72	0,0008500000	True
Spd_RF2_80_106_1459.txt	12	16	14,03	0,0006300000	True
Spd_RF2_80_106_1467.txt	13	18	14,69	0,0008000000	True
Spd_RF2_80_106_1475.txt	13	16	14,02	0,0007700000	True
Spd_RF2_80_106_1483.txt	12	15	13,38	0,0009200000	True
Spd_RF2_80_120_1491.txt	9	13	10,67	0,0012900000	True
Spd_RF2_80_120_1499.txt	10	15	12,01	0,0014700000	True
Spd_RF2_80_120_1507.txt	8	14	11,39	0,0012600000	True
Spd_RF2_80_120_1515.txt	11	15	12,48	0,0012300000	True
Spd_RF2_80_120_1523.txt	11	15	12,96	0,0010800000	True
Spd_RF2_80_133_1531.txt	7	13	9,49	0,0016000000	True
Spd_RF2_80_133_1539.txt	7	13	9,91	0,0012900000	True
Spd_RF2_80_133_1547.txt	5	12	8,59	0,0013400000	True
Spd_RF2_80_133_1555.txt	7	11	8,94	0,0011900000	True
Spd_RF2_80_133_1563.txt	8	12	9,93	0,0009100000	True
Spd_RF2_80_147_1571.txt	4	11	7,55	0,0013400000	True
Spd_RF2_80_147_1579.txt	5	10	7,36	0,0012500000	True
Spd_RF2_80_147_1587.txt	6	11	8,22	0,0015700000	True
Spd_RF2_80_147_1595.txt	6	11	8,52	0,0016200000	True
Spd_RF2_80_147_1603.txt	5	10	6,91	0,0012800000	True
Spd_RF2_80_93_1411.txt	17	17	17	0,0004700000	True
Spd_RF2_80_93_1419.txt	16	18	16,78	0,0004800000	True
Spd_RF2_80_93_1427.txt	18	18	18	0,0002700000	True
Spd_RF2_80_93_1435.txt	16	17	16,78	0,0005000000	True
Spd_RF2_80_93_1443.txt	17	20	18,29	0,0006600000	True
Spd_RF2_900_1034_5891.txt	246	249	247,03	0,0049900000	True
Spd_RF2_900_1034_5899.txt	245	249	247,4	0,0068100000	True
Spd_RF2_900_1034_5907.txt	244	248	245,76	0,0062000000	True
Spd_RF2_900_1034_5915.txt	245	250	247,56	0,0052100000	True
Spd_RF2_900_1034_5923.txt	245	250	247,2	0,0048800000	True
Spd_RF2_900_1079_5931.txt	229	233	230,63	0,0060100000	True
Spd_RF2_900_1079_5939.txt	230	234	232,26	0,0074100000	True
Spd_RF2_900_1079_5947.txt	232	236	234,13	0,0059700000	True
Spd_RF2_900_1079_5955.txt	229	234	231,1	0,0060400000	True
Spd_RF2_900_1079_5963.txt	229	235	231,78	0,0067700000	True
Spd_RF2_900_1124_5971.txt	217	222	219,77	0,0058000000	True
Spd_RF2_900_1124_5979.txt	216	221	218,75	0,0049200000	True
Spd_RF2_900_1124_5987.txt	209	215	212,17	0,0070000000	True
Spd_RF2_900_1124_5995.txt	212	217	213,62	0,0047000000	True
Spd_RF2_900_1124_6003.txt	209	216	212,4	0,0064600000	True
Spd_RF2_900_944_5811.txt	282	284	282,3	0,0045000000	True
Spd_RF2_900_944_5819.txt	282	284	282,85	0,0043900000	True
Spd_RF2_900_944_5827.txt	281	284	282,25	0,0045200000	True
Spd_RF2_900_944_5835.txt	283	285	284,11	0,0053200000	True
Spd_RF2_900_944_5843.txt	282	283	282,24	0,0057900000	True
Spd_RF2_900_989_5851.txt	263	267	264,4	0,0055300000	True
Spd_RF2_900_989_5859.txt	264	267	265,38	0,0061800000	True
Spd_RF2_900_989_5867.txt	266	268	266,86	0,0044500000	True
Spd_RF2_900_989_5875.txt	264	268	266,43	0,0047400000	True
Spd_RF2_900_989_5883.txt	260	264	262,1	0,0050200000	True
