Spd_RF2_1000_1047_6011.txt	314	315	314,84	0,0050600000	True
Spd_RF2_1000_1047_6019.txt	315	317	316,4	0,0053300000	True
Spd_RF2_1000_1047_6027.txt	315	316	315,68	0,0051100000	True
Spd_RF2_1000_1047_6035.txt	315	318	316,48	0,0050300000	True
Spd_RF2_1000_1047_6043.txt	314	316	315,34	0,0040100000	True
Spd_RF2_1000_1095_6051.txt	294	298	296,44	0,0064200000	True
Spd_RF2_1000_1095_6059.txt	295	299	296,77	0,0060500000	True
Spd_RF2_1000_1095_6067.txt	294	297	296,11	0,0077800000	True
Spd_RF2_1000_1095_6075.txt	292	296	294,51	0,0060800000	True
Spd_RF2_1000_1095_6083.txt	294	296	294,96	0,0052300000	True
Spd_RF2_1000_1143_6091.txt	276	280	277,98	0,0066500000	True
Spd_RF2_1000_1143_6099.txt	275	280	277,58	0,0059100000	True
Spd_RF2_1000_1143_6107.txt	277	280	278,22	0,0063200000	True
Spd_RF2_1000_1143_6115.txt	279	283	280,68	0,0069600000	True
Spd_RF2_1000_1143_6123.txt	274	277	275,35	0,0067100000	True
Spd_RF2_1000_1191_6131.txt	255	261	258,22	0,0089700000	True
Spd_RF2_1000_1191_6139.txt	257	261	259,07	0,0071100000	True
Spd_RF2_1000_1191_6147.txt	257	262	259,26	0,0074900000	True
Spd_RF2_1000_1191_6155.txt	259	265	261,4	0,0066900000	True
Spd_RF2_1000_1191_6163.txt	258	264	261,27	0,0075400000	True
Spd_RF2_1000_1239_6171.txt	238	243	240,45	0,0059000000	True
Spd_RF2_1000_1239_6179.txt	243	248	245,29	0,0063300000	True
Spd_RF2_1000_1239_6187.txt	240	246	243,31	0,0078000000	True
Spd_RF2_1000_1239_6195.txt	245	252	248,7	0,0083100000	True
Spd_RF2_1000_1239_6203.txt	244	252	247,08	0,0086300000	True
Spd_RF2_100_114_1811.txt	27	27	27	0,0003500000	True
Spd_RF2_100_114_1819.txt	23	26	24,25	0,0006000000	True
Spd_RF2_100_114_1827.txt	23	24	23,24	0,0004900000	True
Spd_RF2_100_114_1835.txt	23	23	23	0,0003100000	True
Spd_RF2_100_114_1843.txt	25	26	25,09	0,0004300000	True
Spd_RF2_100_129_1851.txt	18	22	19,83	0,0006400000	True
Spd_RF2_100_129_1859.txt	18	22	19,45	0,0006600000	True
Spd_RF2_100_129_1867.txt	17	22	19,02	0,0010400000	True
Spd_RF2_100_129_1875.txt	17	19	18,01	0,0008200000	True
Spd_RF2_100_129_1883.txt	15	21	18,08	0,0008000000	True
Spd_RF2_100_144_1891.txt	14	19	16,27	0,0010600000	True
Spd_RF2_100_144_1899.txt	13	17	15,27	0,0011100000	True
Spd_RF2_100_144_1907.txt	15	21	17,5	0,0008500000	True
Spd_RF2_100_144_1915.txt	12	17	14,14	0,0013600000	True
Spd_RF2_100_144_1923.txt	14	19	16,05	0,0011300000	True
Spd_RF2_100_159_1931.txt	11	16	13,06	0,0014600000	True
Spd_RF2_100_159_1939.txt	11	16	13,4	0,0011900000	True
Spd_RF2_100_159_1947.txt	10	16	11,99	0,0015200000	True
Spd_RF2_100_159_1955.txt	10	17	12,89	0,0015300000	True
Spd_RF2_100_159_1963.txt	12	17	14,64	0,0013300000	True
Spd_RF2_100_174_1971.txt	9	15	11,67	0,0012100000	True
Spd_RF2_100_174_1979.txt	9	16	12,09	0,0012300000	True
Spd_RF2_100_174_1987.txt	12	16	14,05	0,0013700000	True
Spd_RF2_100_174_1995.txt	10	15	11,95	0,0014000000	True
Spd_RF2_100_174_2003.txt	8	14	11,13	0,0013900000	True
Spd_RF2_120_136_2211.txt	31	31	31	0,0003100000	True
Spd_RF2_120_136_2219.txt	29	30	29,12	0,0005400000	True
Spd_RF2_120_136_2227.txt	30	30	30	0,0006000000	True
Spd_RF2_120_136_2235.txt	30	31	30,24	0,0005300000	True
Spd_RF2_120_136_2243.txt	30	33	31,53	0,0006300000	True
Spd_RF2_120_152_2251.txt	21	25	23,07	0,0010000000	True
Spd_RF2_120_152_2259.txt	23	27	24,67	0,0011000000	True
Spd_RF2_120_152_2267.txt	23	28	24,83	0,0008800000	True
Spd_RF2_120_152_2275.txt	22	26	24,13	0,0010200000	True
Spd_RF2_120_152_2283.txt	24	26	24,89	0,0006400000	True
Spd_RF2_120_169_2291.txt	18	23	20,36	0,0014500000	True
Spd_RF2_120_169_2299.txt	18	25	19,94	0,0011300000	True
Spd_RF2_120_169_2307.txt	16	22	18,85	0,0015200000	True
Spd_RF2_120_169_2315.txt	18	23	20,85	0,0015400000	True
Spd_RF2_120_169_2323.txt	18	23	20,4	0,0012300000	True
Spd_RF2_120_185_2331.txt	14	20	16,58	0,0019400000	True
Spd_RF2_120_185_2339.txt	15	21	17,44	0,0014900000	True
Spd_RF2_120_185_2347.txt	16	21	17,96	0,0012700000	True
Spd_RF2_120_185_2355.txt	13	18	14,73	0,0014400000	True
Spd_RF2_120_185_2363.txt	13	19	16,12	0,0010700000	True
Spd_RF2_120_202_2371.txt	12	18	14,46	0,0014900000	True
Spd_RF2_120_202_2379.txt	15	20	17,61	0,0012600000	True
Spd_RF2_120_202_2387.txt	11	17	14,26	0,0010600000	True
Spd_RF2_120_202_2395.txt	12	17	14,31	0,0011700000	True
Spd_RF2_120_202_2403.txt	14	20	16,49	0,0019200000	True
Spd_RF2_140_157_2611.txt	35	37	35,2	0,0005700000	True
Spd_RF2_140_157_2619.txt	34	35	34,34	0,0005000000	True
Spd_RF2_140_157_2627.txt	35	37	36,08	0,0008300000	True
Spd_RF2_140_157_2635.txt	34	35	34,61	0,0006700000	True
Spd_RF2_140_157_2643.txt	34	35	34,38	0,0006000000	True
Spd_RF2_140_175_2651.txt	25	30	27,35	0,0011100000	True
Spd_RF2_140_175_2659.txt	29	32	30,09	0,0011500000	True
Spd_RF2_140_175_2667.txt	26	31	28,39	0,0013100000	True
Spd_RF2_140_175_2675.txt	26	29	27,4	0,0009900000	True
Spd_RF2_140_175_2683.txt	29	32	30,33	0,0009600000	True
Spd_RF2_140_193_2691.txt	20	25	22,7	0,0011100000	True
Spd_RF2_140_193_2699.txt	22	27	23,82	0,0020200000	True
Spd_RF2_140_193_2707.txt	21	27	23,39	0,0015600000	True
Spd_RF2_140_193_2715.txt	22	27	25,04	0,0019000000	True
Spd_RF2_140_193_2723.txt	21	27	23,85	0,0020900000	True
Spd_RF2_140_211_2731.txt	17	24	20,7	0,0017000000	True
Spd_RF2_140_211_2739.txt	21	27	22,83	0,0021300000	True
Spd_RF2_140_211_2747.txt	19	25	22,19	0,0017700000	True
Spd_RF2_140_211_2755.txt	17	22	19,99	0,0017900000	True
Spd_RF2_140_211_2763.txt	18	25	20,79	0,0019400000	True
Spd_RF2_140_229_2771.txt	14	22	17,76	0,0024700000	True
Spd_RF2_140_229_2779.txt	13	21	16,85	0,0022500000	True
Spd_RF2_140_229_2787.txt	15	22	18,87	0,0025000000	True
Spd_RF2_140_229_2795.txt	14	22	18,06	0,0017400000	True
Spd_RF2_140_229_2803.txt	15	22	18,71	0,0023700000	True
Spd_RF2_160_179_3011.txt	39	41	39,91	0,0007200000	True
Spd_RF2_160_179_3019.txt	40	41	40,58	0,0007600000	True
Spd_RF2_160_179_3027.txt	42	44	43,02	0,0009500000	True
Spd_RF2_160_179_3035.txt	40	43	41,44	0,0009300000	True
Spd_RF2_160_179_3043.txt	40	42	40,94	0,0005600000	True
Spd_RF2_160_198_3051.txt	33	36	34,74	0,0009200000	True
Spd_RF2_160_198_3059.txt	30	35	32,74	0,0016800000	True
Spd_RF2_160_198_3067.txt	32	35	33,48	0,0010300000	True
Spd_RF2_160_198_3075.txt	32	35	33,31	0,0013600000	True
Spd_RF2_160_198_3083.txt	33	37	34,74	0,0011800000	True
Spd_RF2_160_218_3091.txt	25	30	27,42	0,0018100000	True
Spd_RF2_160_218_3099.txt	28	33	29,82	0,0018700000	True
Spd_RF2_160_218_3107.txt	24	32	27,48	0,0020500000	True
Spd_RF2_160_218_3115.txt	25	29	27,27	0,0014100000	True
Spd_RF2_160_218_3123.txt	26	31	28,41	0,0015400000	True
Spd_RF2_160_237_3131.txt	23	29	26,04	0,0020100000	True
Spd_RF2_160_237_3139.txt	20	28	22,89	0,0024100000	True
Spd_RF2_160_237_3147.txt	21	28	24,76	0,0027100000	True
Spd_RF2_160_237_3155.txt	21	27	23,71	0,0027200000	True
Spd_RF2_160_237_3163.txt	21	28	24,62	0,0022400000	True
Spd_RF2_160_257_3171.txt	19	27	22,44	0,0026800000	True
Spd_RF2_160_257_3179.txt	16	23	20,66	0,0026500000	True
Spd_RF2_160_257_3187.txt	18	24	20,8	0,0028200000	True
Spd_RF2_160_257_3195.txt	19	26	21,92	0,0030000000	True
Spd_RF2_160_257_3203.txt	19	26	21,73	0,0028000000	True
Spd_RF2_180_200_3411.txt	47	49	48,2	0,0006800000	True
Spd_RF2_180_200_3419.txt	48	51	49,11	0,0008300000	True
Spd_RF2_180_200_3427.txt	47	50	48,03	0,0009400000	True
Spd_RF2_180_200_3435.txt	46	48	47,04	0,0008300000	True
Spd_RF2_180_200_3443.txt	45	46	45,38	0,0010700000	True
Spd_RF2_180_221_3451.txt	34	39	36,72	0,0017500000	True
Spd_RF2_180_221_3459.txt	37	43	39,82	0,0020800000	True
Spd_RF2_180_221_3467.txt	35	39	36,98	0,0015500000	True
Spd_RF2_180_221_3475.txt	36	42	38,82	0,0019900000	True
Spd_RF2_180_221_3483.txt	39	42	40,94	0,0010600000	True
Spd_RF2_180_242_3491.txt	28	36	31,96	0,0025200000	True
Spd_RF2_180_242_3499.txt	29	35	31,59	0,0022500000	True
Spd_RF2_180_242_3507.txt	29	34	30,89	0,0020700000	True
Spd_RF2_180_242_3515.txt	27	33	30,09	0,0017300000	True
Spd_RF2_180_242_3523.txt	29	34	31,02	0,0024600000	True
Spd_RF2_180_263_3531.txt	24	31	26,91	0,0034900000	True
Spd_RF2_180_263_3539.txt	24	31	27,42	0,0026800000	True
Spd_RF2_180_263_3547.txt	24	32	27,64	0,0025500000	True
Spd_RF2_180_263_3555.txt	26	31	28,06	0,0022800000	True
Spd_RF2_180_263_3563.txt	26	33	29,23	0,0025000000	True
Spd_RF2_180_284_3571.txt	22	29	25,34	0,0035900000	True
Spd_RF2_180_284_3579.txt	22	30	25,75	0,0027600000	True
Spd_RF2_180_284_3587.txt	21	29	24,58	0,0035600000	True
Spd_RF2_180_284_3595.txt	23	31	27,23	0,0025600000	True
Spd_RF2_180_284_3603.txt	24	31	27,32	0,0025800000	True
Spd_RF2_200_222_3811.txt	51	52	51,34	0,0007100000	True
Spd_RF2_200_222_3819.txt	52	54	52,54	0,0008700000	True
Spd_RF2_200_222_3827.txt	51	52	51,57	0,0014500000	True
Spd_RF2_200_222_3835.txt	51	53	51,95	0,0008700000	True
Spd_RF2_200_222_3843.txt	52	53	52,34	0,0007800000	True
Spd_RF2_200_244_3851.txt	40	44	42,07	0,0014200000	True
Spd_RF2_200_244_3859.txt	43	47	44,81	0,0013100000	True
Spd_RF2_200_244_3867.txt	39	44	41,87	0,0014600000	True
Spd_RF2_200_244_3875.txt	40	45	42,25	0,0015400000	True
Spd_RF2_200_244_3883.txt	40	44	41,8	0,0019900000	True
Spd_RF2_200_267_3891.txt	34	40	36,49	0,0024600000	True
Spd_RF2_200_267_3899.txt	32	38	35,29	0,0022800000	True
Spd_RF2_200_267_3907.txt	32	38	34,86	0,0021000000	True
Spd_RF2_200_267_3915.txt	33	39	36,19	0,0023500000	True
Spd_RF2_200_267_3923.txt	32	38	35,91	0,0021400000	True
Spd_RF2_200_289_3931.txt	26	33	29,76	0,0032600000	True
Spd_RF2_200_289_3939.txt	30	35	32,58	0,0031200000	True
Spd_RF2_200_289_3947.txt	30	37	33,11	0,0023700000	True
Spd_RF2_200_289_3955.txt	28	36	32,61	0,0026100000	True
Spd_RF2_200_289_3963.txt	29	37	32,54	0,0027100000	True
Spd_RF2_200_312_3971.txt	25	33	28,81	0,0036800000	True
Spd_RF2_200_312_3979.txt	24	32	28,1	0,0033200000	True
Spd_RF2_200_312_3987.txt	26	32	28,62	0,0032400000	True
Spd_RF2_200_312_3995.txt	25	31	27,84	0,0039400000	True
Spd_RF2_200_312_4003.txt	26	34	30,28	0,0037300000	True
Spd_RF2_20_27_211.txt	1	3	2,02	0,0001900000	True
Spd_RF2_20_27_219.txt	2	4	2,69	0,0001200000	True
Spd_RF2_20_27_227.txt	2	4	2,84	0,0001800000	True
Spd_RF2_20_27_235.txt	3	4	3,22	0,0000900000	True
Spd_RF2_20_27_243.txt	4	4	4	0,0000700000	True
Spd_RF2_20_34_251.txt	1	4	1,99	0,0002800000	True
Spd_RF2_20_34_259.txt	1	4	2,15	0,0002400000	True
Spd_RF2_20_34_267.txt	1	4	2,26	0,0002200000	True
Spd_RF2_20_34_275.txt	2	4	2,52	0,0001700000	True
Spd_RF2_20_34_283.txt	1	3	1,75	0,0001800000	True
Spd_RF2_20_42_291.txt	1	2	1,47	0,0001900000	True
Spd_RF2_20_42_299.txt	1	3	1,56	0,0002700000	True
Spd_RF2_20_42_307.txt	1	3	1,61	0,0002000000	True
Spd_RF2_20_42_315.txt	0	3	1,46	0,0001300000	True
Spd_RF2_20_42_323.txt	0	2	1,12	0,0002600000	True
Spd_RF2_20_49_331.txt	0	2	0,83	0,0001600000	True
Spd_RF2_20_49_339.txt	0	2	0,88	0,0001500000	True
Spd_RF2_20_49_347.txt	0	2	0,84	0,0001900000	True
Spd_RF2_20_49_355.txt	0	3	0,91	0,0001500000	True
Spd_RF2_20_49_363.txt	0	2	0,78	0,0002200000	True
Spd_RF2_20_57_371.txt	0	2	0,89	0,0002400000	True
Spd_RF2_20_57_379.txt	0	2	0,79	0,0003600000	True
Spd_RF2_20_57_387.txt	0	2	0,88	0,0002200000	True
Spd_RF2_20_57_395.txt	0	2	0,49	0,0002100000	True
Spd_RF2_20_57_403.txt	0	2	0,68	0,0002200000	True
Spd_RF2_250_273_4011.txt	67	71	68,61	0,0010800000	True
Spd_RF2_250_273_4019.txt	66	69	67,13	0,0010000000	True
Spd_RF2_250_273_4027.txt	66	67	66,86	0,0008600000	True
Spd_RF2_250_273_4035.txt	68	69	68,28	0,0012000000	True
Spd_RF2_250_273_4043.txt	67	68	67,32	0,0010200000	True
Spd_RF2_250_297_4051.txt	52	57	54,59	0,0021600000	True
Spd_RF2_250_297_4059.txt	58	62	59,99	0,0020900000	True
Spd_RF2_250_297_4067.txt	52	56	54,01	0,0021800000	True
Spd_RF2_250_297_4075.txt	57	60	58,08	0,0019600000	True
Spd_RF2_250_297_4083.txt	55	59	56,88	0,0019900000	True
Spd_RF2_250_321_4091.txt	46	52	49,33	0,0028400000	True
Spd_RF2_250_321_4099.txt	46	52	49,12	0,0027900000	True
Spd_RF2_250_321_4107.txt	46	52	48,14	0,0032900000	True
Spd_RF2_250_321_4115.txt	45	52	48,61	0,0025900000	True
Spd_RF2_250_321_4123.txt	45	51	48,11	0,0015900000	True
Spd_RF2_250_345_4131.txt	38	45	41,27	0,0040800000	True
Spd_RF2_250_345_4139.txt	42	50	44,94	0,0035400000	True
Spd_RF2_250_345_4147.txt	40	46	42,59	0,0041200000	True
Spd_RF2_250_345_4155.txt	36	45	41,35	0,0043800000	True
Spd_RF2_250_345_4163.txt	40	49	44,88	0,0034800000	True
Spd_RF2_250_369_4171.txt	34	43	38,58	0,0043400000	True
Spd_RF2_250_369_4179.txt	33	41	37,09	0,0055100000	True
Spd_RF2_250_369_4187.txt	33	40	36,35	0,0041300000	True
Spd_RF2_250_369_4195.txt	34	41	37,81	0,0043000000	True
Spd_RF2_250_369_4203.txt	35	43	37,77	0,0048600000	True
Spd_RF2_300_326_4211.txt	82	84	83,19	0,0011500000	True
Spd_RF2_300_326_4219.txt	81	82	81,9	0,0011200000	True
Spd_RF2_300_326_4227.txt	82	83	82,51	0,0010600000	True
Spd_RF2_300_326_4235.txt	81	83	82,02	0,0013400000	True
Spd_RF2_300_326_4243.txt	82	84	82,87	0,0012000000	True
Spd_RF2_300_353_4251.txt	68	72	69,45	0,0015900000	True
Spd_RF2_300_353_4259.txt	67	72	69,41	0,0020500000	True
Spd_RF2_300_353_4267.txt	70	75	72,72	0,0025100000	True
Spd_RF2_300_353_4275.txt	69	74	71,69	0,0021800000	True
Spd_RF2_300_353_4283.txt	70	74	71,41	0,0020500000	True
Spd_RF2_300_380_4291.txt	60	65	62,75	0,0031600000	True
Spd_RF2_300_380_4299.txt	57	64	60,46	0,0039400000	True
Spd_RF2_300_380_4307.txt	58	64	60,61	0,0047100000	True
Spd_RF2_300_380_4315.txt	55	62	58,12	0,0050100000	True
Spd_RF2_300_380_4323.txt	59	66	61,76	0,0032300000	True
Spd_RF2_300_407_4331.txt	53	59	55,85	0,0039600000	True
Spd_RF2_300_407_4339.txt	52	57	55,1	0,0044600000	True
Spd_RF2_300_407_4347.txt	52	58	54,81	0,0042500000	True
Spd_RF2_300_407_4355.txt	49	57	52,34	0,0046800000	True
Spd_RF2_300_407_4363.txt	51	58	55,07	0,0048600000	True
Spd_RF2_300_434_4371.txt	44	53	48,16	0,0056700000	True
Spd_RF2_300_434_4379.txt	43	51	47,15	0,0052300000	True
Spd_RF2_300_434_4387.txt	44	53	47,82	0,0065300000	True
Spd_RF2_300_434_4395.txt	45	56	50,03	0,0057200000	True
Spd_RF2_300_434_4403.txt	46	53	49,47	0,0045800000	True
Spd_RF2_350_378_4411.txt	97	99	97,66	0,0016800000	True
Spd_RF2_350_378_4419.txt	93	95	94,45	0,0016300000	True
Spd_RF2_350_378_4427.txt	96	99	97,01	0,0012800000	True
Spd_RF2_350_378_4435.txt	94	95	94,36	0,0013200000	True
Spd_RF2_350_378_4443.txt	94	98	96,08	0,0017400000	True
Spd_RF2_350_406_4451.txt	82	85	83,75	0,0022600000	True
Spd_RF2_350_406_4459.txt	82	86	83,73	0,0026900000	True
Spd_RF2_350_406_4467.txt	83	87	85,18	0,0022000000	True
Spd_RF2_350_406_4475.txt	82	86	83,36	0,0028100000	True
Spd_RF2_350_406_4483.txt	82	87	84,17	0,0030000000	True
Spd_RF2_350_435_4491.txt	68	75	71,85	0,0047400000	True
Spd_RF2_350_435_4499.txt	68	75	71,82	0,0052800000	True
Spd_RF2_350_435_4507.txt	68	74	71,38	0,0041100000	True
Spd_RF2_350_435_4515.txt	70	78	73,98	0,0043500000	True
Spd_RF2_350_435_4523.txt	71	77	73,83	0,0038800000	True
Spd_RF2_350_463_4531.txt	66	73	69,85	0,0042800000	True
Spd_RF2_350_463_4539.txt	61	70	66,37	0,0059800000	True
Spd_RF2_350_463_4547.txt	64	70	66,61	0,0065200000	True
Spd_RF2_350_463_4555.txt	59	69	65,06	0,0065200000	True
Spd_RF2_350_463_4563.txt	60	71	65,91	0,0064400000	True
Spd_RF2_350_492_4571.txt	53	63	58,22	0,0071200000	True
Spd_RF2_350_492_4579.txt	58	66	62,11	0,0069200000	True
Spd_RF2_350_492_4587.txt	54	62	57,78	0,0083000000	True
Spd_RF2_350_492_4595.txt	50	60	55,08	0,0076400000	True
Spd_RF2_350_492_4603.txt	56	64	60,17	0,0071600000	True
Spd_RF2_400_429_4611.txt	113	117	114,2	0,0016500000	True
Spd_RF2_400_429_4619.txt	113	115	113,59	0,0019500000	True
Spd_RF2_400_429_4627.txt	113	115	113,4	0,0017600000	True
Spd_RF2_400_429_4635.txt	112	113	112,13	0,0019600000	True
Spd_RF2_400_429_4643.txt	115	116	115,11	0,0011900000	True
Spd_RF2_400_459_4651.txt	97	102	99,46	0,0032100000	True
Spd_RF2_400_459_4659.txt	94	98	96,57	0,0032800000	True
Spd_RF2_400_459_4667.txt	97	101	98,56	0,0045600000	True
Spd_RF2_400_459_4675.txt	98	104	100,33	0,0034700000	True
Spd_RF2_400_459_4683.txt	95	101	97,77	0,0040600000	True
Spd_RF2_400_489_4691.txt	80	88	84,23	0,0054000000	True
Spd_RF2_400_489_4699.txt	85	92	88,13	0,0049600000	True
Spd_RF2_400_489_4707.txt	84	91	87,32	0,0052400000	True
Spd_RF2_400_489_4715.txt	83	90	85,87	0,0053200000	True
Spd_RF2_400_489_4723.txt	86	92	88,71	0,0049600000	True
Spd_RF2_400_519_4731.txt	76	82	79,22	0,0065800000	True
Spd_RF2_400_519_4739.txt	71	79	75,69	0,0078100000	True
Spd_RF2_400_519_4747.txt	78	85	81,06	0,0060000000	True
Spd_RF2_400_519_4755.txt	75	82	78,99	0,0075000000	True
Spd_RF2_400_519_4763.txt	73	82	77,03	0,0060200000	True
Spd_RF2_400_549_4771.txt	66	73	68,92	0,0083000000	True
Spd_RF2_400_549_4779.txt	63	71	67,14	0,0072300000	True
Spd_RF2_400_549_4787.txt	65	74	69,63	0,0084100000	True
Spd_RF2_400_549_4795.txt	64	73	68,36	0,0079500000	True
Spd_RF2_400_549_4803.txt	66	75	70,64	0,0065700000	True
Spd_RF2_40_50_611.txt	8	10	9,22	0,0001900000	True
Spd_RF2_40_50_619.txt	7	8	7,26	0,0001500000	True
Spd_RF2_40_50_627.txt	7	9	7,87	0,0001800000	True
Spd_RF2_40_50_635.txt	8	10	8,66	0,0002600000	True
Spd_RF2_40_50_643.txt	7	9	7,92	0,0002700000	True
Spd_RF2_40_60_651.txt	4	7	5,04	0,0004600000	True
Spd_RF2_40_60_659.txt	4	6	4,71	0,0004900000	True
Spd_RF2_40_60_667.txt	4	8	5,58	0,0005700000	True
Spd_RF2_40_60_675.txt	4	8	5,42	0,0004700000	True
Spd_RF2_40_60_683.txt	5	7	6,01	0,0003700000	True
Spd_RF2_40_71_691.txt	2	5	3,51	0,0005500000	True
Spd_RF2_40_71_699.txt	3	6	4,53	0,0003900000	True
Spd_RF2_40_71_707.txt	3	6	4,08	0,0004300000	True
Spd_RF2_40_71_715.txt	3	7	5	0,0004200000	True
Spd_RF2_40_71_723.txt	3	6	4,01	0,0004700000	True
Spd_RF2_40_81_731.txt	2	5	2,96	0,0003900000	True
Spd_RF2_40_81_739.txt	1	6	3,3	0,0005400000	True
Spd_RF2_40_81_747.txt	2	6	3,96	0,0005200000	True
Spd_RF2_40_81_755.txt	2	6	3,59	0,0004300000	True
Spd_RF2_40_81_763.txt	1	6	3,49	0,0004000000	True
Spd_RF2_40_92_771.txt	2	6	3,07	0,0003500000	True
Spd_RF2_40_92_779.txt	2	6	3,34	0,0001400000	True
Spd_RF2_40_92_787.txt	2	5	3,36	0,0005400000	True
Spd_RF2_40_92_795.txt	2	5	2,95	0,0004900000	True
Spd_RF2_40_92_803.txt	2	5	2,93	0,0004900000	True
Spd_RF2_450_482_4811.txt	126	128	127,25	0,0021300000	True
Spd_RF2_450_482_4819.txt	126	127	126,5	0,0019500000	True
Spd_RF2_450_482_4827.txt	128	131	129,16	0,0022000000	True
Spd_RF2_450_482_4835.txt	127	129	128,24	0,0025000000	True
Spd_RF2_450_482_4843.txt	127	128	127,06	0,0016200000	True
Spd_RF2_450_515_4851.txt	110	114	112,04	0,0025300000	True
Spd_RF2_450_515_4859.txt	112	117	114,47	0,0041200000	True
Spd_RF2_450_515_4867.txt	108	113	110,72	0,0032900000	True
Spd_RF2_450_515_4875.txt	111	116	113,05	0,0036300000	True
Spd_RF2_450_515_4883.txt	109	114	110,98	0,0045400000	True
Spd_RF2_450_548_4891.txt	96	101	98,25	0,0048600000	True
Spd_RF2_450_548_4899.txt	91	98	94,81	0,0055200000	True
Spd_RF2_450_548_4907.txt	95	103	98,15	0,0070000000	True
Spd_RF2_450_548_4915.txt	91	99	95,62	0,0051200000	True
Spd_RF2_450_548_4923.txt	98	104	100,95	0,0056800000	True
Spd_RF2_450_581_4931.txt	84	93	87,7	0,0071100000	True
Spd_RF2_450_581_4939.txt	83	92	87,04	0,0069600000	True
Spd_RF2_450_581_4947.txt	85	92	88,35	0,0077200000	True
Spd_RF2_450_581_4955.txt	85	93	88,48	0,0091700000	True
Spd_RF2_450_581_4963.txt	82	91	87,02	0,0074200000	True
Spd_RF2_450_614_4971.txt	73	84	79,58	0,0096200000	True
Spd_RF2_450_614_4979.txt	77	87	82,22	0,0095000000	True
Spd_RF2_450_614_4987.txt	75	83	79,17	0,0099500000	True
Spd_RF2_450_614_4995.txt	74	85	80,93	0,0085700000	True
Spd_RF2_450_614_5003.txt	77	85	81,01	0,0112700000	True
Spd_RF2_500_534_5011.txt	142	145	143,95	0,0023200000	True
Spd_RF2_500_534_5019.txt	143	145	144,24	0,0025400000	True
Spd_RF2_500_534_5027.txt	142	145	142,99	0,0021800000	True
Spd_RF2_500_534_5035.txt	147	147	147	0,0019700000	True
Spd_RF2_500_534_5043.txt	141	144	142,22	0,0023400000	True
Spd_RF2_500_568_5051.txt	123	128	125,45	0,0038700000	True
Spd_RF2_500_568_5059.txt	122	127	124,92	0,0039900000	True
Spd_RF2_500_568_5067.txt	124	129	127,02	0,0042700000	True
Spd_RF2_500_568_5075.txt	124	129	126,23	0,0036100000	True
Spd_RF2_500_568_5083.txt	123	127	124,91	0,0033900000	True
Spd_RF2_500_603_5091.txt	113	119	114,79	0,0047400000	True
Spd_RF2_500_603_5099.txt	108	115	111,58	0,0058200000	True
Spd_RF2_500_603_5107.txt	112	118	114,7	0,0050800000	True
Spd_RF2_500_603_5115.txt	110	116	112,5	0,0061700000	True
Spd_RF2_500_603_5123.txt	107	115	110,67	0,0074000000	True
Spd_RF2_500_637_5131.txt	100	108	103,73	0,0076000000	True
Spd_RF2_500_637_5139.txt	98	106	102,5	0,0079400000	True
Spd_RF2_500_637_5147.txt	94	102	98,34	0,0078300000	True
Spd_RF2_500_637_5155.txt	93	103	98,21	0,0100000000	True
Spd_RF2_500_637_5163.txt	91	100	95,49	0,0077100000	True
Spd_RF2_500_672_5171.txt	89	97	92,31	0,0112700000	True
Spd_RF2_500_672_5179.txt	86	94	90,53	0,0117000000	True
Spd_RF2_500_672_5187.txt	83	93	87,66	0,0123600000	True
Spd_RF2_500_672_5195.txt	87	97	90,52	0,0097800000	True
Spd_RF2_500_672_5203.txt	87	95	90,9	0,0107600000	True
Spd_RF2_600_637_5211.txt	184	188	186,08	0,0023900000	True
Spd_RF2_600_637_5219.txt	185	186	185,95	0,0021600000	True
Spd_RF2_600_637_5227.txt	186	189	187,72	0,0026400000	True
Spd_RF2_600_637_5235.txt	185	186	185,1	0,0015800000	True
Spd_RF2_600_637_5243.txt	183	184	183,95	0,0018500000	True
Spd_RF2_600_674_5251.txt	168	172	169,61	0,0029400000	True
Spd_RF2_600_674_5259.txt	170	172	171,01	0,0027900000	True
Spd_RF2_600_674_5267.txt	171	172	171,5	0,0024800000	True
Spd_RF2_600_674_5275.txt	169	173	170,81	0,0023700000	True
Spd_RF2_600_674_5283.txt	172	175	173,22	0,0028700000	True
Spd_RF2_600_712_5291.txt	153	159	155,83	0,0033000000	True
Spd_RF2_600_712_5299.txt	156	161	158,52	0,0032800000	True
Spd_RF2_600_712_5307.txt	154	157	155,32	0,0029200000	True
Spd_RF2_600_712_5315.txt	156	159	157,24	0,0031700000	True
Spd_RF2_600_712_5323.txt	153	159	155,79	0,0031300000	True
Spd_RF2_600_749_5331.txt	140	145	142,53	0,0039300000	True
Spd_RF2_600_749_5339.txt	143	147	144,88	0,0029600000	True
Spd_RF2_600_749_5347.txt	146	150	147,72	0,0032800000	True
Spd_RF2_600_749_5355.txt	147	149	147,86	0,0025400000	True
Spd_RF2_600_749_5363.txt	142	146	143,95	0,0032500000	True
Spd_RF2_600_787_5371.txt	132	138	135,43	0,0049000000	True
Spd_RF2_600_787_5379.txt	130	135	132,66	0,0047400000	True
Spd_RF2_600_787_5387.txt	131	137	134,06	0,0037500000	True
Spd_RF2_600_787_5395.txt	133	139	136,13	0,0035900000	True
Spd_RF2_600_787_5403.txt	131	136	133,65	0,0029600000	True
Spd_RF2_60_107_1131.txt	5	9	6,84	0,0006900000	True
Spd_RF2_60_107_1139.txt	5	10	6,96	0,0007200000	True
Spd_RF2_60_107_1147.txt	5	9	6,81	0,0006800000	True
Spd_RF2_60_107_1155.txt	5	10	7,49	0,0007900000	True
Spd_RF2_60_107_1163.txt	5	10	7,3	0,0008900000	True
Spd_RF2_60_119_1171.txt	4	9	5,87	0,0008300000	True
Spd_RF2_60_119_1179.txt	4	8	6,06	0,0009100000	True
Spd_RF2_60_119_1187.txt	3	8	5,41	0,0008100000	True
Spd_RF2_60_119_1195.txt	4	8	5,24	0,0007300000	True
Spd_RF2_60_119_1203.txt	4	8	6,17	0,0008900000	True
Spd_RF2_60_71_1011.txt	11	14	12,26	0,0004700000	True
Spd_RF2_60_71_1019.txt	14	14	14	0,0002300000	True
Spd_RF2_60_71_1027.txt	14	15	14,15	0,0003600000	True
Spd_RF2_60_71_1035.txt	12	13	12,1	0,0003900000	True
Spd_RF2_60_71_1043.txt	16	16	16	0,0001900000	True
Spd_RF2_60_83_1051.txt	8	12	9,84	0,0006900000	True
Spd_RF2_60_83_1059.txt	7	11	9,16	0,0006100000	True
Spd_RF2_60_83_1067.txt	8	12	9,8	0,0005000000	True
Spd_RF2_60_83_1075.txt	10	13	11,42	0,0004900000	True
Spd_RF2_60_83_1083.txt	8	12	9,79	0,0005300000	True
Spd_RF2_60_95_1091.txt	7	11	8,69	0,0006600000	True
Spd_RF2_60_95_1099.txt	6	10	8,37	0,0006100000	True
Spd_RF2_60_95_1107.txt	4	9	6,68	0,0007200000	True
Spd_RF2_60_95_1115.txt	7	10	8,34	0,0005200000	True
Spd_RF2_60_95_1123.txt	6	10	7,84	0,0006400000	True
Spd_RF2_700_740_5411.txt	217	219	218,13	0,0022600000	True
Spd_RF2_700_740_5419.txt	215	217	216,06	0,0018500000	True
Spd_RF2_700_740_5427.txt	217	218	217,9	0,0023200000	True
Spd_RF2_700_740_5435.txt	216	217	216,82	0,0028000000	True
Spd_RF2_700_740_5443.txt	216	218	217,25	0,0027800000	True
Spd_RF2_700_780_5451.txt	202	205	203,24	0,0036800000	True
Spd_RF2_700_780_5459.txt	202	205	203,41	0,0041000000	True
Spd_RF2_700_780_5467.txt	202	204	203,19	0,0040600000	True
Spd_RF2_700_780_5475.txt	198	201	199,52	0,0033800000	True
Spd_RF2_700_780_5483.txt	202	205	203,6	0,0028800000	True
Spd_RF2_700_821_5491.txt	182	185	183,79	0,0036400000	True
Spd_RF2_700_821_5499.txt	181	186	183,28	0,0034900000	True
Spd_RF2_700_821_5507.txt	186	189	187,42	0,0034900000	True
Spd_RF2_700_821_5515.txt	185	189	186,37	0,0042200000	True
Spd_RF2_700_821_5523.txt	185	191	187,97	0,0043100000	True
Spd_RF2_700_861_5531.txt	169	174	172,04	0,0044400000	True
Spd_RF2_700_861_5539.txt	170	175	173,15	0,0033300000	True
Spd_RF2_700_861_5547.txt	169	174	171,3	0,0045700000	True
Spd_RF2_700_861_5555.txt	169	175	172,07	0,0034400000	True
Spd_RF2_700_861_5563.txt	166	170	167,77	0,0038100000	True
Spd_RF2_700_902_5571.txt	162	170	165,72	0,0032200000	True
Spd_RF2_700_902_5579.txt	157	164	160,23	0,0050900000	True
Spd_RF2_700_902_5587.txt	161	166	164,18	0,0051100000	True
Spd_RF2_700_902_5595.txt	157	161	159,3	0,0051000000	True
Spd_RF2_700_902_5603.txt	160	167	162,91	0,0041600000	True
Spd_RF2_800_1017_5771.txt	183	190	186,28	0,0060600000	True
Spd_RF2_800_1017_5779.txt	179	186	182,55	0,0072300000	True
Spd_RF2_800_1017_5787.txt	184	190	186,94	0,0062400000	True
Spd_RF2_800_1017_5795.txt	185	189	187,22	0,0050600000	True
Spd_RF2_800_1017_5803.txt	183	189	185,59	0,0053500000	True
Spd_RF2_800_843_5611.txt	248	251	249,3	0,0036100000	True
Spd_RF2_800_843_5619.txt	246	248	246,59	0,0029300000	True
Spd_RF2_800_843_5627.txt	248	249	248,8	0,0033300000	True
Spd_RF2_800_843_5635.txt	249	250	249,53	0,0029200000	True
Spd_RF2_800_843_5643.txt	248	249	248,3	0,0032500000	True
Spd_RF2_800_886_5651.txt	231	234	233,12	0,0039100000	True
Spd_RF2_800_886_5659.txt	232	234	233,13	0,0034600000	True
Spd_RF2_800_886_5667.txt	229	232	230,25	0,0041000000	True
Spd_RF2_800_886_5675.txt	231	233	231,97	0,0031000000	True
Spd_RF2_800_886_5683.txt	230	233	231,21	0,0040900000	True
Spd_RF2_800_930_5691.txt	213	217	215,42	0,0041200000	True
Spd_RF2_800_930_5699.txt	212	216	213,51	0,0049200000	True
Spd_RF2_800_930_5707.txt	212	217	214,53	0,0044600000	True
Spd_RF2_800_930_5715.txt	215	219	216,8	0,0040100000	True
Spd_RF2_800_930_5723.txt	212	216	214,19	0,0054000000	True
Spd_RF2_800_973_5731.txt	203	207	204,68	0,0044600000	True
Spd_RF2_800_973_5739.txt	192	198	194,73	0,0059800000	True
Spd_RF2_800_973_5747.txt	202	207	204,08	0,0052800000	True
Spd_RF2_800_973_5755.txt	199	204	201,29	0,0053600000	True
Spd_RF2_800_973_5763.txt	200	206	203,23	0,0057400000	True
Spd_RF2_80_106_1451.txt	12	17	14,01	0,0007000000	True
Spd_RF2_80_106_1459.txt	12	16	14,03	0,0004900000	True
Spd_RF2_80_106_1467.txt	13	17	14,73	0,0006000000	True
Spd_RF2_80_106_1475.txt	13	16	14,17	0,0006300000	True
Spd_RF2_80_106_1483.txt	12	15	13,37	0,0008000000	True
Spd_RF2_80_120_1491.txt	9	13	10,7	0,0009100000	True
Spd_RF2_80_120_1499.txt	10	15	12,18	0,0012600000	True
Spd_RF2_80_120_1507.txt	10	14	11,98	0,0010500000	True
Spd_RF2_80_120_1515.txt	11	16	12,62	0,0011300000	True
Spd_RF2_80_120_1523.txt	11	17	13,39	0,0008700000	True
Spd_RF2_80_133_1531.txt	7	12	9,85	0,0012600000	True
Spd_RF2_80_133_1539.txt	8	13	10,26	0,0010300000	True
Spd_RF2_80_133_1547.txt	6	11	8,61	0,0009800000	True
Spd_RF2_80_133_1555.txt	7	12	9,22	0,0009100000	True
Spd_RF2_80_133_1563.txt	8	12	10,35	0,0007400000	True
Spd_RF2_80_147_1571.txt	5	11	8	0,0010500000	True
Spd_RF2_80_147_1579.txt	5	11	7,8	0,0010600000	True
Spd_RF2_80_147_1587.txt	6	11	8,49	0,0011600000	True
Spd_RF2_80_147_1595.txt	6	11	8,61	0,0011500000	True
Spd_RF2_80_147_1603.txt	5	10	7,36	0,0010900000	True
Spd_RF2_80_93_1411.txt	17	17	17	0,0003700000	True
Spd_RF2_80_93_1419.txt	16	18	16,86	0,0003400000	True
Spd_RF2_80_93_1427.txt	18	18	18	0,0002200000	True
Spd_RF2_80_93_1435.txt	16	18	16,72	0,0002100000	True
Spd_RF2_80_93_1443.txt	17	20	18,58	0,0005000000	True
Spd_RF2_900_1034_5891.txt	245	248	246,84	0,0046600000	True
Spd_RF2_900_1034_5899.txt	245	249	247,48	0,0061800000	True
Spd_RF2_900_1034_5907.txt	243	248	245,86	0,0058800000	True
Spd_RF2_900_1034_5915.txt	245	250	247,61	0,0050300000	True
Spd_RF2_900_1034_5923.txt	245	250	247,28	0,0044800000	True
Spd_RF2_900_1079_5931.txt	229	233	230,58	0,0056400000	True
Spd_RF2_900_1079_5939.txt	229	235	232,35	0,0071400000	True
Spd_RF2_900_1079_5947.txt	232	236	233,9	0,0056000000	True
Spd_RF2_900_1079_5955.txt	229	233	231,37	0,0058900000	True
Spd_RF2_900_1079_5963.txt	230	235	231,99	0,0065100000	True
Spd_RF2_900_1124_5971.txt	217	222	220,12	0,0057900000	True
Spd_RF2_900_1124_5979.txt	217	222	219,14	0,0050600000	True
Spd_RF2_900_1124_5987.txt	210	215	212,51	0,0069500000	True
Spd_RF2_900_1124_5995.txt	211	217	214,05	0,0048700000	True
Spd_RF2_900_1124_6003.txt	210	217	213,19	0,0066300000	True
Spd_RF2_900_944_5811.txt	282	284	282,42	0,0042100000	True
Spd_RF2_900_944_5819.txt	282	284	282,75	0,0038000000	True
Spd_RF2_900_944_5827.txt	281	284	282,18	0,0041300000	True
Spd_RF2_900_944_5835.txt	283	285	284,05	0,0049800000	True
Spd_RF2_900_944_5843.txt	282	283	282,2	0,0053900000	True
Spd_RF2_900_989_5851.txt	263	267	264,35	0,0051600000	True
Spd_RF2_900_989_5859.txt	263	267	265,32	0,0057200000	True
Spd_RF2_900_989_5867.txt	266	268	267	0,0041900000	True
Spd_RF2_900_989_5875.txt	264	268	266,2	0,0043600000	True
Spd_RF2_900_989_5883.txt	260	264	262,05	0,0046000000	True
