Spd_RF2_1000_1047_6011.txt	314	315	314,84	0,0047200000	True
Spd_RF2_1000_1047_6019.txt	315	317	316,39	0,0050100000	True
Spd_RF2_1000_1047_6027.txt	315	316	315,69	0,0049700000	True
Spd_RF2_1000_1047_6035.txt	315	318	316,48	0,0047400000	True
Spd_RF2_1000_1047_6043.txt	314	316	315,42	0,0037400000	True
Spd_RF2_1000_1095_6051.txt	295	298	296,32	0,0070100000	True
Spd_RF2_1000_1095_6059.txt	296	299	296,83	0,0058100000	True
Spd_RF2_1000_1095_6067.txt	294	297	296,08	0,0073400000	True
Spd_RF2_1000_1095_6075.txt	293	296	294,46	0,0065000000	True
Spd_RF2_1000_1095_6083.txt	293	296	294,89	0,0048700000	True
Spd_RF2_1000_1143_6091.txt	276	281	278,21	0,0063200000	True
Spd_RF2_1000_1143_6099.txt	275	280	277,46	0,0055500000	True
Spd_RF2_1000_1143_6107.txt	276	280	278,09	0,0059600000	True
Spd_RF2_1000_1143_6115.txt	279	283	280,66	0,0066700000	True
Spd_RF2_1000_1143_6123.txt	274	277	275,29	0,0063800000	True
Spd_RF2_1000_1191_6131.txt	256	262	258,24	0,0093500000	True
Spd_RF2_1000_1191_6139.txt	257	262	259,32	0,0076700000	True
Spd_RF2_1000_1191_6147.txt	256	262	259,3	0,0080200000	True
Spd_RF2_1000_1191_6155.txt	259	264	261,7	0,0073000000	True
Spd_RF2_1000_1191_6163.txt	258	263	260,89	0,0071300000	True
Spd_RF2_1000_1239_6171.txt	238	243	240,55	0,0057500000	True
Spd_RF2_1000_1239_6179.txt	243	248	245,32	0,0060000000	True
Spd_RF2_1000_1239_6187.txt	241	247	243,41	0,0075000000	True
Spd_RF2_1000_1239_6195.txt	246	251	248,87	0,0081500000	True
Spd_RF2_1000_1239_6203.txt	243	251	246,93	0,0090700000	True
Spd_RF2_100_114_1811.txt	27	27	27	0,0003400000	True
Spd_RF2_100_114_1819.txt	23	26	24,25	0,0004600000	True
Spd_RF2_100_114_1827.txt	23	24	23,22	0,0003500000	True
Spd_RF2_100_114_1835.txt	23	23	23	0,0003500000	True
Spd_RF2_100_114_1843.txt	25	26	25,09	0,0003400000	True
Spd_RF2_100_129_1851.txt	18	22	19,8	0,0006100000	True
Spd_RF2_100_129_1859.txt	17	22	19,71	0,0005500000	True
Spd_RF2_100_129_1867.txt	17	21	19,05	0,0009100000	True
Spd_RF2_100_129_1875.txt	17	20	18,01	0,0007900000	True
Spd_RF2_100_129_1883.txt	16	21	18,26	0,0007200000	True
Spd_RF2_100_144_1891.txt	13	19	16,54	0,0009800000	True
Spd_RF2_100_144_1899.txt	12	17	15,11	0,0009600000	True
Spd_RF2_100_144_1907.txt	15	21	17,75	0,0007900000	True
Spd_RF2_100_144_1915.txt	11	16	14,2	0,0012800000	True
Spd_RF2_100_144_1923.txt	14	19	16,05	0,0009800000	True
Spd_RF2_100_159_1931.txt	11	16	12,83	0,0012300000	True
Spd_RF2_100_159_1939.txt	11	17	13,66	0,0011300000	True
Spd_RF2_100_159_1947.txt	9	15	11,89	0,0012900000	True
Spd_RF2_100_159_1955.txt	10	16	12,73	0,0013100000	True
Spd_RF2_100_159_1963.txt	13	17	14,63	0,0010900000	True
Spd_RF2_100_174_1971.txt	9	15	11,98	0,0011600000	True
Spd_RF2_100_174_1979.txt	9	15	12,13	0,0010800000	True
Spd_RF2_100_174_1987.txt	11	17	13,85	0,0012100000	True
Spd_RF2_100_174_1995.txt	9	15	11,82	0,0011600000	True
Spd_RF2_100_174_2003.txt	8	14	11,02	0,0012500000	True
Spd_RF2_120_136_2211.txt	31	31	31	0,0003300000	True
Spd_RF2_120_136_2219.txt	29	30	29,19	0,0005000000	True
Spd_RF2_120_136_2227.txt	30	30	30	0,0005000000	True
Spd_RF2_120_136_2235.txt	30	31	30,17	0,0004400000	True
Spd_RF2_120_136_2243.txt	30	33	31,51	0,0003200000	True
Spd_RF2_120_152_2251.txt	21	25	23,04	0,0009400000	True
Spd_RF2_120_152_2259.txt	22	26	24,56	0,0009800000	True
Spd_RF2_120_152_2267.txt	23	27	24,64	0,0008000000	True
Spd_RF2_120_152_2275.txt	22	26	24	0,0009700000	True
Spd_RF2_120_152_2283.txt	23	27	24,85	0,0006000000	True
Spd_RF2_120_169_2291.txt	18	23	20,27	0,0013000000	True
Spd_RF2_120_169_2299.txt	17	23	19,93	0,0009400000	True
Spd_RF2_120_169_2307.txt	16	22	18,65	0,0012900000	True
Spd_RF2_120_169_2315.txt	19	23	21,01	0,0013500000	True
Spd_RF2_120_169_2323.txt	18	24	20,27	0,0011100000	True
Spd_RF2_120_185_2331.txt	14	19	16,43	0,0016800000	True
Spd_RF2_120_185_2339.txt	14	21	17,17	0,0013700000	True
Spd_RF2_120_185_2347.txt	15	21	18,22	0,0011600000	True
Spd_RF2_120_185_2355.txt	13	18	14,8	0,0013300000	True
Spd_RF2_120_185_2363.txt	14	19	16,08	0,0010400000	True
Spd_RF2_120_202_2371.txt	12	17	14,26	0,0012900000	True
Spd_RF2_120_202_2379.txt	15	21	17,49	0,0011700000	True
Spd_RF2_120_202_2387.txt	12	18	14,22	0,0009900000	True
Spd_RF2_120_202_2395.txt	11	18	14,16	0,0009200000	True
Spd_RF2_120_202_2403.txt	13	21	16,31	0,0017500000	True
Spd_RF2_140_157_2611.txt	35	37	35,3	0,0006500000	True
Spd_RF2_140_157_2619.txt	34	35	34,31	0,0004900000	True
Spd_RF2_140_157_2627.txt	35	37	36,11	0,0007000000	True
Spd_RF2_140_157_2635.txt	34	35	34,51	0,0006200000	True
Spd_RF2_140_157_2643.txt	34	35	34,36	0,0004400000	True
Spd_RF2_140_175_2651.txt	25	31	27,55	0,0010000000	True
Spd_RF2_140_175_2659.txt	29	32	30,09	0,0009900000	True
Spd_RF2_140_175_2667.txt	26	30	28,26	0,0012600000	True
Spd_RF2_140_175_2675.txt	26	29	27,6	0,0009200000	True
Spd_RF2_140_175_2683.txt	29	33	30,24	0,0008700000	True
Spd_RF2_140_193_2691.txt	20	25	22,47	0,0010500000	True
Spd_RF2_140_193_2699.txt	21	27	23,68	0,0017800000	True
Spd_RF2_140_193_2707.txt	20	26	23,42	0,0014000000	True
Spd_RF2_140_193_2715.txt	22	29	25,26	0,0016200000	True
Spd_RF2_140_193_2723.txt	21	26	23,66	0,0018500000	True
Spd_RF2_140_211_2731.txt	17	24	20,49	0,0014900000	True
Spd_RF2_140_211_2739.txt	20	26	22,74	0,0019000000	True
Spd_RF2_140_211_2747.txt	18	26	21,93	0,0015400000	True
Spd_RF2_140_211_2755.txt	18	22	19,78	0,0016300000	True
Spd_RF2_140_211_2763.txt	18	24	20,96	0,0018000000	True
Spd_RF2_140_229_2771.txt	14	22	17,3	0,0021500000	True
Spd_RF2_140_229_2779.txt	14	20	16,61	0,0019800000	True
Spd_RF2_140_229_2787.txt	16	23	18,98	0,0022000000	True
Spd_RF2_140_229_2795.txt	15	21	17,79	0,0015200000	True
Spd_RF2_140_229_2803.txt	16	23	18,6	0,0021300000	True
Spd_RF2_160_179_3011.txt	39	41	39,98	0,0006500000	True
Spd_RF2_160_179_3019.txt	40	41	40,66	0,0007100000	True
Spd_RF2_160_179_3027.txt	42	44	43,03	0,0008200000	True
Spd_RF2_160_179_3035.txt	40	43	41,47	0,0007300000	True
Spd_RF2_160_179_3043.txt	40	42	41,19	0,0006000000	True
Spd_RF2_160_198_3051.txt	33	36	34,73	0,0008500000	True
Spd_RF2_160_198_3059.txt	30	35	32,65	0,0013600000	True
Spd_RF2_160_198_3067.txt	32	35	33,58	0,0009200000	True
Spd_RF2_160_198_3075.txt	32	35	33,25	0,0011600000	True
Spd_RF2_160_198_3083.txt	33	37	34,85	0,0010100000	True
Spd_RF2_160_218_3091.txt	25	31	27,39	0,0016400000	True
Spd_RF2_160_218_3099.txt	28	33	29,75	0,0016400000	True
Spd_RF2_160_218_3107.txt	25	32	27,64	0,0019200000	True
Spd_RF2_160_218_3115.txt	25	30	27,41	0,0012400000	True
Spd_RF2_160_218_3123.txt	26	31	28,3	0,0012900000	True
Spd_RF2_160_237_3131.txt	23	29	26,03	0,0018800000	True
Spd_RF2_160_237_3139.txt	20	26	22,86	0,0021800000	True
Spd_RF2_160_237_3147.txt	21	28	24,86	0,0024200000	True
Spd_RF2_160_237_3155.txt	20	27	23,56	0,0024700000	True
Spd_RF2_160_237_3163.txt	22	29	24,67	0,0020800000	True
Spd_RF2_160_257_3171.txt	20	26	22,51	0,0025000000	True
Spd_RF2_160_257_3179.txt	17	25	20,58	0,0024800000	True
Spd_RF2_160_257_3187.txt	17	25	21,08	0,0026100000	True
Spd_RF2_160_257_3195.txt	17	26	22,04	0,0027000000	True
Spd_RF2_160_257_3203.txt	18	26	21,73	0,0024800000	True
Spd_RF2_180_200_3411.txt	47	49	48,21	0,0005100000	True
Spd_RF2_180_200_3419.txt	48	51	49,44	0,0006400000	True
Spd_RF2_180_200_3427.txt	47	50	47,9	0,0007900000	True
Spd_RF2_180_200_3435.txt	47	48	47,03	0,0006800000	True
Spd_RF2_180_200_3443.txt	45	46	45,28	0,0009600000	True
Spd_RF2_180_221_3451.txt	34	39	36,81	0,0015700000	True
Spd_RF2_180_221_3459.txt	38	43	40,35	0,0019300000	True
Spd_RF2_180_221_3467.txt	35	39	37,03	0,0015500000	True
Spd_RF2_180_221_3475.txt	36	41	38,74	0,0018300000	True
Spd_RF2_180_221_3483.txt	39	43	40,89	0,0009600000	True
Spd_RF2_180_242_3491.txt	29	35	31,69	0,0024000000	True
Spd_RF2_180_242_3499.txt	29	35	31,84	0,0021700000	True
Spd_RF2_180_242_3507.txt	29	34	31,06	0,0019100000	True
Spd_RF2_180_242_3515.txt	28	32	30,09	0,0015900000	True
Spd_RF2_180_242_3523.txt	27	36	30,85	0,0022900000	True
Spd_RF2_180_263_3531.txt	23	31	26,82	0,0030100000	True
Spd_RF2_180_263_3539.txt	24	31	27,08	0,0023300000	True
Spd_RF2_180_263_3547.txt	25	31	27,7	0,0022900000	True
Spd_RF2_180_263_3555.txt	25	31	28,03	0,0019700000	True
Spd_RF2_180_263_3563.txt	26	32	28,94	0,0022500000	True
Spd_RF2_180_284_3571.txt	22	28	25,19	0,0032100000	True
Spd_RF2_180_284_3579.txt	23	30	26,29	0,0026000000	True
Spd_RF2_180_284_3587.txt	21	28	24,65	0,0030900000	True
Spd_RF2_180_284_3595.txt	24	31	27,2	0,0022300000	True
Spd_RF2_180_284_3603.txt	23	30	26,87	0,0022500000	True
Spd_RF2_200_222_3811.txt	51	52	51,38	0,0005900000	True
Spd_RF2_200_222_3819.txt	52	54	52,44	0,0007000000	True
Spd_RF2_200_222_3827.txt	51	52	51,66	0,0007400000	True
Spd_RF2_200_222_3835.txt	51	53	52	0,0008500000	True
Spd_RF2_200_222_3843.txt	52	53	52,38	0,0007500000	True
Spd_RF2_200_244_3851.txt	40	44	42,17	0,0013700000	True
Spd_RF2_200_244_3859.txt	43	47	44,69	0,0012700000	True
Spd_RF2_200_244_3867.txt	40	45	42,04	0,0014700000	True
Spd_RF2_200_244_3875.txt	39	45	42,06	0,0013800000	True
Spd_RF2_200_244_3883.txt	40	45	41,93	0,0019300000	True
Spd_RF2_200_267_3891.txt	33	40	36,48	0,0021800000	True
Spd_RF2_200_267_3899.txt	32	38	35,27	0,0020700000	True
Spd_RF2_200_267_3907.txt	31	38	34,94	0,0018600000	True
Spd_RF2_200_267_3915.txt	34	39	36,04	0,0020900000	True
Spd_RF2_200_267_3923.txt	33	38	35,86	0,0019800000	True
Spd_RF2_200_289_3931.txt	26	33	29,58	0,0030800000	True
Spd_RF2_200_289_3939.txt	28	35	32,46	0,0027900000	True
Spd_RF2_200_289_3947.txt	30	36	33,11	0,0022800000	True
Spd_RF2_200_289_3955.txt	29	36	32,66	0,0023700000	True
Spd_RF2_200_289_3963.txt	28	35	32,1	0,0024100000	True
Spd_RF2_200_312_3971.txt	25	34	29,13	0,0034500000	True
Spd_RF2_200_312_3979.txt	24	32	27,77	0,0031500000	True
Spd_RF2_200_312_3987.txt	25	32	28,53	0,0030700000	True
Spd_RF2_200_312_3995.txt	23	33	27,65	0,0036100000	True
Spd_RF2_200_312_4003.txt	25	35	30,1	0,0034500000	True
Spd_RF2_20_27_211.txt	1	3	1,95	0,0002000000	True
Spd_RF2_20_27_219.txt	2	4	2,75	0,0002500000	True
Spd_RF2_20_27_227.txt	2	4	2,62	0,0001300000	True
Spd_RF2_20_27_235.txt	3	4	3,24	0,0000700000	True
Spd_RF2_20_27_243.txt	4	4	4	0,0000400000	True
Spd_RF2_20_34_251.txt	1	3	1,89	0,0002000000	True
Spd_RF2_20_34_259.txt	1	3	2,02	0,0002300000	True
Spd_RF2_20_34_267.txt	1	3	2,05	0,0001600000	True
Spd_RF2_20_34_275.txt	2	3	2,36	0,0001500000	True
Spd_RF2_20_34_283.txt	1	3	1,85	0,0001600000	True
Spd_RF2_20_42_291.txt	1	2	1,53	0,0001200000	True
Spd_RF2_20_42_299.txt	1	3	1,54	0,0001500000	True
Spd_RF2_20_42_307.txt	0	3	1,56	0,0001900000	True
Spd_RF2_20_42_315.txt	1	3	1,38	0,0001200000	True
Spd_RF2_20_42_323.txt	0	2	1,13	0,0002800000	True
Spd_RF2_20_49_331.txt	0	3	0,8	0,0002500000	True
Spd_RF2_20_49_339.txt	0	2	0,94	0,0001300000	True
Spd_RF2_20_49_347.txt	0	2	0,9	0,0001700000	True
Spd_RF2_20_49_355.txt	0	2	0,83	0,0001500000	True
Spd_RF2_20_49_363.txt	0	2	0,68	0,0002300000	True
Spd_RF2_20_57_371.txt	0	2	0,69	0,0001300000	True
Spd_RF2_20_57_379.txt	0	2	0,86	0,0003700000	True
Spd_RF2_20_57_387.txt	0	2	0,8	0,0001600000	True
Spd_RF2_20_57_395.txt	0	2	0,44	0,0002000000	True
Spd_RF2_20_57_403.txt	0	2	0,65	0,0002200000	True
Spd_RF2_250_273_4011.txt	67	70	68,58	0,0009400000	True
Spd_RF2_250_273_4019.txt	65	69	67,26	0,0009800000	True
Spd_RF2_250_273_4027.txt	66	67	66,94	0,0008500000	True
Spd_RF2_250_273_4035.txt	68	69	68,31	0,0010800000	True
Spd_RF2_250_273_4043.txt	67	68	67,35	0,0012400000	True
Spd_RF2_250_297_4051.txt	53	56	54,5	0,0021500000	True
Spd_RF2_250_297_4059.txt	58	62	60,03	0,0022200000	True
Spd_RF2_250_297_4067.txt	52	56	54	0,0020300000	True
Spd_RF2_250_297_4075.txt	56	60	57,87	0,0017800000	True
Spd_RF2_250_297_4083.txt	54	59	56,72	0,0018000000	True
Spd_RF2_250_321_4091.txt	47	53	49,74	0,0025700000	True
Spd_RF2_250_321_4099.txt	46	53	49,27	0,0025100000	True
Spd_RF2_250_321_4107.txt	46	51	48,05	0,0030400000	True
Spd_RF2_250_321_4115.txt	46	53	48,78	0,0024900000	True
Spd_RF2_250_321_4123.txt	46	51	48,22	0,0014800000	True
Spd_RF2_250_345_4131.txt	37	46	41,15	0,0037300000	True
Spd_RF2_250_345_4139.txt	42	50	45,25	0,0032500000	True
Spd_RF2_250_345_4147.txt	39	46	42,67	0,0037500000	True
Spd_RF2_250_345_4155.txt	37	46	41,42	0,0040700000	True
Spd_RF2_250_345_4163.txt	41	50	44,68	0,0032600000	True
Spd_RF2_250_369_4171.txt	35	43	39,29	0,0040200000	True
Spd_RF2_250_369_4179.txt	32	41	36,81	0,0051300000	True
Spd_RF2_250_369_4187.txt	32	42	36,34	0,0038700000	True
Spd_RF2_250_369_4195.txt	34	42	37,68	0,0039200000	True
Spd_RF2_250_369_4203.txt	34	42	38	0,0045000000	True
Spd_RF2_300_326_4211.txt	83	84	83,17	0,0010100000	True
Spd_RF2_300_326_4219.txt	81	82	81,9	0,0009800000	True
Spd_RF2_300_326_4227.txt	82	83	82,53	0,0010500000	True
Spd_RF2_300_326_4235.txt	81	83	81,98	0,0011400000	True
Spd_RF2_300_326_4243.txt	82	84	82,84	0,0011300000	True
Spd_RF2_300_353_4251.txt	68	73	69,45	0,0014700000	True
Spd_RF2_300_353_4259.txt	67	72	69,3	0,0017200000	True
Spd_RF2_300_353_4267.txt	71	75	72,91	0,0023200000	True
Spd_RF2_300_353_4275.txt	70	74	71,67	0,0021100000	True
Spd_RF2_300_353_4283.txt	70	73	71,23	0,0018000000	True
Spd_RF2_300_380_4291.txt	60	67	62,75	0,0029500000	True
Spd_RF2_300_380_4299.txt	58	63	60,46	0,0035700000	True
Spd_RF2_300_380_4307.txt	57	64	60,63	0,0041000000	True
Spd_RF2_300_380_4315.txt	54	62	58,42	0,0044000000	True
Spd_RF2_300_380_4323.txt	59	65	61,85	0,0031600000	True
Spd_RF2_300_407_4331.txt	53	60	55,88	0,0035900000	True
Spd_RF2_300_407_4339.txt	52	60	55,47	0,0040100000	True
Spd_RF2_300_407_4347.txt	52	59	54,55	0,0038700000	True
Spd_RF2_300_407_4355.txt	49	56	52,56	0,0045500000	True
Spd_RF2_300_407_4363.txt	52	59	54,92	0,0046300000	True
Spd_RF2_300_434_4371.txt	43	53	48,02	0,0053900000	True
Spd_RF2_300_434_4379.txt	42	52	47,32	0,0051100000	True
Spd_RF2_300_434_4387.txt	44	52	47,74	0,0059400000	True
Spd_RF2_300_434_4395.txt	46	54	50,01	0,0053300000	True
Spd_RF2_300_434_4403.txt	47	53	49,79	0,0042900000	True
Spd_RF2_350_378_4411.txt	97	99	97,72	0,0015000000	True
Spd_RF2_350_378_4419.txt	93	95	94,34	0,0016600000	True
Spd_RF2_350_378_4427.txt	96	99	97,06	0,0013200000	True
Spd_RF2_350_378_4435.txt	94	95	94,43	0,0012000000	True
Spd_RF2_350_378_4443.txt	95	97	96,06	0,0016300000	True
Spd_RF2_350_406_4451.txt	82	87	83,73	0,0019900000	True
Spd_RF2_350_406_4459.txt	82	85	83,79	0,0026000000	True
Spd_RF2_350_406_4467.txt	83	88	85,13	0,0020800000	True
Spd_RF2_350_406_4475.txt	81	86	83,25	0,0023900000	True
Spd_RF2_350_406_4483.txt	82	86	84,25	0,0028800000	True
Spd_RF2_350_435_4491.txt	68	75	71,91	0,0043400000	True
Spd_RF2_350_435_4499.txt	68	75	71,66	0,0049200000	True
Spd_RF2_350_435_4507.txt	68	74	71,5	0,0037900000	True
Spd_RF2_350_435_4515.txt	71	77	73,97	0,0036500000	True
Spd_RF2_350_435_4523.txt	70	76	73,8	0,0033900000	True
Spd_RF2_350_463_4531.txt	65	73	69,75	0,0040600000	True
Spd_RF2_350_463_4539.txt	62	70	66,47	0,0056800000	True
Spd_RF2_350_463_4547.txt	62	70	66,31	0,0060800000	True
Spd_RF2_350_463_4555.txt	60	70	65,26	0,0059900000	True
Spd_RF2_350_463_4563.txt	60	70	65,57	0,0061400000	True
Spd_RF2_350_492_4571.txt	54	63	58,28	0,0067200000	True
Spd_RF2_350_492_4579.txt	57	68	62,3	0,0068400000	True
Spd_RF2_350_492_4587.txt	53	64	57,46	0,0080900000	True
Spd_RF2_350_492_4595.txt	51	59	55,08	0,0072100000	True
Spd_RF2_350_492_4603.txt	56	64	59,89	0,0068200000	True
Spd_RF2_400_429_4611.txt	113	117	114,21	0,0016000000	True
Spd_RF2_400_429_4619.txt	113	115	113,57	0,0017700000	True
Spd_RF2_400_429_4627.txt	113	115	113,4	0,0015500000	True
Spd_RF2_400_429_4635.txt	112	113	112,1	0,0018000000	True
Spd_RF2_400_429_4643.txt	115	116	115,16	0,0011100000	True
Spd_RF2_400_459_4651.txt	96	102	99,44	0,0029300000	True
Spd_RF2_400_459_4659.txt	95	98	96,46	0,0030300000	True
Spd_RF2_400_459_4667.txt	96	100	98,44	0,0047300000	True
Spd_RF2_400_459_4675.txt	97	103	100,1	0,0030900000	True
Spd_RF2_400_459_4683.txt	95	100	97,66	0,0036800000	True
Spd_RF2_400_489_4691.txt	81	88	84,41	0,0051200000	True
Spd_RF2_400_489_4699.txt	84	92	87,88	0,0046100000	True
Spd_RF2_400_489_4707.txt	83	90	87,15	0,0049000000	True
Spd_RF2_400_489_4715.txt	82	89	86,16	0,0049800000	True
Spd_RF2_400_489_4723.txt	86	92	88,48	0,0046400000	True
Spd_RF2_400_519_4731.txt	76	84	79,46	0,0062100000	True
Spd_RF2_400_519_4739.txt	71	80	75,33	0,0072300000	True
Spd_RF2_400_519_4747.txt	78	85	81,24	0,0058200000	True
Spd_RF2_400_519_4755.txt	76	82	79,12	0,0065100000	True
Spd_RF2_400_519_4763.txt	73	81	77,18	0,0057000000	True
Spd_RF2_400_549_4771.txt	65	73	68,43	0,0081000000	True
Spd_RF2_400_549_4779.txt	63	73	67,07	0,0067400000	True
Spd_RF2_400_549_4787.txt	65	74	69,38	0,0078600000	True
Spd_RF2_400_549_4795.txt	64	74	68,27	0,0075000000	True
Spd_RF2_400_549_4803.txt	67	74	70,37	0,0061400000	True
Spd_RF2_40_50_611.txt	8	10	9,22	0,0000500000	True
Spd_RF2_40_50_619.txt	7	8	7,17	0,0001300000	True
Spd_RF2_40_50_627.txt	7	9	7,87	0,0001400000	True
Spd_RF2_40_50_635.txt	8	10	8,68	0,0002300000	True
Spd_RF2_40_50_643.txt	7	9	7,96	0,0002300000	True
Spd_RF2_40_60_651.txt	4	7	4,96	0,0004100000	True
Spd_RF2_40_60_659.txt	4	6	4,6	0,0004500000	True
Spd_RF2_40_60_667.txt	4	8	5,6	0,0002000000	True
Spd_RF2_40_60_675.txt	4	7	5,34	0,0004300000	True
Spd_RF2_40_60_683.txt	4	7	5,87	0,0003600000	True
Spd_RF2_40_71_691.txt	2	6	3,49	0,0004300000	True
Spd_RF2_40_71_699.txt	3	7	4,56	0,0003900000	True
Spd_RF2_40_71_707.txt	3	6	4,01	0,0003700000	True
Spd_RF2_40_71_715.txt	3	7	4,9	0,0002900000	True
Spd_RF2_40_71_723.txt	3	5	3,96	0,0003600000	True
Spd_RF2_40_81_731.txt	1	5	2,94	0,0003400000	True
Spd_RF2_40_81_739.txt	1	6	3	0,0004100000	True
Spd_RF2_40_81_747.txt	3	6	3,9	0,0004800000	True
Spd_RF2_40_81_755.txt	2	6	3,75	0,0003500000	True
Spd_RF2_40_81_763.txt	2	5	3,3	0,0003800000	True
Spd_RF2_40_92_771.txt	2	5	2,98	0,0004200000	True
Spd_RF2_40_92_779.txt	1	6	3,3	0,0006400000	True
Spd_RF2_40_92_787.txt	2	5	3,19	0,0003500000	True
Spd_RF2_40_92_795.txt	1	5	2,87	0,0005000000	True
Spd_RF2_40_92_803.txt	1	5	2,96	0,0004400000	True
Spd_RF2_450_482_4811.txt	126	128	127,2	0,0019700000	True
Spd_RF2_450_482_4819.txt	126	127	126,65	0,0017700000	True
Spd_RF2_450_482_4827.txt	128	131	129,16	0,0020100000	True
Spd_RF2_450_482_4835.txt	127	129	128,24	0,0023600000	True
Spd_RF2_450_482_4843.txt	127	128	127,04	0,0015000000	True
Spd_RF2_450_515_4851.txt	110	114	111,8	0,0025000000	True
Spd_RF2_450_515_4859.txt	112	117	114,28	0,0041200000	True
Spd_RF2_450_515_4867.txt	109	113	110,71	0,0033300000	True
Spd_RF2_450_515_4875.txt	111	115	113,08	0,0033300000	True
Spd_RF2_450_515_4883.txt	109	114	110,93	0,0041900000	True
Spd_RF2_450_548_4891.txt	96	102	98,2	0,0045000000	True
Spd_RF2_450_548_4899.txt	91	98	94,66	0,0052900000	True
Spd_RF2_450_548_4907.txt	95	102	97,72	0,0064800000	True
Spd_RF2_450_548_4915.txt	92	100	95,77	0,0048300000	True
Spd_RF2_450_548_4923.txt	97	105	100,96	0,0053800000	True
Spd_RF2_450_581_4931.txt	82	93	87,71	0,0066900000	True
Spd_RF2_450_581_4939.txt	83	91	86,69	0,0068100000	True
Spd_RF2_450_581_4947.txt	86	92	88,72	0,0074400000	True
Spd_RF2_450_581_4955.txt	83	92	88,14	0,0086500000	True
Spd_RF2_450_581_4963.txt	84	92	87,1	0,0073600000	True
Spd_RF2_450_614_4971.txt	76	85	79,67	0,0092000000	True
Spd_RF2_450_614_4979.txt	77	88	82,09	0,0093000000	True
Spd_RF2_450_614_4987.txt	74	86	79,4	0,0093300000	True
Spd_RF2_450_614_4995.txt	76	85	80,83	0,0081100000	True
Spd_RF2_450_614_5003.txt	76	85	80,47	0,0105000000	True
Spd_RF2_500_534_5011.txt	142	145	143,89	0,0024300000	True
Spd_RF2_500_534_5019.txt	143	145	144,28	0,0023100000	True
Spd_RF2_500_534_5027.txt	142	145	143,01	0,0021200000	True
Spd_RF2_500_534_5035.txt	147	147	147	0,0017500000	True
Spd_RF2_500_534_5043.txt	141	144	142,27	0,0022300000	True
Spd_RF2_500_568_5051.txt	124	128	125,55	0,0038200000	True
Spd_RF2_500_568_5059.txt	123	127	125,02	0,0040300000	True
Spd_RF2_500_568_5067.txt	125	131	127,01	0,0039700000	True
Spd_RF2_500_568_5075.txt	124	128	126,07	0,0033000000	True
Spd_RF2_500_568_5083.txt	123	127	124,86	0,0031800000	True
Spd_RF2_500_603_5091.txt	112	118	115,13	0,0044800000	True
Spd_RF2_500_603_5099.txt	109	115	111,62	0,0054000000	True
Spd_RF2_500_603_5107.txt	112	117	114,7	0,0047800000	True
Spd_RF2_500_603_5115.txt	109	115	112,74	0,0061300000	True
Spd_RF2_500_603_5123.txt	108	114	110,79	0,0069700000	True
Spd_RF2_500_637_5131.txt	99	108	103,49	0,0070900000	True
Spd_RF2_500_637_5139.txt	100	106	102,49	0,0075900000	True
Spd_RF2_500_637_5147.txt	95	103	98,41	0,0071900000	True
Spd_RF2_500_637_5155.txt	94	102	98,24	0,0093900000	True
Spd_RF2_500_637_5163.txt	92	101	95,87	0,0074600000	True
Spd_RF2_500_672_5171.txt	89	98	92,5	0,0111100000	True
Spd_RF2_500_672_5179.txt	86	95	90,59	0,0114200000	True
Spd_RF2_500_672_5187.txt	83	94	87,7	0,0118100000	True
Spd_RF2_500_672_5195.txt	87	96	90,74	0,0091600000	True
Spd_RF2_500_672_5203.txt	86	95	90,7	0,0104100000	True
Spd_RF2_600_637_5211.txt	184	188	186,25	0,0027300000	True
Spd_RF2_600_637_5219.txt	185	186	185,9	0,0020300000	True
Spd_RF2_600_637_5227.txt	186	189	188,04	0,0027300000	True
Spd_RF2_600_637_5235.txt	185	186	185,09	0,0014100000	True
Spd_RF2_600_637_5243.txt	183	184	183,97	0,0017300000	True
Spd_RF2_600_674_5251.txt	168	171	169,68	0,0026800000	True
Spd_RF2_600_674_5259.txt	170	173	171,02	0,0025500000	True
Spd_RF2_600_674_5267.txt	171	173	171,57	0,0022400000	True
Spd_RF2_600_674_5275.txt	169	173	170,85	0,0023200000	True
Spd_RF2_600_674_5283.txt	172	175	173,08	0,0026500000	True
Spd_RF2_600_712_5291.txt	153	158	155,86	0,0030600000	True
Spd_RF2_600_712_5299.txt	156	161	158,52	0,0031000000	True
Spd_RF2_600_712_5307.txt	154	157	155,36	0,0027100000	True
Spd_RF2_600_712_5315.txt	155	160	157,19	0,0031700000	True
Spd_RF2_600_712_5323.txt	153	158	155,9	0,0031800000	True
Spd_RF2_600_749_5331.txt	140	145	142,5	0,0037000000	True
Spd_RF2_600_749_5339.txt	143	147	144,93	0,0030800000	True
Spd_RF2_600_749_5347.txt	146	150	147,53	0,0035300000	True
Spd_RF2_600_749_5355.txt	146	149	147,83	0,0024900000	True
Spd_RF2_600_749_5363.txt	141	146	143,73	0,0030000000	True
Spd_RF2_600_787_5371.txt	133	138	135,52	0,0045900000	True
Spd_RF2_600_787_5379.txt	130	136	132,58	0,0047500000	True
Spd_RF2_600_787_5387.txt	132	137	134,15	0,0034700000	True
Spd_RF2_600_787_5395.txt	134	138	136,11	0,0033500000	True
Spd_RF2_600_787_5403.txt	131	136	133,93	0,0028500000	True
Spd_RF2_60_107_1131.txt	5	10	6,88	0,0006700000	True
Spd_RF2_60_107_1139.txt	5	9	7,1	0,0005500000	True
Spd_RF2_60_107_1147.txt	5	9	6,71	0,0005500000	True
Spd_RF2_60_107_1155.txt	6	10	7,5	0,0006400000	True
Spd_RF2_60_107_1163.txt	4	10	7,46	0,0006800000	True
Spd_RF2_60_119_1171.txt	4	9	5,71	0,0007500000	True
Spd_RF2_60_119_1179.txt	4	8	5,7	0,0007700000	True
Spd_RF2_60_119_1187.txt	3	8	5,37	0,0006200000	True
Spd_RF2_60_119_1195.txt	3	8	5,62	0,0006700000	True
Spd_RF2_60_119_1203.txt	5	9	6,02	0,0007100000	True
Spd_RF2_60_71_1011.txt	11	14	12,07	0,0004000000	True
Spd_RF2_60_71_1019.txt	14	14	14	0,0002200000	True
Spd_RF2_60_71_1027.txt	14	15	14,14	0,0003000000	True
Spd_RF2_60_71_1035.txt	12	13	12,16	0,0003000000	True
Spd_RF2_60_71_1043.txt	16	16	16	0,0001600000	True
Spd_RF2_60_83_1051.txt	8	12	9,81	0,0005700000	True
Spd_RF2_60_83_1059.txt	8	11	9,28	0,0005300000	True
Spd_RF2_60_83_1067.txt	8	12	10,04	0,0005600000	True
Spd_RF2_60_83_1075.txt	10	13	11,44	0,0004300000	True
Spd_RF2_60_83_1083.txt	8	12	9,89	0,0004600000	True
Spd_RF2_60_95_1091.txt	7	11	8,59	0,0004700000	True
Spd_RF2_60_95_1099.txt	6	11	8,4	0,0005900000	True
Spd_RF2_60_95_1107.txt	5	9	6,77	0,0006000000	True
Spd_RF2_60_95_1115.txt	7	9	8,29	0,0004200000	True
Spd_RF2_60_95_1123.txt	5	10	7,53	0,0006100000	True
Spd_RF2_700_740_5411.txt	217	219	218,32	0,0021900000	True
Spd_RF2_700_740_5419.txt	215	217	216,07	0,0017500000	True
Spd_RF2_700_740_5427.txt	217	218	217,93	0,0022700000	True
Spd_RF2_700_740_5435.txt	216	217	216,83	0,0026100000	True
Spd_RF2_700_740_5443.txt	216	218	217,24	0,0024900000	True
Spd_RF2_700_780_5451.txt	201	205	203,38	0,0034100000	True
Spd_RF2_700_780_5459.txt	202	205	203,48	0,0038900000	True
Spd_RF2_700_780_5467.txt	202	204	203,14	0,0032900000	True
Spd_RF2_700_780_5475.txt	198	201	199,64	0,0032700000	True
Spd_RF2_700_780_5483.txt	202	205	203,59	0,0027600000	True
Spd_RF2_700_821_5491.txt	182	185	183,64	0,0033900000	True
Spd_RF2_700_821_5499.txt	181	185	183,15	0,0037500000	True
Spd_RF2_700_821_5507.txt	186	189	187,45	0,0033000000	True
Spd_RF2_700_821_5515.txt	185	188	186,39	0,0039300000	True
Spd_RF2_700_821_5523.txt	186	191	188,22	0,0040700000	True
Spd_RF2_700_861_5531.txt	169	174	171,91	0,0041700000	True
Spd_RF2_700_861_5539.txt	170	176	173,15	0,0030900000	True
Spd_RF2_700_861_5547.txt	169	174	171,27	0,0042100000	True
Spd_RF2_700_861_5555.txt	169	175	172,18	0,0032700000	True
Spd_RF2_700_861_5563.txt	166	170	167,73	0,0036200000	True
Spd_RF2_700_902_5571.txt	163	169	165,77	0,0032700000	True
Spd_RF2_700_902_5579.txt	158	164	160,7	0,0048100000	True
Spd_RF2_700_902_5587.txt	161	167	164,09	0,0048200000	True
Spd_RF2_700_902_5595.txt	157	163	159,64	0,0048900000	True
Spd_RF2_700_902_5603.txt	159	166	163,06	0,0038100000	True
Spd_RF2_800_1017_5771.txt	184	190	186,12	0,0061600000	True
Spd_RF2_800_1017_5779.txt	179	186	182,96	0,0068700000	True
Spd_RF2_800_1017_5787.txt	184	191	186,88	0,0064000000	True
Spd_RF2_800_1017_5795.txt	185	190	187,07	0,0051500000	True
Spd_RF2_800_1017_5803.txt	182	189	185,69	0,0050200000	True
Spd_RF2_800_843_5611.txt	248	251	249,79	0,0039500000	True
Spd_RF2_800_843_5619.txt	246	248	246,59	0,0028500000	True
Spd_RF2_800_843_5627.txt	248	249	248,74	0,0033700000	True
Spd_RF2_800_843_5635.txt	249	250	249,51	0,0027700000	True
Spd_RF2_800_843_5643.txt	248	249	248,27	0,0029600000	True
Spd_RF2_800_886_5651.txt	231	234	232,94	0,0037200000	True
Spd_RF2_800_886_5659.txt	232	234	233,24	0,0038700000	True
Spd_RF2_800_886_5667.txt	229	232	230,35	0,0038300000	True
Spd_RF2_800_886_5675.txt	231	233	231,91	0,0028000000	True
Spd_RF2_800_886_5683.txt	230	233	231,18	0,0044500000	True
Spd_RF2_800_930_5691.txt	214	217	215,36	0,0038100000	True
Spd_RF2_800_930_5699.txt	212	215	213,45	0,0046600000	True
Spd_RF2_800_930_5707.txt	213	217	214,53	0,0042200000	True
Spd_RF2_800_930_5715.txt	215	219	216,9	0,0038700000	True
Spd_RF2_800_930_5723.txt	212	216	214,15	0,0050300000	True
Spd_RF2_800_973_5731.txt	203	207	204,74	0,0042600000	True
Spd_RF2_800_973_5739.txt	192	198	194,63	0,0056400000	True
Spd_RF2_800_973_5747.txt	202	206	204,06	0,0051100000	True
Spd_RF2_800_973_5755.txt	198	203	201,07	0,0050700000	True
Spd_RF2_800_973_5763.txt	200	206	202,98	0,0059800000	True
Spd_RF2_80_106_1451.txt	12	16	14,04	0,0005300000	True
Spd_RF2_80_106_1459.txt	12	16	14,09	0,0003800000	True
Spd_RF2_80_106_1467.txt	13	17	14,85	0,0005000000	True
Spd_RF2_80_106_1475.txt	13	16	14,37	0,0005800000	True
Spd_RF2_80_106_1483.txt	12	15	13,42	0,0006600000	True
Spd_RF2_80_120_1491.txt	9	13	10,7	0,0007500000	True
Spd_RF2_80_120_1499.txt	10	14	12,23	0,0010100000	True
Spd_RF2_80_120_1507.txt	9	14	11,84	0,0010000000	True
Spd_RF2_80_120_1515.txt	11	16	12,85	0,0009100000	True
Spd_RF2_80_120_1523.txt	11	16	13,42	0,0008200000	True
Spd_RF2_80_133_1531.txt	8	13	9,94	0,0010400000	True
Spd_RF2_80_133_1539.txt	8	13	10,5	0,0010300000	True
Spd_RF2_80_133_1547.txt	6	12	8,64	0,0008200000	True
Spd_RF2_80_133_1555.txt	7	11	9,14	0,0007900000	True
Spd_RF2_80_133_1563.txt	8	13	10,23	0,0007100000	True
Spd_RF2_80_147_1571.txt	5	12	7,85	0,0008700000	True
Spd_RF2_80_147_1579.txt	5	10	7,77	0,0009700000	True
Spd_RF2_80_147_1587.txt	6	11	8,36	0,0010200000	True
Spd_RF2_80_147_1595.txt	6	11	8,56	0,0009900000	True
Spd_RF2_80_147_1603.txt	5	10	7,33	0,0010300000	True
Spd_RF2_80_93_1411.txt	17	17	17	0,0003300000	True
Spd_RF2_80_93_1419.txt	16	18	16,86	0,0003400000	True
Spd_RF2_80_93_1427.txt	18	18	18	0,0002000000	True
Spd_RF2_80_93_1435.txt	16	17	16,71	0,0004000000	True
Spd_RF2_80_93_1443.txt	17	20	18,42	0,0004400000	True
Spd_RF2_900_1034_5891.txt	245	249	246,84	0,0043700000	True
Spd_RF2_900_1034_5899.txt	245	249	247,46	0,0060100000	True
Spd_RF2_900_1034_5907.txt	243	248	245,76	0,0055400000	True
Spd_RF2_900_1034_5915.txt	245	251	247,64	0,0046700000	True
Spd_RF2_900_1034_5923.txt	245	249	247,2	0,0042400000	True
Spd_RF2_900_1079_5931.txt	228	233	230,54	0,0054400000	True
Spd_RF2_900_1079_5939.txt	230	235	232,44	0,0065000000	True
Spd_RF2_900_1079_5947.txt	231	236	233,9	0,0052700000	True
Spd_RF2_900_1079_5955.txt	229	233	231,1	0,0061600000	True
Spd_RF2_900_1079_5963.txt	229	235	231,81	0,0061100000	True
Spd_RF2_900_1124_5971.txt	218	223	220,11	0,0055000000	True
Spd_RF2_900_1124_5979.txt	217	223	219,28	0,0046700000	True
Spd_RF2_900_1124_5987.txt	210	216	212,69	0,0066400000	True
Spd_RF2_900_1124_5995.txt	211	216	213,91	0,0047400000	True
Spd_RF2_900_1124_6003.txt	210	217	213,33	0,0069100000	True
Spd_RF2_900_944_5811.txt	282	284	282,39	0,0040700000	True
Spd_RF2_900_944_5819.txt	282	284	282,73	0,0036400000	True
Spd_RF2_900_944_5827.txt	281	284	282,27	0,0039000000	True
Spd_RF2_900_944_5835.txt	283	285	284,06	0,0046900000	True
Spd_RF2_900_944_5843.txt	282	283	282,26	0,0049800000	True
Spd_RF2_900_989_5851.txt	263	267	264,26	0,0048100000	True
Spd_RF2_900_989_5859.txt	264	267	265,36	0,0061300000	True
Spd_RF2_900_989_5867.txt	266	268	266,86	0,0043500000	True
Spd_RF2_900_989_5875.txt	264	268	266,01	0,0040800000	True
Spd_RF2_900_989_5883.txt	260	264	262,16	0,0050500000	True
