60 107 0
1 26 0
1 32 0
1 33 0
1 39 0
1 45 0
2 6 0
2 15 0
2 29 0
2 32 0
2 45 0
2 53 0
2 55 0
3 10 0
3 12 0
3 60 0
4 18 0
4 24 0
5 6 0
5 20 0
5 45 0
6 13 0
6 55 0
7 22 0
7 27 0
7 29 0
7 35 0
7 50 0
8 27 0
8 28 0
8 30 0
8 43 0
8 45 0
8 58 0
8 59 0
9 22 0
9 56 0
10 31 0
10 57 0
11 13 0
11 34 0
11 47 0
11 53 0
11 54 0
12 15 0
12 21 0
12 35 0
12 40 0
12 51 0
13 22 0
13 23 0
13 35 0
13 39 0
14 16 0
14 19 0
14 25 0
14 35 0
15 19 0
15 47 0
16 26 0
16 43 0
17 28 0
18 24 0
19 27 0
19 60 0
20 29 0
20 57 0
20 58 0
21 24 0
21 28 0
22 29 0
22 30 0
22 45 0
23 32 0
23 37 0
23 55 0
24 44 0
24 50 0
24 56 0
26 40 0
26 50 0
26 56 0
27 39 0
28 29 0
28 30 0
28 38 0
28 55 0
30 47 0
31 34 0
31 44 0
31 47 0
31 52 0
32 56 0
34 36 0
36 56 0
36 57 0
37 49 0
41 49 0
41 53 0
42 60 0
43 53 0
45 50 0
45 60 0
46 49 0
47 49 0
47 50 0
48 60 0
51 53 0
