350 492 0
1 168 0
2 132 0
3 61 0
3 151 0
3 294 0
4 50 0
5 18 0
5 105 0
5 210 0
5 328 0
6 92 0
6 114 0
7 104 0
7 265 0
7 296 0
7 338 0
8 109 0
8 122 0
8 148 0
8 303 0
8 334 0
9 238 0
10 232 0
11 47 0
11 79 0
11 269 0
11 349 0
12 76 0
12 150 0
12 245 0
12 293 0
12 313 0
13 36 0
13 83 0
13 157 0
14 130 0
14 154 0
15 16 0
15 73 0
15 265 0
16 98 0
16 103 0
16 239 0
16 243 0
17 29 0
17 140 0
18 236 0
18 343 0
19 292 0
20 27 0
20 319 0
21 105 0
21 215 0
22 32 0
22 178 0
22 198 0
23 290 0
24 129 0
25 107 0
25 155 0
25 190 0
25 261 0
25 322 0
26 35 0
26 145 0
27 129 0
28 221 0
28 229 0
28 260 0
28 286 0
28 325 0
29 72 0
29 243 0
30 337 0
31 190 0
31 314 0
32 126 0
32 148 0
32 179 0
32 296 0
32 306 0
33 208 0
34 44 0
34 158 0
34 174 0
34 191 0
34 321 0
35 88 0
36 116 0
36 136 0
36 149 0
36 184 0
36 250 0
36 256 0
37 65 0
37 116 0
37 121 0
37 248 0
38 134 0
38 328 0
38 343 0
39 153 0
39 302 0
40 134 0
40 155 0
41 176 0
41 184 0
41 218 0
41 251 0
41 314 0
41 335 0
42 307 0
42 309 0
43 156 0
43 259 0
43 295 0
43 336 0
45 71 0
45 254 0
46 171 0
48 254 0
49 328 0
50 189 0
50 217 0
50 312 0
50 313 0
51 111 0
51 118 0
52 294 0
53 205 0
53 214 0
53 294 0
53 343 0
54 157 0
54 167 0
54 172 0
54 254 0
55 332 0
56 254 0
56 344 0
57 305 0
58 197 0
58 215 0
58 226 0
58 334 0
59 243 0
59 285 0
59 313 0
59 316 0
60 200 0
61 73 0
61 142 0
62 140 0
62 335 0
63 165 0
63 177 0
64 320 0
64 337 0
65 208 0
66 249 0
66 323 0
66 340 0
67 337 0
68 305 0
69 292 0
70 182 0
71 343 0
72 115 0
72 147 0
72 330 0
73 220 0
74 119 0
75 221 0
75 238 0
76 80 0
76 103 0
76 141 0
76 152 0
76 162 0
76 259 0
76 289 0
77 136 0
78 155 0
81 194 0
82 90 0
82 181 0
82 195 0
82 282 0
83 277 0
84 119 0
84 136 0
84 180 0
85 197 0
85 303 0
86 121 0
86 191 0
86 198 0
86 235 0
87 111 0
88 143 0
88 187 0
88 272 0
88 341 0
89 307 0
90 155 0
90 171 0
90 244 0
91 140 0
91 232 0
91 300 0
92 146 0
92 168 0
92 188 0
92 202 0
92 231 0
92 236 0
93 224 0
93 250 0
93 293 0
93 326 0
94 132 0
95 265 0
95 303 0
96 323 0
97 165 0
97 329 0
99 167 0
100 182 0
100 337 0
100 343 0
101 168 0
102 113 0
103 120 0
103 129 0
103 172 0
103 346 0
105 111 0
105 112 0
105 233 0
105 241 0
105 293 0
106 113 0
107 136 0
108 155 0
108 291 0
108 334 0
110 332 0
111 213 0
111 216 0
111 234 0
111 261 0
112 138 0
113 293 0
113 301 0
114 292 0
114 297 0
114 334 0
114 347 0
115 116 0
115 167 0
116 173 0
116 266 0
116 335 0
117 333 0
118 183 0
119 138 0
119 196 0
120 146 0
122 258 0
122 270 0
123 224 0
123 274 0
123 338 0
123 346 0
124 192 0
125 138 0
125 193 0
125 249 0
125 318 0
125 321 0
126 321 0
127 232 0
128 132 0
129 131 0
130 191 0
130 199 0
130 255 0
131 285 0
132 275 0
133 155 0
133 232 0
133 281 0
134 192 0
134 224 0
134 295 0
135 146 0
136 219 0
136 278 0
137 160 0
137 210 0
137 262 0
138 208 0
138 220 0
138 244 0
139 206 0
140 330 0
142 276 0
142 331 0
142 342 0
143 172 0
143 190 0
143 333 0
144 171 0
145 222 0
145 306 0
145 311 0
145 318 0
146 201 0
146 267 0
149 150 0
149 315 0
149 321 0
150 161 0
150 180 0
151 166 0
151 204 0
151 275 0
152 192 0
153 162 0
153 180 0
153 339 0
154 272 0
157 263 0
157 283 0
159 183 0
160 234 0
160 255 0
160 303 0
161 163 0
161 248 0
162 273 0
163 231 0
163 244 0
163 271 0
163 311 0
163 345 0
164 183 0
164 239 0
165 242 0
165 275 0
167 186 0
167 348 0
168 281 0
169 202 0
170 324 0
171 291 0
171 296 0
172 248 0
173 276 0
175 243 0
175 290 0
176 242 0
176 268 0
176 274 0
176 290 0
176 332 0
177 238 0
178 319 0
180 272 0
180 275 0
182 203 0
182 329 0
182 338 0
183 221 0
183 261 0
184 188 0
185 267 0
185 319 0
187 229 0
187 303 0
188 257 0
188 270 0
189 230 0
190 247 0
191 274 0
191 323 0
192 321 0
194 211 0
194 214 0
194 315 0
195 199 0
196 344 0
198 303 0
198 325 0
200 252 0
200 276 0
200 288 0
200 312 0
200 327 0
201 231 0
201 242 0
201 292 0
201 328 0
202 299 0
202 310 0
205 208 0
206 237 0
206 284 0
206 338 0
207 262 0
209 256 0
209 280 0
210 264 0
212 264 0
213 263 0
213 307 0
219 268 0
220 308 0
220 322 0
221 339 0
223 262 0
224 256 0
225 328 0
225 330 0
227 294 0
228 339 0
230 288 0
230 320 0
231 261 0
232 330 0
233 268 0
234 272 0
236 292 0
237 243 0
238 269 0
239 308 0
240 346 0
242 311 0
244 249 0
244 276 0
245 277 0
245 324 0
245 332 0
246 305 0
248 274 0
248 344 0
250 310 0
251 324 0
252 346 0
253 256 0
253 316 0
254 336 0
256 302 0
257 282 0
258 277 0
259 262 0
259 344 0
260 273 0
261 305 0
261 311 0
264 300 0
264 306 0
268 327 0
269 319 0
269 345 0
271 323 0
272 279 0
274 286 0
276 294 0
276 305 0
277 280 0
277 331 0
278 314 0
286 307 0
286 337 0
287 324 0
290 317 0
298 333 0
303 312 0
303 315 0
304 332 0
306 345 0
309 333 0
311 333 0
311 339 0
313 343 0
315 320 0
320 350 0
330 344 0
334 344 0
338 345 0
339 340 0
