900 989 0
1 55 0
2 337 0
3 134 0
3 345 0
3 573 0
3 781 0
3 811 0
4 486 0
5 771 0
6 576 0
7 78 0
7 99 0
7 706 0
7 875 0
8 145 0
9 422 0
10 33 0
10 63 0
10 220 0
10 482 0
10 628 0
10 766 0
11 809 0
12 312 0
12 351 0
12 399 0
12 741 0
13 58 0
14 414 0
15 233 0
15 540 0
15 561 0
15 611 0
16 39 0
17 400 0
17 431 0
17 521 0
17 844 0
18 544 0
18 769 0
18 781 0
18 827 0
19 510 0
19 679 0
19 712 0
20 242 0
20 366 0
20 414 0
21 651 0
21 714 0
21 730 0
21 848 0
22 151 0
23 192 0
23 342 0
23 558 0
23 873 0
24 167 0
25 473 0
26 78 0
26 550 0
26 578 0
26 748 0
27 783 0
28 66 0
28 178 0
28 185 0
28 538 0
29 859 0
30 135 0
31 864 0
32 53 0
33 328 0
33 548 0
34 82 0
35 712 0
36 588 0
36 642 0
36 802 0
37 84 0
38 400 0
39 183 0
39 434 0
39 560 0
40 156 0
40 301 0
40 570 0
40 785 0
41 76 0
41 87 0
41 212 0
41 725 0
41 822 0
42 163 0
42 511 0
42 642 0
42 706 0
43 315 0
44 433 0
45 91 0
45 291 0
45 350 0
45 462 0
45 878 0
46 589 0
47 131 0
47 209 0
47 335 0
47 420 0
47 852 0
48 167 0
49 675 0
50 211 0
51 381 0
52 421 0
53 66 0
53 172 0
53 669 0
54 846 0
55 377 0
55 697 0
55 828 0
56 414 0
57 130 0
58 115 0
58 311 0
58 841 0
59 109 0
60 114 0
61 302 0
61 418 0
61 433 0
61 643 0
62 381 0
63 288 0
63 357 0
64 582 0
65 667 0
66 201 0
66 898 0
67 511 0
67 741 0
67 792 0
67 794 0
68 168 0
69 500 0
69 760 0
69 774 0
69 888 0
70 587 0
71 98 0
71 177 0
71 577 0
71 724 0
72 526 0
73 143 0
73 192 0
73 728 0
73 734 0
74 194 0
75 196 0
75 237 0
75 545 0
75 785 0
77 764 0
78 575 0
78 828 0
79 112 0
79 479 0
79 618 0
79 703 0
80 751 0
81 200 0
82 777 0
82 804 0
82 887 0
83 871 0
84 333 0
84 417 0
84 600 0
84 714 0
84 815 0
85 466 0
86 101 0
86 363 0
86 469 0
86 785 0
87 159 0
87 202 0
88 422 0
89 256 0
90 348 0
92 772 0
93 328 0
94 673 0
95 200 0
95 239 0
95 695 0
95 833 0
96 209 0
96 211 0
96 262 0
96 510 0
96 791 0
97 591 0
99 304 0
99 415 0
99 541 0
100 733 0
102 840 0
103 872 0
104 854 0
105 620 0
106 281 0
106 293 0
106 670 0
106 784 0
107 238 0
107 326 0
107 480 0
107 830 0
108 893 0
109 532 0
109 740 0
109 777 0
110 259 0
111 505 0
112 205 0
112 501 0
113 395 0
114 155 0
114 388 0
114 415 0
114 850 0
115 572 0
115 621 0
115 794 0
116 244 0
117 535 0
118 174 0
118 286 0
118 390 0
118 519 0
119 240 0
120 748 0
121 279 0
122 553 0
123 318 0
123 437 0
123 594 0
123 678 0
124 289 0
125 493 0
126 498 0
127 507 0
128 708 0
129 299 0
130 174 0
130 360 0
130 892 0
131 316 0
131 374 0
131 877 0
132 452 0
133 223 0
133 322 0
133 351 0
133 647 0
133 702 0
134 323 0
134 429 0
134 865 0
135 385 0
135 472 0
135 781 0
136 259 0
137 597 0
138 852 0
139 485 0
140 846 0
141 516 0
142 446 0
142 449 0
142 571 0
142 787 0
144 240 0
145 146 0
145 176 0
145 699 0
146 381 0
146 588 0
146 875 0
147 292 0
147 294 0
147 404 0
147 477 0
148 252 0
148 378 0
148 415 0
148 562 0
149 256 0
150 357 0
151 212 0
151 402 0
151 849 0
152 326 0
152 657 0
152 820 0
152 861 0
153 211 0
154 526 0
157 170 0
157 179 0
157 208 0
157 543 0
158 568 0
159 319 0
159 359 0
159 693 0
160 189 0
160 191 0
160 304 0
160 542 0
161 379 0
162 510 0
163 286 0
163 295 0
163 567 0
163 773 0
164 182 0
164 193 0
164 356 0
165 744 0
166 466 0
167 188 0
167 737 0
168 338 0
168 490 0
168 828 0
169 242 0
171 515 0
173 615 0
174 414 0
174 592 0
175 621 0
180 612 0
181 348 0
181 393 0
181 643 0
181 654 0
182 298 0
182 431 0
183 279 0
183 676 0
183 886 0
184 232 0
184 291 0
184 512 0
184 543 0
186 466 0
187 615 0
190 497 0
190 563 0
190 704 0
190 843 0
192 640 0
192 792 0
194 377 0
194 460 0
194 463 0
194 503 0
195 274 0
195 355 0
195 494 0
195 501 0
197 692 0
198 744 0
198 776 0
198 778 0
199 325 0
200 339 0
200 684 0
201 345 0
201 577 0
201 785 0
202 220 0
202 295 0
202 561 0
202 567 0
202 897 0
203 418 0
204 268 0
204 297 0
204 314 0
204 420 0
205 284 0
205 561 0
205 631 0
205 810 0
206 587 0
207 756 0
209 230 0
209 295 0
210 847 0
211 790 0
212 576 0
212 619 0
213 294 0
213 688 0
213 762 0
213 826 0
214 366 0
215 381 0
216 521 0
217 854 0
218 535 0
219 576 0
220 241 0
220 366 0
221 591 0
222 267 0
222 380 0
222 633 0
222 745 0
224 510 0
225 898 0
226 833 0
227 355 0
228 874 0
229 376 0
230 289 0
230 467 0
230 696 0
231 894 0
234 654 0
235 778 0
236 335 0
239 394 0
239 448 0
239 682 0
239 742 0
240 324 0
240 703 0
241 388 0
241 407 0
241 567 0
242 353 0
242 662 0
243 335 0
244 247 0
244 491 0
244 577 0
245 501 0
245 535 0
245 750 0
245 871 0
246 376 0
246 467 0
246 527 0
248 336 0
249 756 0
250 409 0
251 279 0
251 639 0
251 698 0
253 572 0
254 772 0
255 498 0
256 350 0
256 838 0
257 350 0
257 428 0
257 773 0
257 782 0
258 493 0
259 691 0
259 897 0
260 422 0
260 582 0
260 620 0
260 869 0
261 694 0
262 520 0
262 683 0
262 726 0
263 590 0
264 299 0
265 309 0
266 367 0
266 504 0
266 595 0
266 731 0
267 473 0
267 643 0
267 712 0
269 576 0
270 444 0
271 635 0
272 559 0
272 715 0
272 765 0
272 899 0
273 442 0
274 282 0
274 373 0
274 459 0
275 840 0
276 295 0
276 543 0
276 693 0
276 709 0
277 413 0
278 397 0
279 282 0
279 766 0
279 815 0
279 863 0
280 553 0
282 411 0
283 746 0
285 778 0
286 431 0
286 869 0
287 770 0
288 352 0
288 481 0
288 552 0
288 719 0
289 523 0
289 716 0
290 429 0
291 748 0
294 431 0
294 591 0
296 307 0
296 489 0
296 517 0
296 559 0
298 498 0
298 717 0
298 772 0
298 819 0
299 390 0
299 705 0
300 620 0
302 506 0
302 531 0
302 796 0
303 470 0
303 483 0
303 647 0
303 732 0
304 485 0
304 756 0
305 309 0
306 467 0
308 721 0
309 519 0
309 876 0
310 621 0
313 862 0
314 444 0
314 721 0
314 819 0
314 821 0
315 639 0
315 763 0
315 835 0
317 864 0
320 778 0
321 323 0
323 430 0
323 642 0
323 761 0
325 427 0
325 500 0
325 853 0
326 508 0
326 708 0
327 655 0
328 439 0
328 686 0
328 895 0
329 874 0
330 696 0
331 772 0
332 818 0
333 422 0
333 855 0
334 713 0
335 465 0
335 629 0
335 714 0
336 603 0
336 632 0
336 737 0
336 766 0
337 502 0
337 518 0
337 647 0
339 421 0
339 709 0
339 795 0
340 708 0
341 805 0
343 694 0
344 871 0
345 501 0
345 706 0
346 507 0
347 616 0
347 643 0
347 695 0
347 706 0
348 565 0
348 663 0
348 812 0
349 368 0
350 493 0
351 782 0
354 712 0
355 634 0
355 780 0
356 659 0
356 673 0
356 792 0
357 455 0
357 784 0
358 744 0
361 713 0
362 365 0
362 596 0
362 775 0
362 881 0
364 748 0
364 764 0
364 772 0
366 419 0
366 666 0
368 488 0
368 541 0
368 701 0
369 597 0
370 501 0
370 698 0
370 713 0
371 550 0
372 533 0
372 662 0
372 795 0
372 831 0
375 864 0
376 417 0
376 534 0
376 664 0
377 529 0
379 382 0
379 525 0
379 881 0
383 400 0
384 717 0
386 418 0
387 442 0
387 582 0
387 874 0
388 582 0
389 591 0
390 597 0
390 894 0
391 698 0
392 746 0
393 406 0
393 649 0
393 885 0
395 704 0
395 735 0
395 834 0
396 748 0
397 709 0
397 879 0
397 880 0
398 592 0
400 674 0
401 859 0
403 894 0
405 776 0
408 898 0
409 436 0
409 558 0
409 644 0
409 743 0
409 784 0
410 847 0
411 437 0
411 465 0
411 637 0
411 793 0
412 671 0
413 610 0
413 782 0
413 890 0
414 546 0
415 698 0
416 655 0
417 508 0
417 539 0
418 465 0
418 811 0
418 882 0
419 442 0
419 582 0
420 840 0
421 458 0
421 541 0
421 867 0
422 799 0
423 696 0
424 452 0
425 692 0
426 521 0
428 530 0
428 746 0
428 840 0
429 614 0
429 646 0
429 867 0
431 662 0
432 527 0
433 513 0
433 823 0
435 516 0
437 486 0
437 695 0
438 694 0
440 655 0
441 621 0
442 573 0
442 685 0
442 707 0
443 530 0
444 450 0
444 800 0
445 675 0
447 667 0
448 505 0
448 692 0
451 721 0
452 627 0
452 650 0
453 839 0
454 521 0
456 805 0
457 833 0
461 640 0
463 587 0
463 783 0
463 869 0
464 494 0
466 883 0
467 558 0
467 626 0
468 776 0
471 764 0
473 690 0
473 896 0
474 692 0
475 550 0
476 733 0
478 808 0
484 839 0
485 536 0
485 583 0
486 747 0
486 768 0
487 862 0
492 865 0
493 900 0
494 593 0
494 723 0
495 855 0
496 516 0
498 739 0
499 847 0
500 695 0
500 854 0
501 881 0
504 516 0
504 555 0
504 616 0
505 639 0
505 722 0
507 575 0
507 599 0
508 511 0
508 650 0
509 865 0
511 819 0
513 591 0
513 785 0
514 771 0
515 665 0
515 736 0
515 883 0
519 655 0
519 770 0
521 867 0
522 597 0
524 582 0
526 585 0
526 703 0
526 870 0
527 581 0
527 677 0
527 883 0
528 535 0
529 606 0
529 617 0
529 741 0
529 814 0
530 604 0
530 653 0
537 855 0
539 574 0
539 729 0
539 813 0
541 590 0
543 568 0
547 859 0
548 639 0
548 668 0
548 807 0
549 733 0
550 680 0
550 882 0
551 696 0
552 676 0
552 701 0
552 744 0
552 872 0
553 710 0
553 782 0
554 840 0
555 658 0
555 687 0
555 851 0
556 589 0
557 862 0
559 694 0
559 875 0
561 893 0
564 679 0
566 721 0
568 584 0
568 788 0
569 746 0
572 837 0
572 857 0
573 713 0
573 764 0
575 679 0
575 776 0
577 809 0
578 622 0
578 642 0
578 754 0
579 783 0
580 872 0
585 671 0
585 744 0
586 893 0
587 711 0
588 598 0
588 727 0
589 650 0
589 802 0
589 882 0
590 825 0
590 832 0
591 701 0
592 738 0
592 889 0
597 663 0
601 750 0
602 673 0
605 717 0
607 818 0
608 654 0
609 770 0
612 652 0
612 709 0
612 767 0
613 667 0
615 782 0
615 801 0
616 686 0
616 704 0
619 737 0
619 773 0
619 883 0
620 845 0
623 833 0
624 818 0
625 809 0
630 751 0
635 689 0
635 693 0
635 758 0
636 894 0
638 886 0
639 794 0
640 803 0
640 817 0
641 750 0
645 872 0
647 869 0
648 808 0
650 808 0
654 856 0
656 893 0
660 771 0
661 783 0
662 692 0
663 852 0
667 881 0
671 686 0
671 700 0
671 743 0
672 673 0
675 718 0
675 730 0
675 815 0
676 773 0
676 777 0
679 798 0
679 823 0
679 866 0
681 708 0
686 751 0
693 733 0
698 789 0
698 829 0
703 792 0
704 771 0
709 805 0
712 757 0
713 795 0
713 802 0
717 806 0
720 844 0
730 846 0
730 875 0
737 874 0
739 741 0
739 766 0
741 862 0
743 839 0
748 797 0
749 865 0
750 791 0
751 821 0
751 868 0
752 874 0
753 839 0
755 805 0
756 791 0
756 891 0
759 871 0
770 811 0
777 839 0
778 787 0
779 886 0
781 818 0
784 794 0
786 852 0
787 819 0
787 847 0
802 854 0
808 823 0
808 842 0
809 858 0
816 844 0
821 854 0
824 844 0
828 864 0
836 898 0
846 884 0
855 897 0
859 897 0
860 886 0
