900 1034 0
1 226 0
1 239 0
1 537 0
2 307 0
2 516 0
2 634 0
2 784 0
3 140 0
3 177 0
3 837 0
4 139 0
5 419 0
6 171 0
7 772 0
8 248 0
9 713 0
10 112 0
10 214 0
10 356 0
10 469 0
10 492 0
11 120 0
12 197 0
12 395 0
12 477 0
12 580 0
13 92 0
13 212 0
13 475 0
13 790 0
13 818 0
14 287 0
15 650 0
16 141 0
16 498 0
16 734 0
16 819 0
17 46 0
17 167 0
17 392 0
17 601 0
18 272 0
19 295 0
20 256 0
20 328 0
20 613 0
20 754 0
21 80 0
22 607 0
22 700 0
22 815 0
22 839 0
23 770 0
24 717 0
25 701 0
26 255 0
27 254 0
28 143 0
28 300 0
28 464 0
28 565 0
29 193 0
30 652 0
31 317 0
31 349 0
31 442 0
31 716 0
32 404 0
33 594 0
34 578 0
35 329 0
35 365 0
35 686 0
35 813 0
35 850 0
36 522 0
37 74 0
37 157 0
37 189 0
37 240 0
37 459 0
38 148 0
39 48 0
39 590 0
39 773 0
40 114 0
40 279 0
40 629 0
40 753 0
41 394 0
42 365 0
42 822 0
42 900 0
43 141 0
43 381 0
43 685 0
43 723 0
43 803 0
43 806 0
44 195 0
45 473 0
45 618 0
45 676 0
45 829 0
45 897 0
47 618 0
48 166 0
48 356 0
48 532 0
49 869 0
50 120 0
50 291 0
50 310 0
50 404 0
50 758 0
51 56 0
52 529 0
53 211 0
53 228 0
53 294 0
53 823 0
54 375 0
55 445 0
56 162 0
56 461 0
56 619 0
57 249 0
57 661 0
57 699 0
57 762 0
58 60 0
59 139 0
60 100 0
60 205 0
60 265 0
61 578 0
62 220 0
62 303 0
62 377 0
63 70 0
63 473 0
63 586 0
63 593 0
63 835 0
64 243 0
64 267 0
64 400 0
64 624 0
65 604 0
65 653 0
65 900 0
66 269 0
67 233 0
67 367 0
67 378 0
67 517 0
67 682 0
67 784 0
67 884 0
68 163 0
68 191 0
68 377 0
68 433 0
69 131 0
70 558 0
70 694 0
70 881 0
71 502 0
71 532 0
71 564 0
72 91 0
72 312 0
72 503 0
72 627 0
73 464 0
74 100 0
74 507 0
74 614 0
75 612 0
76 93 0
77 217 0
78 214 0
79 422 0
80 460 0
80 611 0
80 856 0
81 528 0
81 599 0
81 638 0
81 790 0
82 488 0
82 598 0
82 645 0
82 648 0
83 217 0
84 772 0
85 164 0
86 179 0
86 200 0
86 713 0
86 777 0
87 421 0
88 538 0
89 244 0
89 273 0
89 440 0
89 622 0
90 333 0
92 240 0
92 833 0
93 340 0
93 430 0
93 874 0
94 595 0
95 547 0
95 581 0
95 666 0
95 681 0
96 407 0
97 829 0
98 646 0
99 300 0
100 612 0
101 291 0
101 444 0
101 490 0
101 723 0
102 157 0
102 177 0
102 185 0
102 375 0
102 442 0
103 105 0
103 201 0
103 322 0
103 857 0
104 538 0
106 407 0
107 202 0
108 238 0
108 542 0
108 776 0
108 778 0
109 459 0
110 358 0
111 519 0
112 299 0
112 325 0
112 403 0
113 198 0
113 425 0
113 684 0
113 723 0
115 283 0
116 592 0
117 373 0
118 303 0
119 774 0
120 525 0
120 742 0
121 368 0
121 549 0
121 557 0
121 849 0
122 304 0
123 385 0
123 441 0
123 653 0
123 895 0
124 380 0
124 411 0
124 546 0
124 890 0
125 150 0
125 414 0
125 627 0
125 761 0
126 130 0
127 429 0
127 466 0
127 783 0
127 827 0
128 586 0
129 473 0
129 751 0
129 797 0
129 900 0
130 175 0
130 263 0
130 788 0
131 133 0
131 405 0
131 890 0
132 179 0
134 652 0
135 492 0
136 671 0
137 183 0
138 834 0
139 213 0
139 465 0
139 581 0
140 624 0
140 664 0
140 697 0
140 741 0
141 163 0
142 580 0
143 146 0
143 822 0
143 843 0
143 851 0
144 303 0
145 394 0
146 287 0
146 561 0
146 774 0
147 752 0
148 203 0
148 307 0
148 603 0
148 855 0
149 810 0
151 334 0
151 537 0
151 683 0
151 879 0
152 192 0
152 222 0
152 253 0
152 294 0
152 654 0
153 374 0
154 564 0
155 586 0
156 304 0
157 286 0
157 453 0
157 876 0
158 297 0
159 217 0
160 390 0
160 587 0
160 802 0
160 871 0
161 724 0
163 216 0
163 217 0
163 752 0
164 494 0
164 661 0
164 696 0
165 233 0
167 313 0
167 467 0
167 768 0
167 870 0
168 767 0
169 374 0
170 317 0
170 626 0
170 639 0
170 641 0
170 789 0
170 867 0
171 324 0
171 621 0
171 778 0
172 502 0
173 605 0
174 781 0
175 245 0
175 338 0
175 813 0
176 216 0
177 443 0
177 646 0
178 614 0
179 306 0
179 450 0
179 715 0
180 604 0
181 247 0
182 406 0
182 563 0
182 571 0
182 735 0
183 271 0
183 396 0
183 438 0
183 893 0
184 692 0
185 391 0
185 600 0
185 617 0
185 846 0
186 367 0
187 592 0
188 193 0
188 562 0
188 677 0
188 700 0
189 690 0
189 744 0
189 789 0
190 461 0
190 554 0
190 566 0
190 860 0
191 313 0
191 376 0
191 595 0
191 789 0
191 834 0
193 326 0
193 668 0
194 376 0
195 327 0
195 727 0
195 891 0
196 256 0
197 281 0
197 384 0
197 474 0
197 853 0
199 309 0
200 286 0
200 324 0
200 627 0
200 802 0
201 254 0
201 314 0
201 328 0
202 573 0
202 787 0
202 801 0
203 424 0
203 439 0
203 578 0
204 304 0
204 329 0
204 686 0
204 861 0
204 878 0
205 226 0
205 230 0
205 387 0
205 794 0
206 254 0
207 477 0
207 529 0
207 592 0
207 712 0
208 722 0
209 215 0
210 404 0
210 700 0
210 713 0
213 378 0
213 564 0
213 869 0
214 543 0
214 667 0
215 258 0
215 416 0
215 438 0
215 589 0
216 447 0
216 484 0
218 245 0
219 226 0
219 540 0
219 594 0
220 443 0
220 710 0
220 858 0
221 264 0
221 523 0
221 702 0
221 886 0
223 256 0
224 269 0
225 861 0
226 470 0
226 636 0
226 719 0
227 812 0
229 283 0
230 241 0
230 542 0
230 729 0
230 827 0
231 839 0
232 464 0
233 570 0
233 844 0
234 567 0
234 700 0
234 825 0
235 693 0
236 417 0
236 778 0
236 870 0
237 448 0
239 389 0
239 412 0
239 596 0
239 729 0
239 743 0
240 423 0
240 453 0
240 899 0
241 328 0
241 378 0
241 900 0
242 374 0
243 305 0
243 701 0
245 357 0
245 602 0
246 736 0
247 318 0
247 463 0
247 896 0
248 537 0
248 657 0
248 733 0
250 770 0
251 349 0
251 361 0
251 774 0
251 869 0
252 711 0
253 300 0
253 768 0
254 884 0
255 282 0
255 749 0
255 868 0
256 755 0
257 459 0
258 375 0
258 840 0
258 863 0
259 711 0
260 777 0
261 804 0
262 605 0
266 404 0
268 351 0
269 793 0
269 801 0
270 533 0
270 637 0
270 666 0
270 775 0
270 899 0
272 383 0
272 626 0
272 665 0
274 693 0
275 612 0
276 692 0
277 586 0
278 595 0
280 834 0
282 736 0
282 805 0
282 883 0
283 569 0
283 876 0
284 448 0
285 394 0
286 439 0
286 900 0
287 534 0
287 785 0
288 834 0
289 859 0
290 595 0
291 634 0
292 529 0
293 457 0
294 579 0
294 686 0
295 537 0
295 548 0
295 730 0
296 646 0
297 335 0
297 355 0
297 443 0
298 367 0
300 455 0
300 734 0
301 861 0
302 532 0
303 417 0
303 627 0
304 660 0
305 515 0
305 661 0
305 679 0
305 757 0
307 835 0
308 878 0
309 336 0
309 606 0
309 739 0
310 438 0
310 801 0
310 822 0
311 358 0
313 492 0
314 331 0
314 531 0
314 685 0
315 402 0
315 567 0
315 639 0
315 682 0
315 808 0
316 445 0
317 399 0
318 556 0
318 751 0
318 770 0
319 740 0
320 756 0
321 692 0
323 614 0
323 777 0
323 883 0
324 723 0
326 581 0
326 692 0
326 700 0
328 417 0
328 814 0
329 355 0
329 459 0
330 756 0
332 869 0
333 462 0
333 707 0
333 851 0
337 829 0
338 495 0
338 577 0
338 673 0
339 688 0
341 870 0
342 878 0
343 701 0
344 399 0
345 597 0
345 804 0
345 822 0
346 517 0
347 376 0
348 354 0
349 353 0
349 369 0
349 370 0
349 790 0
350 375 0
351 469 0
351 509 0
351 687 0
351 727 0
352 768 0
353 358 0
353 419 0
353 519 0
354 418 0
354 482 0
354 695 0
355 804 0
356 370 0
356 430 0
356 808 0
358 454 0
359 752 0
360 716 0
361 421 0
361 453 0
361 883 0
362 597 0
363 614 0
364 772 0
365 433 0
365 632 0
365 682 0
365 871 0
366 449 0
367 428 0
369 612 0
369 663 0
369 887 0
370 511 0
370 653 0
370 822 0
371 492 0
372 457 0
373 512 0
373 718 0
373 843 0
374 666 0
375 854 0
376 824 0
376 899 0
377 421 0
377 604 0
377 837 0
378 429 0
378 518 0
378 727 0
379 815 0
382 519 0
386 644 0
387 391 0
387 476 0
387 841 0
388 583 0
389 519 0
389 544 0
389 859 0
391 770 0
393 580 0
394 430 0
395 472 0
395 623 0
395 863 0
397 859 0
398 758 0
399 843 0
399 848 0
401 774 0
404 572 0
407 438 0
407 845 0
408 424 0
409 897 0
410 724 0
413 449 0
415 613 0
417 827 0
419 431 0
419 796 0
420 517 0
421 526 0
421 731 0
422 491 0
422 695 0
422 766 0
424 633 0
424 642 0
424 893 0
426 594 0
426 756 0
426 877 0
427 442 0
429 571 0
429 863 0
430 448 0
430 518 0
432 652 0
433 467 0
433 700 0
434 711 0
435 709 0
436 870 0
437 756 0
438 628 0
439 461 0
439 675 0
440 507 0
440 671 0
440 850 0
442 728 0
443 644 0
443 850 0
445 634 0
445 651 0
446 585 0
448 672 0
449 494 0
449 628 0
449 729 0
451 579 0
452 675 0
452 714 0
452 738 0
452 760 0
456 724 0
457 670 0
457 729 0
458 612 0
461 772 0
464 702 0
464 799 0
467 567 0
467 778 0
468 781 0
469 607 0
470 639 0
470 740 0
471 877 0
473 589 0
473 890 0
474 658 0
477 632 0
477 723 0
478 513 0
479 613 0
480 877 0
481 810 0
482 513 0
482 822 0
483 770 0
485 677 0
486 656 0
487 517 0
489 513 0
493 618 0
494 604 0
496 529 0
497 658 0
499 607 0
500 781 0
501 663 0
502 518 0
502 539 0
502 802 0
504 840 0
505 585 0
506 758 0
507 747 0
507 786 0
508 650 0
510 620 0
511 555 0
511 804 0
513 544 0
513 675 0
513 794 0
513 836 0
514 562 0
519 575 0
519 808 0
520 861 0
521 561 0
522 630 0
522 631 0
522 851 0
524 833 0
527 561 0
530 532 0
532 545 0
535 833 0
536 722 0
537 797 0
538 753 0
538 821 0
540 557 0
540 560 0
540 591 0
540 662 0
541 663 0
542 813 0
544 837 0
550 840 0
551 712 0
552 805 0
553 556 0
555 611 0
555 626 0
555 632 0
555 661 0
556 659 0
556 816 0
557 724 0
557 813 0
559 607 0
561 643 0
562 678 0
562 698 0
564 589 0
564 674 0
564 871 0
565 709 0
565 833 0
567 693 0
567 833 0
568 635 0
571 700 0
571 722 0
571 859 0
574 717 0
576 582 0
576 765 0
576 798 0
576 827 0
578 588 0
579 725 0
579 862 0
580 852 0
581 676 0
583 645 0
583 715 0
583 746 0
583 898 0
584 897 0
585 653 0
585 784 0
585 795 0
592 649 0
593 736 0
593 804 0
594 645 0
597 739 0
597 759 0
604 608 0
604 710 0
605 814 0
605 826 0
609 635 0
610 693 0
611 614 0
611 650 0
613 737 0
614 848 0
615 839 0
616 812 0
618 832 0
620 731 0
620 820 0
620 827 0
624 710 0
624 804 0
624 850 0
625 635 0
626 709 0
628 801 0
632 883 0
634 716 0
634 797 0
635 778 0
639 724 0
640 887 0
644 655 0
644 894 0
645 883 0
646 876 0
647 758 0
650 792 0
652 876 0
653 688 0
656 732 0
656 764 0
656 790 0
658 695 0
658 745 0
663 715 0
666 751 0
669 688 0
671 704 0
671 873 0
675 756 0
676 835 0
677 809 0
677 838 0
680 887 0
685 700 0
686 739 0
688 880 0
689 815 0
691 754 0
692 734 0
695 751 0
701 727 0
701 779 0
702 781 0
702 813 0
703 754 0
705 829 0
706 736 0
708 777 0
709 828 0
711 814 0
712 782 0
712 847 0
713 791 0
716 721 0
716 831 0
717 720 0
717 890 0
722 769 0
726 839 0
731 861 0
734 883 0
739 877 0
740 802 0
740 888 0
748 754 0
750 752 0
753 797 0
753 810 0
763 878 0
767 814 0
767 817 0
767 892 0
768 866 0
771 774 0
777 889 0
780 805 0
794 810 0
800 835 0
801 812 0
804 893 0
805 864 0
807 812 0
811 815 0
825 843 0
825 872 0
825 882 0
830 835 0
835 848 0
837 842 0
840 851 0
865 897 0
870 884 0
875 877 0
885 887 0
