700 780 0
1 289 0
2 533 0
3 609 0
4 205 0
4 347 0
4 403 0
4 427 0
4 627 0
4 647 0
5 58 0
5 328 0
5 355 0
5 465 0
5 682 0
6 503 0
7 699 0
8 107 0
8 128 0
8 358 0
8 412 0
8 562 0
9 30 0
9 80 0
9 306 0
9 380 0
10 554 0
11 249 0
11 281 0
11 410 0
11 455 0
12 173 0
12 179 0
12 229 0
12 490 0
12 685 0
13 363 0
14 689 0
15 328 0
16 602 0
17 86 0
17 123 0
17 264 0
17 335 0
17 375 0
17 491 0
18 522 0
19 28 0
20 456 0
21 64 0
22 48 0
22 129 0
22 168 0
22 512 0
23 268 0
24 34 0
25 556 0
26 274 0
27 272 0
27 382 0
27 575 0
27 584 0
28 128 0
28 308 0
28 678 0
29 448 0
30 72 0
30 562 0
31 487 0
31 551 0
31 625 0
31 695 0
32 129 0
32 230 0
32 301 0
32 423 0
33 157 0
34 124 0
34 187 0
34 354 0
34 539 0
35 235 0
35 444 0
35 600 0
35 687 0
36 299 0
37 146 0
37 367 0
37 404 0
37 642 0
38 131 0
39 255 0
39 302 0
39 440 0
39 582 0
39 668 0
40 89 0
41 556 0
42 427 0
43 150 0
43 253 0
43 281 0
43 411 0
44 270 0
45 100 0
45 102 0
45 337 0
45 416 0
45 422 0
46 563 0
47 275 0
49 683 0
50 139 0
50 213 0
50 277 0
50 425 0
50 485 0
51 58 0
52 515 0
53 119 0
53 557 0
53 630 0
53 650 0
54 255 0
54 285 0
54 526 0
54 627 0
55 403 0
56 436 0
57 480 0
58 193 0
58 447 0
59 356 0
60 218 0
60 244 0
60 252 0
60 681 0
61 241 0
62 558 0
63 452 0
64 99 0
64 569 0
64 629 0
65 246 0
66 355 0
67 575 0
68 252 0
69 212 0
70 653 0
71 286 0
71 299 0
71 535 0
71 576 0
71 658 0
72 234 0
72 325 0
72 408 0
73 695 0
74 189 0
75 386 0
76 126 0
76 298 0
76 386 0
76 640 0
76 696 0
77 81 0
77 155 0
77 340 0
77 389 0
78 84 0
79 83 0
79 87 0
79 224 0
79 528 0
80 272 0
80 288 0
80 311 0
81 194 0
81 232 0
81 682 0
82 335 0
82 385 0
82 591 0
82 593 0
84 399 0
84 479 0
84 536 0
84 679 0
85 620 0
88 134 0
88 244 0
88 459 0
88 506 0
89 128 0
89 210 0
89 468 0
89 578 0
90 157 0
91 167 0
91 188 0
91 514 0
91 675 0
92 400 0
93 99 0
93 354 0
93 561 0
94 280 0
95 436 0
96 408 0
96 414 0
96 522 0
96 561 0
97 432 0
98 124 0
98 142 0
98 453 0
98 470 0
98 497 0
99 165 0
99 236 0
99 487 0
101 328 0
102 237 0
102 658 0
103 105 0
104 247 0
104 310 0
104 354 0
104 471 0
104 539 0
104 544 0
105 137 0
105 148 0
105 262 0
105 491 0
105 624 0
106 298 0
106 304 0
106 480 0
106 511 0
106 545 0
107 454 0
107 464 0
107 519 0
107 689 0
108 223 0
109 145 0
109 199 0
109 409 0
109 474 0
110 475 0
111 507 0
112 254 0
113 364 0
114 139 0
114 217 0
114 634 0
114 652 0
115 237 0
116 365 0
117 464 0
118 131 0
119 353 0
119 407 0
119 620 0
120 251 0
121 511 0
122 212 0
123 395 0
123 695 0
124 290 0
125 397 0
126 429 0
126 483 0
126 523 0
127 395 0
127 407 0
127 699 0
128 633 0
129 241 0
129 408 0
130 231 0
131 148 0
131 494 0
131 581 0
131 624 0
132 681 0
133 609 0
134 426 0
134 530 0
134 537 0
134 661 0
135 149 0
135 207 0
135 371 0
135 443 0
135 509 0
135 657 0
136 242 0
136 258 0
136 412 0
136 640 0
137 170 0
137 234 0
137 543 0
138 309 0
138 339 0
138 363 0
138 513 0
139 288 0
139 552 0
139 635 0
139 677 0
140 251 0
141 271 0
143 382 0
144 639 0
146 311 0
146 432 0
146 607 0
147 513 0
148 414 0
149 153 0
149 190 0
149 294 0
151 492 0
152 280 0
153 351 0
153 497 0
153 690 0
153 697 0
154 696 0
156 556 0
157 164 0
157 235 0
158 361 0
159 511 0
160 236 0
161 603 0
162 237 0
163 214 0
165 245 0
165 501 0
165 666 0
166 370 0
167 251 0
167 347 0
167 637 0
169 244 0
169 254 0
169 289 0
169 518 0
169 576 0
170 314 0
170 392 0
170 476 0
171 353 0
172 448 0
174 215 0
174 250 0
174 604 0
174 611 0
175 563 0
176 195 0
176 231 0
176 436 0
176 605 0
177 363 0
178 316 0
178 359 0
178 409 0
178 582 0
179 363 0
179 459 0
180 647 0
181 217 0
181 260 0
181 366 0
181 402 0
181 465 0
181 688 0
182 695 0
183 616 0
184 275 0
185 635 0
186 506 0
189 201 0
189 560 0
189 567 0
189 572 0
190 377 0
190 413 0
190 422 0
190 578 0
190 641 0
191 218 0
192 274 0
194 300 0
194 659 0
194 670 0
195 585 0
195 644 0
195 699 0
196 403 0
197 223 0
197 274 0
197 280 0
197 487 0
198 318 0
200 653 0
202 355 0
203 227 0
203 240 0
203 268 0
203 585 0
204 602 0
205 506 0
205 633 0
206 218 0
206 434 0
206 587 0
206 635 0
207 212 0
207 537 0
207 554 0
208 518 0
209 299 0
211 417 0
212 357 0
214 307 0
214 478 0
214 486 0
216 545 0
217 272 0
218 498 0
219 289 0
220 672 0
221 493 0
222 507 0
223 615 0
223 628 0
224 260 0
224 417 0
224 500 0
224 548 0
225 584 0
226 660 0
227 451 0
227 524 0
227 540 0
228 361 0
229 361 0
229 493 0
229 658 0
231 437 0
231 655 0
232 331 0
232 368 0
232 525 0
233 696 0
234 255 0
234 693 0
235 404 0
235 548 0
235 603 0
236 239 0
236 537 0
237 572 0
238 605 0
240 552 0
240 651 0
240 654 0
241 323 0
241 362 0
241 636 0
243 475 0
244 306 0
244 358 0
246 428 0
246 434 0
246 463 0
246 578 0
247 252 0
247 625 0
248 400 0
251 477 0
252 565 0
254 454 0
254 606 0
255 351 0
255 553 0
256 605 0
257 371 0
257 599 0
257 621 0
257 686 0
259 356 0
260 637 0
261 370 0
263 427 0
265 519 0
266 533 0
267 318 0
268 510 0
268 550 0
269 616 0
270 338 0
270 425 0
270 497 0
270 640 0
271 357 0
271 406 0
271 663 0
272 352 0
272 354 0
273 590 0
274 648 0
275 568 0
275 581 0
276 382 0
278 281 0
278 538 0
278 626 0
278 673 0
279 607 0
280 303 0
281 288 0
282 558 0
283 584 0
284 436 0
286 517 0
286 588 0
286 632 0
287 519 0
288 357 0
289 458 0
290 489 0
290 581 0
290 601 0
291 561 0
292 625 0
293 561 0
294 414 0
294 672 0
295 464 0
296 574 0
297 551 0
298 380 0
298 572 0
299 577 0
304 427 0
304 679 0
305 408 0
305 515 0
305 558 0
305 574 0
305 587 0
306 407 0
306 487 0
309 341 0
309 409 0
309 434 0
311 402 0
311 581 0
312 386 0
313 356 0
313 464 0
313 492 0
315 503 0
317 625 0
318 478 0
318 546 0
319 469 0
320 352 0
320 516 0
320 677 0
320 691 0
321 590 0
322 676 0
324 403 0
325 422 0
325 497 0
325 680 0
326 637 0
327 676 0
328 692 0
329 507 0
330 395 0
332 365 0
333 452 0
334 647 0
335 533 0
335 658 0
336 522 0
339 349 0
339 401 0
339 559 0
341 347 0
341 548 0
341 562 0
342 563 0
343 500 0
344 574 0
345 475 0
345 503 0
345 585 0
345 694 0
346 511 0
347 371 0
348 370 0
350 689 0
351 506 0
352 554 0
352 676 0
353 396 0
353 617 0
354 683 0
355 527 0
356 680 0
357 563 0
358 694 0
360 689 0
361 387 0
363 594 0
364 478 0
364 536 0
364 618 0
364 673 0
365 434 0
365 442 0
369 513 0
370 454 0
370 680 0
371 609 0
372 607 0
373 633 0
374 503 0
376 653 0
378 590 0
379 414 0
380 658 0
380 682 0
381 456 0
382 439 0
383 500 0
384 553 0
386 390 0
386 491 0
388 417 0
391 395 0
393 506 0
394 644 0
395 412 0
397 488 0
397 539 0
397 597 0
397 693 0
398 480 0
400 547 0
400 679 0
402 452 0
402 674 0
404 519 0
405 683 0
407 424 0
407 465 0
407 478 0
409 672 0
412 639 0
414 665 0
415 660 0
417 583 0
418 492 0
419 635 0
420 554 0
421 545 0
422 700 0
424 456 0
424 590 0
424 602 0
424 636 0
425 480 0
427 673 0
430 584 0
431 671 0
432 495 0
432 567 0
432 638 0
433 575 0
434 660 0
435 533 0
438 674 0
441 639 0
445 464 0
446 674 0
448 610 0
448 679 0
449 695 0
450 676 0
452 555 0
456 532 0
457 492 0
459 614 0
459 667 0
460 603 0
461 603 0
462 620 0
463 581 0
463 639 0
466 602 0
467 522 0
469 604 0
469 643 0
469 669 0
472 535 0
473 699 0
475 598 0
480 576 0
480 582 0
481 543 0
482 518 0
484 644 0
492 572 0
493 570 0
493 619 0
496 551 0
499 554 0
500 592 0
502 696 0
504 681 0
505 671 0
507 680 0
508 647 0
513 646 0
515 534 0
515 580 0
518 549 0
519 520 0
521 620 0
529 605 0
531 694 0
535 586 0
535 595 0
536 667 0
536 676 0
541 609 0
542 625 0
543 566 0
543 636 0
545 656 0
548 604 0
548 677 0
551 596 0
551 627 0
552 653 0
553 564 0
553 623 0
556 693 0
558 698 0
562 585 0
567 700 0
571 683 0
573 674 0
574 579 0
575 608 0
587 637 0
589 616 0
604 653 0
607 684 0
612 671 0
613 694 0
616 644 0
622 635 0
624 681 0
631 700 0
633 662 0
645 672 0
649 660 0
664 700 0
671 693 0
679 682 0
