160 198 0
1 58 0
2 22 0
2 87 0
2 155 0
2 157 0
3 146 0
4 14 0
5 31 0
5 137 0
6 79 0
6 104 0
7 66 0
8 27 0
8 55 0
8 118 0
8 147 0
9 45 0
10 36 0
10 45 0
11 64 0
11 71 0
12 23 0
13 57 0
14 38 0
14 93 0
14 95 0
14 111 0
15 86 0
16 57 0
16 84 0
17 44 0
17 111 0
17 129 0
17 132 0
18 50 0
18 67 0
18 72 0
18 154 0
19 91 0
19 109 0
20 89 0
21 24 0
23 82 0
23 150 0
23 158 0
24 26 0
24 64 0
24 70 0
24 126 0
25 92 0
25 102 0
25 105 0
25 112 0
25 113 0
25 123 0
27 50 0
27 98 0
27 101 0
28 92 0
28 104 0
29 64 0
29 144 0
29 150 0
29 153 0
30 68 0
30 156 0
31 50 0
31 131 0
32 86 0
33 109 0
34 72 0
34 108 0
34 113 0
34 142 0
35 68 0
35 106 0
36 79 0
37 104 0
37 139 0
39 78 0
40 58 0
41 67 0
41 69 0
42 146 0
43 48 0
43 86 0
44 158 0
45 126 0
45 148 0
46 147 0
47 68 0
48 88 0
48 110 0
48 133 0
49 52 0
49 73 0
49 101 0
50 59 0
50 146 0
51 71 0
52 110 0
52 111 0
52 150 0
53 86 0
54 137 0
55 94 0
55 124 0
55 140 0
56 68 0
56 69 0
56 73 0
56 156 0
57 117 0
57 119 0
58 98 0
58 125 0
59 128 0
59 134 0
59 139 0
59 159 0
60 123 0
61 68 0
62 146 0
63 130 0
65 123 0
65 133 0
66 103 0
66 116 0
66 119 0
68 138 0
69 81 0
69 107 0
71 115 0
71 160 0
73 115 0
73 155 0
74 89 0
74 131 0
75 152 0
76 142 0
77 79 0
78 84 0
78 92 0
78 126 0
79 155 0
80 131 0
81 111 0
83 89 0
83 138 0
84 158 0
85 105 0
85 142 0
86 110 0
87 159 0
89 115 0
90 151 0
91 151 0
93 117 0
93 152 0
94 132 0
96 131 0
97 118 0
98 130 0
98 152 0
99 118 0
100 106 0
101 113 0
101 126 0
101 145 0
104 115 0
104 141 0
105 116 0
105 147 0
106 119 0
106 136 0
107 135 0
108 118 0
109 110 0
109 122 0
111 151 0
114 156 0
115 145 0
116 157 0
119 145 0
120 137 0
121 130 0
123 145 0
123 157 0
127 147 0
130 135 0
130 136 0
131 150 0
137 155 0
139 152 0
142 145 0
143 151 0
148 155 0
149 156 0
