600 787 0
1 248 0
2 164 0
2 171 0
2 382 0
2 387 0
2 462 0
2 467 0
3 111 0
4 79 0
4 139 0
4 298 0
5 136 0
6 13 0
7 21 0
7 106 0
7 144 0
7 274 0
7 467 0
8 334 0
9 152 0
9 423 0
9 515 0
9 523 0
10 13 0
10 408 0
10 418 0
10 434 0
10 455 0
11 124 0
11 302 0
11 402 0
11 420 0
11 490 0
11 502 0
12 159 0
13 83 0
13 120 0
13 228 0
13 572 0
14 337 0
15 40 0
16 56 0
17 71 0
18 40 0
19 589 0
20 37 0
20 189 0
20 344 0
20 441 0
20 524 0
21 154 0
21 216 0
21 347 0
21 408 0
22 129 0
22 346 0
22 347 0
22 419 0
22 529 0
23 439 0
24 99 0
25 278 0
26 52 0
26 152 0
26 306 0
26 321 0
26 419 0
27 256 0
27 355 0
27 359 0
27 378 0
27 553 0
28 379 0
29 240 0
29 251 0
29 273 0
29 474 0
29 596 0
30 243 0
30 268 0
30 339 0
30 499 0
30 563 0
31 288 0
32 405 0
32 408 0
32 450 0
32 545 0
33 170 0
34 199 0
34 232 0
34 460 0
34 555 0
35 213 0
35 328 0
35 528 0
35 537 0
36 74 0
37 52 0
37 89 0
37 171 0
37 256 0
38 262 0
39 86 0
39 158 0
39 368 0
39 527 0
39 546 0
40 176 0
40 209 0
40 271 0
41 185 0
41 212 0
41 364 0
41 568 0
41 580 0
42 211 0
43 189 0
44 67 0
45 524 0
46 111 0
47 96 0
47 155 0
47 161 0
47 401 0
48 405 0
49 79 0
50 380 0
51 177 0
52 240 0
52 415 0
52 494 0
53 408 0
54 424 0
55 193 0
55 275 0
55 439 0
55 482 0
56 66 0
56 141 0
56 247 0
56 401 0
57 67 0
57 201 0
57 212 0
58 212 0
59 97 0
59 326 0
59 477 0
60 136 0
60 346 0
60 439 0
60 495 0
61 88 0
61 135 0
61 517 0
61 557 0
61 573 0
62 71 0
62 79 0
62 234 0
62 262 0
63 147 0
64 154 0
65 193 0
66 349 0
66 493 0
67 250 0
67 315 0
67 437 0
68 78 0
68 306 0
68 356 0
68 583 0
69 239 0
70 410 0
71 168 0
71 513 0
72 142 0
72 375 0
72 380 0
72 516 0
72 575 0
73 211 0
74 228 0
74 403 0
74 556 0
75 95 0
75 334 0
75 540 0
76 375 0
77 434 0
79 179 0
79 256 0
79 425 0
79 427 0
80 337 0
81 182 0
82 495 0
83 240 0
83 437 0
83 539 0
83 592 0
84 316 0
85 405 0
86 170 0
86 276 0
86 538 0
87 265 0
87 305 0
87 321 0
87 325 0
87 369 0
87 487 0
88 136 0
88 230 0
89 175 0
89 239 0
89 280 0
89 333 0
89 399 0
89 424 0
89 558 0
90 539 0
91 170 0
91 319 0
91 336 0
92 119 0
92 153 0
92 450 0
93 195 0
93 283 0
93 397 0
93 510 0
94 532 0
95 224 0
95 395 0
95 459 0
95 600 0
97 175 0
97 292 0
97 512 0
97 578 0
98 488 0
99 231 0
99 421 0
99 569 0
100 258 0
101 598 0
102 129 0
102 238 0
102 278 0
102 405 0
102 599 0
103 398 0
104 165 0
105 559 0
107 314 0
108 291 0
109 275 0
109 367 0
109 393 0
109 419 0
109 448 0
109 591 0
110 116 0
111 145 0
111 265 0
111 370 0
112 539 0
113 191 0
113 299 0
113 343 0
113 418 0
114 314 0
115 216 0
115 250 0
115 342 0
115 588 0
116 409 0
116 444 0
116 468 0
117 536 0
118 230 0
118 295 0
118 308 0
118 348 0
118 516 0
119 234 0
119 285 0
119 320 0
119 484 0
121 159 0
122 146 0
122 183 0
122 196 0
122 213 0
122 227 0
122 595 0
123 140 0
123 163 0
123 280 0
123 474 0
124 202 0
124 434 0
124 591 0
125 486 0
126 142 0
126 158 0
126 188 0
126 271 0
127 154 0
128 140 0
128 348 0
128 539 0
129 205 0
129 513 0
130 177 0
131 434 0
132 240 0
132 532 0
132 566 0
133 279 0
134 334 0
136 597 0
137 202 0
138 495 0
139 201 0
139 410 0
139 598 0
140 186 0
140 248 0
140 410 0
140 433 0
140 538 0
142 321 0
142 509 0
142 573 0
143 592 0
145 393 0
145 524 0
147 330 0
147 504 0
147 581 0
148 167 0
148 348 0
148 493 0
148 562 0
149 590 0
150 374 0
151 202 0
151 363 0
151 489 0
152 350 0
153 182 0
153 218 0
153 358 0
154 492 0
155 201 0
155 388 0
155 530 0
156 593 0
157 272 0
158 292 0
159 348 0
159 368 0
159 428 0
159 446 0
159 493 0
160 189 0
162 374 0
165 233 0
165 490 0
165 555 0
166 312 0
169 319 0
170 302 0
170 320 0
170 551 0
171 258 0
172 489 0
173 423 0
174 584 0
175 183 0
175 580 0
176 346 0
176 448 0
176 450 0
176 477 0
177 200 0
177 283 0
177 392 0
178 218 0
179 575 0
179 578 0
180 299 0
180 464 0
180 544 0
180 554 0
181 258 0
182 338 0
182 461 0
182 509 0
182 541 0
183 267 0
183 594 0
184 305 0
184 319 0
184 394 0
185 477 0
185 495 0
186 380 0
186 410 0
187 239 0
188 458 0
188 484 0
188 577 0
189 483 0
190 241 0
192 241 0
193 213 0
193 325 0
193 441 0
194 590 0
196 524 0
196 571 0
197 225 0
197 254 0
197 396 0
197 543 0
198 399 0
200 379 0
200 593 0
201 215 0
201 261 0
201 513 0
202 585 0
203 540 0
204 246 0
204 479 0
204 499 0
204 548 0
205 358 0
205 505 0
205 584 0
206 266 0
206 287 0
206 309 0
206 369 0
206 441 0
206 457 0
207 360 0
207 444 0
207 447 0
207 482 0
208 532 0
209 415 0
209 566 0
210 349 0
211 234 0
211 484 0
211 547 0
212 534 0
212 578 0
213 500 0
214 450 0
216 575 0
217 255 0
217 327 0
217 332 0
217 462 0
217 498 0
217 509 0
218 369 0
218 449 0
218 560 0
219 582 0
220 326 0
221 598 0
222 358 0
223 291 0
226 523 0
228 482 0
229 571 0
230 375 0
230 600 0
235 408 0
236 592 0
237 276 0
238 350 0
238 593 0
239 371 0
240 254 0
240 530 0
241 294 0
241 471 0
241 546 0
241 573 0
242 505 0
243 364 0
243 394 0
244 276 0
245 394 0
245 422 0
245 483 0
245 540 0
245 591 0
247 261 0
247 351 0
247 541 0
247 575 0
248 335 0
248 390 0
249 596 0
250 258 0
250 568 0
251 310 0
251 368 0
251 400 0
251 562 0
252 350 0
253 312 0
254 291 0
254 312 0
254 389 0
254 529 0
254 558 0
256 389 0
256 559 0
257 477 0
258 365 0
259 288 0
260 284 0
260 331 0
260 490 0
260 494 0
260 567 0
260 581 0
261 288 0
262 322 0
262 324 0
262 478 0
263 465 0
264 357 0
264 401 0
264 445 0
264 522 0
265 272 0
265 566 0
266 277 0
266 415 0
267 394 0
267 593 0
269 489 0
270 450 0
271 323 0
271 488 0
271 493 0
272 372 0
272 482 0
272 503 0
273 313 0
273 516 0
273 587 0
275 575 0
276 473 0
277 304 0
277 512 0
277 520 0
278 440 0
278 552 0
279 383 0
279 491 0
279 519 0
280 359 0
280 410 0
281 410 0
282 584 0
283 374 0
283 393 0
286 351 0
288 333 0
288 421 0
289 488 0
290 422 0
291 463 0
292 298 0
292 499 0
293 375 0
293 465 0
293 523 0
294 364 0
294 398 0
296 480 0
297 584 0
298 353 0
298 386 0
298 519 0
299 314 0
299 466 0
300 480 0
301 363 0
302 423 0
302 502 0
303 439 0
305 486 0
305 489 0
305 590 0
306 538 0
307 559 0
311 536 0
312 320 0
312 388 0
314 521 0
316 416 0
316 573 0
316 600 0
317 349 0
318 399 0
319 414 0
319 499 0
321 409 0
321 538 0
323 419 0
323 466 0
323 500 0
323 568 0
324 415 0
324 589 0
324 594 0
325 336 0
326 454 0
326 472 0
326 542 0
326 565 0
329 422 0
332 347 0
332 353 0
332 575 0
333 336 0
334 412 0
334 444 0
336 413 0
336 519 0
337 523 0
340 582 0
341 559 0
344 373 0
344 406 0
344 565 0
345 549 0
346 382 0
347 348 0
347 356 0
349 454 0
350 356 0
350 431 0
351 385 0
351 462 0
351 506 0
352 486 0
353 444 0
354 424 0
356 398 0
358 361 0
359 405 0
362 380 0
363 432 0
363 509 0
363 586 0
364 377 0
364 451 0
365 540 0
365 592 0
366 424 0
367 444 0
367 512 0
367 523 0
367 531 0
369 423 0
374 407 0
374 428 0
375 467 0
375 485 0
376 434 0
376 536 0
376 568 0
379 395 0
379 501 0
381 596 0
382 571 0
382 598 0
384 540 0
388 524 0
388 540 0
389 540 0
391 505 0
393 395 0
393 506 0
394 411 0
394 525 0
395 536 0
398 535 0
398 545 0
399 481 0
401 437 0
401 500 0
403 466 0
403 515 0
403 549 0
404 505 0
409 575 0
410 440 0
410 470 0
415 499 0
415 519 0
417 576 0
418 558 0
421 466 0
421 488 0
422 494 0
423 476 0
423 502 0
426 486 0
428 576 0
429 589 0
430 594 0
433 442 0
433 598 0
435 489 0
436 598 0
438 576 0
439 574 0
440 494 0
442 454 0
442 518 0
442 558 0
442 600 0
443 536 0
448 524 0
452 515 0
453 580 0
454 591 0
455 490 0
455 566 0
456 599 0
465 506 0
465 550 0
469 594 0
474 594 0
475 480 0
477 531 0
480 555 0
482 582 0
483 505 0
484 538 0
487 581 0
487 599 0
488 497 0
488 578 0
489 565 0
496 515 0
500 581 0
506 582 0
507 599 0
508 515 0
511 571 0
512 593 0
513 576 0
514 582 0
520 540 0
520 578 0
526 549 0
529 592 0
530 596 0
531 532 0
532 564 0
532 581 0
533 593 0
541 580 0
545 549 0
546 581 0
555 568 0
559 562 0
561 580 0
570 590 0
579 589 0
