800 973 0
1 191 0
2 726 0
3 30 0
3 159 0
3 475 0
3 509 0
3 557 0
4 449 0
5 148 0
5 213 0
5 278 0
5 444 0
5 533 0
6 197 0
6 477 0
6 672 0
6 761 0
7 540 0
8 290 0
9 255 0
9 556 0
9 800 0
10 476 0
11 546 0
12 28 0
12 54 0
12 212 0
12 342 0
12 365 0
13 145 0
14 369 0
14 556 0
14 562 0
14 679 0
15 66 0
15 320 0
15 380 0
15 603 0
16 226 0
17 401 0
17 526 0
17 656 0
18 599 0
18 635 0
18 738 0
18 752 0
19 71 0
19 78 0
19 80 0
19 656 0
20 162 0
20 177 0
20 398 0
20 436 0
20 453 0
20 491 0
20 527 0
21 120 0
22 184 0
23 136 0
24 166 0
24 191 0
24 194 0
24 582 0
25 287 0
25 583 0
25 595 0
25 630 0
26 315 0
27 634 0
28 45 0
28 80 0
28 118 0
28 192 0
28 564 0
29 336 0
29 356 0
29 375 0
29 392 0
30 136 0
30 427 0
30 654 0
30 784 0
31 311 0
31 313 0
31 490 0
31 619 0
31 718 0
32 440 0
33 334 0
34 638 0
35 84 0
35 282 0
35 572 0
35 598 0
36 113 0
37 42 0
37 118 0
37 160 0
37 442 0
38 156 0
39 763 0
40 115 0
41 793 0
42 94 0
42 269 0
42 686 0
43 225 0
43 642 0
43 675 0
43 745 0
44 394 0
45 69 0
45 301 0
46 148 0
46 164 0
46 381 0
46 551 0
47 428 0
47 620 0
47 663 0
47 714 0
47 776 0
48 449 0
49 403 0
50 488 0
51 136 0
52 322 0
53 234 0
53 397 0
53 441 0
53 529 0
53 716 0
54 59 0
54 183 0
54 308 0
55 291 0
56 778 0
57 113 0
57 394 0
57 663 0
58 743 0
60 96 0
60 266 0
60 342 0
60 385 0
60 467 0
61 265 0
61 270 0
61 497 0
61 668 0
62 628 0
63 161 0
63 254 0
63 360 0
63 439 0
63 478 0
64 474 0
65 601 0
67 504 0
68 552 0
69 332 0
69 424 0
69 754 0
70 237 0
70 320 0
70 520 0
70 551 0
71 220 0
71 615 0
71 725 0
72 222 0
72 289 0
72 559 0
72 687 0
73 462 0
74 640 0
75 240 0
75 535 0
75 661 0
75 773 0
76 400 0
76 487 0
76 546 0
77 411 0
78 89 0
78 228 0
78 473 0
78 512 0
79 269 0
79 447 0
79 531 0
79 575 0
79 583 0
79 672 0
80 175 0
81 232 0
82 236 0
82 420 0
82 592 0
82 599 0
83 272 0
83 273 0
83 289 0
83 716 0
84 520 0
84 526 0
84 736 0
85 524 0
86 726 0
87 466 0
88 788 0
90 608 0
91 296 0
92 315 0
93 736 0
94 166 0
94 679 0
94 758 0
95 196 0
97 160 0
97 284 0
97 397 0
97 413 0
97 421 0
98 338 0
99 309 0
100 740 0
101 562 0
102 141 0
102 170 0
102 451 0
102 557 0
102 629 0
102 699 0
103 123 0
103 452 0
103 459 0
103 468 0
103 652 0
104 545 0
105 737 0
106 446 0
107 244 0
108 519 0
109 515 0
110 131 0
110 416 0
110 707 0
110 795 0
111 562 0
112 705 0
113 220 0
113 353 0
113 753 0
114 155 0
115 209 0
115 240 0
115 495 0
115 684 0
116 321 0
117 152 0
117 364 0
117 554 0
117 799 0
118 440 0
119 257 0
120 387 0
120 585 0
120 624 0
121 300 0
122 425 0
124 144 0
124 553 0
124 621 0
124 775 0
125 726 0
126 156 0
126 309 0
126 540 0
126 654 0
127 551 0
127 555 0
127 596 0
127 758 0
128 628 0
129 321 0
130 203 0
130 233 0
130 443 0
130 724 0
132 369 0
133 425 0
134 302 0
135 514 0
136 464 0
136 663 0
137 788 0
138 503 0
138 638 0
138 705 0
138 793 0
139 507 0
140 365 0
141 162 0
141 359 0
141 461 0
142 294 0
143 219 0
144 471 0
144 489 0
144 700 0
145 318 0
145 330 0
145 565 0
145 592 0
146 582 0
147 202 0
147 466 0
147 743 0
148 673 0
148 748 0
149 697 0
150 517 0
151 712 0
153 205 0
154 540 0
155 663 0
155 672 0
155 772 0
156 235 0
156 389 0
156 570 0
157 279 0
157 290 0
157 728 0
158 658 0
160 313 0
160 673 0
161 532 0
161 550 0
162 411 0
163 281 0
165 279 0
166 209 0
166 382 0
166 569 0
167 671 0
168 307 0
169 507 0
169 601 0
169 723 0
171 365 0
171 396 0
171 763 0
172 712 0
173 550 0
174 230 0
174 385 0
174 562 0
175 206 0
175 316 0
175 363 0
175 656 0
176 507 0
178 231 0
179 311 0
180 700 0
181 334 0
181 425 0
181 527 0
181 800 0
182 644 0
184 409 0
184 470 0
184 559 0
184 632 0
185 735 0
186 800 0
187 207 0
187 293 0
187 508 0
187 664 0
188 372 0
189 269 0
189 332 0
189 521 0
189 525 0
190 205 0
191 570 0
191 780 0
192 311 0
192 638 0
193 261 0
194 587 0
194 633 0
194 678 0
195 264 0
195 399 0
195 456 0
195 521 0
196 242 0
196 493 0
196 707 0
197 281 0
197 466 0
198 302 0
199 471 0
200 216 0
200 225 0
200 516 0
200 749 0
200 782 0
201 415 0
202 312 0
202 379 0
202 472 0
202 487 0
202 597 0
204 524 0
205 233 0
205 727 0
208 429 0
208 524 0
208 552 0
209 466 0
210 717 0
211 315 0
212 236 0
212 656 0
212 707 0
213 257 0
213 799 0
214 307 0
215 519 0
216 286 0
216 395 0
216 737 0
217 697 0
218 638 0
219 239 0
219 756 0
219 759 0
220 286 0
220 665 0
221 634 0
223 338 0
224 645 0
225 646 0
226 271 0
226 346 0
226 487 0
226 659 0
227 266 0
227 338 0
227 697 0
229 784 0
230 285 0
230 508 0
230 513 0
231 404 0
231 496 0
231 569 0
232 301 0
232 433 0
232 649 0
232 722 0
233 654 0
233 690 0
235 397 0
235 403 0
236 357 0
236 442 0
237 352 0
237 386 0
237 408 0
237 532 0
238 556 0
240 291 0
240 357 0
241 400 0
243 307 0
244 439 0
244 708 0
244 791 0
245 440 0
246 676 0
247 733 0
248 671 0
249 365 0
249 556 0
249 662 0
250 705 0
251 313 0
251 415 0
251 516 0
251 770 0
252 796 0
253 408 0
253 634 0
253 765 0
255 323 0
255 447 0
255 532 0
256 641 0
257 340 0
257 723 0
258 277 0
259 425 0
260 719 0
261 528 0
261 541 0
261 639 0
261 779 0
262 526 0
263 283 0
263 335 0
263 629 0
266 462 0
266 507 0
266 673 0
267 646 0
268 476 0
269 520 0
269 537 0
274 394 0
275 283 0
276 378 0
276 429 0
276 616 0
276 711 0
277 421 0
277 606 0
277 682 0
279 320 0
279 610 0
279 744 0
280 608 0
281 469 0
281 563 0
281 569 0
281 790 0
283 685 0
283 760 0
284 388 0
284 485 0
284 504 0
284 583 0
284 639 0
286 686 0
286 759 0
288 514 0
289 290 0
289 758 0
290 331 0
290 337 0
291 625 0
291 729 0
292 302 0
294 412 0
294 418 0
294 657 0
295 455 0
296 299 0
296 433 0
296 666 0
297 348 0
297 461 0
297 599 0
297 734 0
298 517 0
298 658 0
298 672 0
300 531 0
300 584 0
300 623 0
301 608 0
301 658 0
302 418 0
303 582 0
304 697 0
305 800 0
306 798 0
307 521 0
309 557 0
309 762 0
310 479 0
311 390 0
311 448 0
311 483 0
313 470 0
313 538 0
313 685 0
314 446 0
315 420 0
315 652 0
317 455 0
318 748 0
318 793 0
319 494 0
319 497 0
319 694 0
319 701 0
320 414 0
320 628 0
321 604 0
321 629 0
321 751 0
322 351 0
322 592 0
322 790 0
324 574 0
325 555 0
326 446 0
327 646 0
328 556 0
329 442 0
329 723 0
329 747 0
330 456 0
330 537 0
330 676 0
332 466 0
332 601 0
333 592 0
333 618 0
333 698 0
333 751 0
334 355 0
334 472 0
335 484 0
335 650 0
335 653 0
335 759 0
338 413 0
339 438 0
339 470 0
339 492 0
339 631 0
340 387 0
340 445 0
340 596 0
340 673 0
341 490 0
342 385 0
343 365 0
344 372 0
345 658 0
346 504 0
346 546 0
346 770 0
347 747 0
349 454 0
350 798 0
354 401 0
357 436 0
357 491 0
357 779 0
358 624 0
359 506 0
359 581 0
359 594 0
359 635 0
361 700 0
362 546 0
366 474 0
367 676 0
368 737 0
369 383 0
369 611 0
370 372 0
371 476 0
372 436 0
373 588 0
374 524 0
374 703 0
374 741 0
375 453 0
375 531 0
375 595 0
376 382 0
376 543 0
376 605 0
376 607 0
377 454 0
378 765 0
378 778 0
382 586 0
382 763 0
384 641 0
385 395 0
385 720 0
387 507 0
388 437 0
388 480 0
388 521 0
390 427 0
390 466 0
390 556 0
391 796 0
392 476 0
392 515 0
392 789 0
393 798 0
394 439 0
395 590 0
395 691 0
396 544 0
396 569 0
396 600 0
397 440 0
397 645 0
398 445 0
398 719 0
400 531 0
400 593 0
401 589 0
401 595 0
402 545 0
403 487 0
403 512 0
403 739 0
403 760 0
405 479 0
406 411 0
406 586 0
406 672 0
407 526 0
408 414 0
408 454 0
408 800 0
410 665 0
411 542 0
411 716 0
411 779 0
413 425 0
413 743 0
414 508 0
414 622 0
415 421 0
415 715 0
417 693 0
418 758 0
418 796 0
419 728 0
420 485 0
420 532 0
420 555 0
420 740 0
421 429 0
421 735 0
422 619 0
423 733 0
426 586 0
427 644 0
428 517 0
428 520 0
428 524 0
429 466 0
429 537 0
430 703 0
431 502 0
432 740 0
433 489 0
433 574 0
434 705 0
435 586 0
436 479 0
439 536 0
439 553 0
442 503 0
442 622 0
442 633 0
445 491 0
445 706 0
446 599 0
447 488 0
447 545 0
449 505 0
449 779 0
450 514 0
452 592 0
452 624 0
453 784 0
454 463 0
455 616 0
455 662 0
455 764 0
456 586 0
457 717 0
458 690 0
459 536 0
459 640 0
459 676 0
460 720 0
461 479 0
461 507 0
462 548 0
462 674 0
465 783 0
470 661 0
470 741 0
471 549 0
471 713 0
471 765 0
472 474 0
472 478 0
472 520 0
474 730 0
474 766 0
478 556 0
479 768 0
481 693 0
482 788 0
483 570 0
483 747 0
483 755 0
483 800 0
485 628 0
486 552 0
488 498 0
488 609 0
489 595 0
489 686 0
490 692 0
490 794 0
497 552 0
497 770 0
499 733 0
500 763 0
501 718 0
501 766 0
501 771 0
501 799 0
502 745 0
502 774 0
502 787 0
503 742 0
503 789 0
504 539 0
504 643 0
504 661 0
505 592 0
505 763 0
507 523 0
508 719 0
510 644 0
511 793 0
512 747 0
512 770 0
514 685 0
515 561 0
515 696 0
516 594 0
516 765 0
517 577 0
517 651 0
518 555 0
519 579 0
519 683 0
522 736 0
525 658 0
525 693 0
525 717 0
526 709 0
527 601 0
530 741 0
531 726 0
531 755 0
534 640 0
536 622 0
536 629 0
536 760 0
537 665 0
538 712 0
538 745 0
540 617 0
545 702 0
546 566 0
547 596 0
550 656 0
550 766 0
550 781 0
552 639 0
553 778 0
556 558 0
559 616 0
560 783 0
562 576 0
567 783 0
568 740 0
571 596 0
573 641 0
574 627 0
574 681 0
575 635 0
575 747 0
578 582 0
579 679 0
579 783 0
579 798 0
580 601 0
581 679 0
581 697 0
581 703 0
582 594 0
586 723 0
586 792 0
588 624 0
591 640 0
595 662 0
595 712 0
596 669 0
602 646 0
608 799 0
612 778 0
613 743 0
614 703 0
616 644 0
616 789 0
619 689 0
619 797 0
622 770 0
624 742 0
626 720 0
629 671 0
633 743 0
634 672 0
635 763 0
636 720 0
637 690 0
638 746 0
641 742 0
645 647 0
645 688 0
646 718 0
646 745 0
648 703 0
652 735 0
654 686 0
655 748 0
656 733 0
660 665 0
662 796 0
667 778 0
670 719 0
671 695 0
677 743 0
680 737 0
685 720 0
690 755 0
693 732 0
700 757 0
704 719 0
707 788 0
710 748 0
717 785 0
719 723 0
721 748 0
728 742 0
728 777 0
731 741 0
735 767 0
736 769 0
745 751 0
745 758 0
750 784 0
759 778 0
763 786 0
765 784 0
765 790 0
765 793 0
789 799 0
