350 463 0
1 9 0
1 70 0
1 97 0
1 286 0
2 22 0
2 60 0
2 84 0
2 231 0
3 260 0
4 94 0
5 241 0
6 18 0
6 242 0
6 272 0
6 286 0
7 258 0
8 245 0
10 200 0
10 215 0
11 32 0
11 140 0
12 56 0
12 86 0
12 194 0
12 223 0
12 262 0
13 14 0
13 200 0
14 261 0
15 179 0
15 254 0
16 71 0
16 73 0
16 156 0
16 241 0
16 274 0
17 316 0
17 324 0
19 32 0
19 269 0
19 302 0
19 325 0
20 54 0
20 160 0
20 172 0
20 211 0
20 333 0
21 108 0
22 331 0
23 298 0
23 348 0
24 117 0
24 276 0
25 147 0
25 275 0
25 286 0
25 315 0
25 330 0
26 121 0
26 170 0
26 205 0
26 343 0
27 186 0
28 274 0
29 74 0
29 96 0
29 143 0
29 151 0
29 249 0
29 292 0
30 225 0
31 295 0
31 328 0
31 343 0
33 156 0
34 285 0
35 165 0
35 229 0
36 58 0
36 228 0
36 247 0
36 303 0
37 51 0
37 141 0
37 278 0
38 108 0
39 40 0
39 161 0
39 205 0
39 295 0
40 286 0
41 332 0
42 215 0
42 218 0
42 333 0
42 345 0
43 115 0
43 328 0
44 304 0
45 183 0
46 81 0
46 181 0
46 253 0
47 289 0
48 148 0
48 350 0
49 189 0
50 77 0
50 89 0
51 107 0
51 177 0
51 205 0
51 294 0
52 99 0
52 332 0
53 87 0
53 131 0
53 330 0
53 347 0
54 102 0
54 170 0
54 203 0
54 298 0
54 322 0
55 62 0
55 123 0
56 172 0
56 316 0
56 337 0
57 159 0
57 217 0
57 243 0
57 306 0
58 131 0
58 240 0
59 104 0
59 174 0
59 191 0
59 196 0
59 277 0
60 71 0
60 76 0
60 280 0
60 313 0
61 233 0
61 265 0
62 116 0
62 192 0
62 257 0
62 312 0
63 65 0
63 133 0
63 338 0
63 342 0
64 254 0
65 69 0
66 76 0
67 300 0
68 234 0
68 325 0
69 184 0
69 186 0
71 121 0
71 192 0
72 221 0
72 326 0
73 220 0
74 105 0
74 107 0
74 219 0
75 220 0
76 116 0
76 202 0
77 152 0
77 219 0
78 228 0
78 337 0
79 91 0
79 103 0
79 159 0
79 252 0
80 233 0
81 183 0
81 216 0
82 327 0
83 85 0
85 136 0
85 153 0
85 198 0
85 309 0
86 247 0
88 218 0
89 169 0
89 213 0
89 311 0
89 316 0
90 245 0
90 255 0
92 117 0
93 114 0
93 146 0
93 157 0
94 153 0
94 223 0
94 230 0
95 175 0
95 274 0
96 117 0
96 190 0
96 279 0
96 328 0
97 171 0
98 291 0
99 204 0
99 291 0
100 233 0
101 279 0
102 190 0
102 245 0
102 289 0
103 172 0
104 219 0
105 127 0
105 213 0
105 315 0
106 222 0
106 246 0
107 155 0
107 173 0
107 208 0
107 239 0
108 278 0
108 310 0
109 329 0
109 348 0
110 285 0
111 175 0
111 288 0
111 308 0
112 289 0
113 337 0
114 197 0
114 302 0
114 317 0
115 181 0
117 195 0
118 171 0
119 345 0
120 200 0
121 160 0
121 313 0
122 141 0
122 201 0
123 174 0
123 243 0
123 280 0
124 215 0
125 201 0
126 155 0
126 337 0
127 181 0
127 212 0
127 221 0
127 324 0
127 342 0
128 260 0
129 172 0
129 218 0
130 176 0
132 200 0
132 228 0
133 215 0
134 219 0
135 299 0
135 350 0
137 175 0
137 220 0
138 245 0
139 248 0
139 303 0
140 164 0
140 232 0
140 275 0
140 286 0
141 274 0
142 294 0
142 350 0
143 217 0
144 160 0
144 304 0
145 166 0
145 170 0
145 255 0
145 299 0
146 174 0
146 296 0
146 346 0
146 349 0
147 299 0
147 316 0
148 193 0
149 225 0
150 225 0
152 279 0
153 318 0
153 333 0
154 186 0
154 193 0
156 319 0
156 336 0
157 218 0
158 171 0
159 248 0
159 313 0
160 315 0
162 221 0
163 216 0
165 168 0
165 178 0
165 192 0
166 346 0
167 318 0
168 330 0
170 186 0
170 233 0
170 272 0
171 185 0
171 213 0
171 227 0
172 250 0
172 266 0
172 281 0
173 176 0
173 228 0
174 201 0
174 211 0
175 334 0
176 259 0
176 302 0
179 300 0
180 266 0
181 200 0
181 250 0
182 234 0
183 205 0
183 210 0
183 212 0
183 296 0
184 225 0
184 246 0
184 313 0
184 336 0
184 350 0
185 193 0
187 241 0
188 348 0
189 281 0
189 350 0
190 217 0
190 302 0
190 315 0
190 326 0
191 272 0
192 254 0
193 214 0
193 281 0
193 326 0
195 223 0
197 286 0
198 258 0
199 236 0
200 286 0
201 222 0
204 246 0
205 338 0
206 248 0
207 272 0
207 279 0
209 274 0
210 345 0
211 228 0
211 334 0
213 348 0
215 290 0
216 291 0
216 299 0
216 334 0
216 339 0
216 344 0
218 221 0
220 245 0
220 293 0
220 338 0
221 288 0
222 323 0
224 328 0
226 237 0
226 280 0
227 241 0
227 320 0
228 236 0
228 260 0
229 261 0
232 345 0
234 271 0
234 343 0
235 238 0
235 339 0
236 249 0
236 340 0
237 281 0
238 297 0
238 301 0
238 338 0
239 302 0
240 289 0
240 311 0
244 258 0
246 273 0
248 265 0
248 330 0
251 304 0
252 335 0
253 318 0
254 314 0
256 291 0
258 330 0
260 287 0
261 310 0
261 320 0
263 324 0
264 322 0
264 324 0
266 270 0
266 283 0
267 329 0
268 316 0
275 291 0
275 329 0
276 334 0
276 348 0
280 321 0
282 332 0
283 306 0
284 300 0
285 330 0
285 331 0
294 308 0
296 346 0
300 310 0
303 327 0
304 343 0
305 318 0
307 327 0
308 329 0
310 313 0
323 345 0
324 335 0
327 334 0
327 341 0
331 338 0
332 343 0
333 338 0
