250 297 0
1 13 0
1 83 0
2 43 0
2 87 0
2 190 0
2 236 0
3 111 0
4 54 0
4 165 0
4 203 0
4 208 0
5 14 0
6 145 0
7 10 0
7 102 0
7 106 0
7 199 0
8 53 0
8 162 0
9 98 0
10 168 0
10 191 0
10 208 0
11 14 0
11 76 0
12 65 0
13 108 0
14 208 0
14 245 0
15 166 0
15 227 0
16 44 0
16 210 0
16 229 0
16 234 0
17 18 0
17 53 0
17 137 0
17 232 0
18 215 0
19 23 0
19 156 0
19 215 0
19 226 0
20 121 0
20 189 0
20 208 0
21 202 0
22 158 0
24 34 0
24 61 0
24 200 0
24 204 0
24 223 0
25 111 0
26 60 0
26 194 0
26 232 0
27 65 0
27 239 0
28 92 0
28 139 0
28 201 0
28 210 0
29 142 0
30 47 0
30 159 0
30 193 0
30 215 0
31 230 0
32 160 0
33 60 0
34 102 0
34 144 0
34 210 0
35 110 0
35 168 0
35 183 0
35 237 0
36 39 0
37 93 0
38 197 0
39 153 0
39 191 0
39 220 0
40 148 0
40 168 0
40 214 0
40 241 0
41 65 0
41 98 0
41 106 0
41 130 0
42 71 0
42 144 0
42 162 0
42 196 0
45 51 0
46 74 0
46 144 0
46 175 0
46 228 0
48 197 0
48 230 0
49 82 0
50 59 0
51 63 0
51 99 0
51 168 0
52 169 0
52 172 0
52 176 0
52 200 0
55 127 0
56 207 0
57 235 0
58 82 0
59 141 0
59 152 0
59 168 0
59 240 0
60 215 0
60 243 0
61 109 0
62 128 0
62 162 0
64 98 0
65 171 0
65 227 0
66 158 0
67 228 0
68 162 0
69 155 0
70 155 0
70 181 0
71 80 0
71 84 0
71 105 0
72 95 0
72 130 0
73 93 0
73 186 0
73 197 0
73 233 0
74 89 0
74 154 0
74 216 0
75 136 0
75 157 0
75 188 0
75 200 0
76 112 0
76 117 0
77 228 0
78 90 0
78 97 0
78 182 0
78 206 0
79 103 0
79 137 0
79 147 0
79 164 0
79 213 0
80 199 0
81 229 0
81 230 0
82 86 0
82 163 0
82 239 0
83 86 0
83 152 0
83 189 0
85 100 0
88 127 0
88 230 0
91 120 0
91 146 0
91 180 0
91 208 0
92 224 0
93 124 0
93 149 0
94 217 0
95 96 0
95 115 0
95 191 0
95 225 0
97 129 0
97 139 0
97 185 0
97 199 0
98 151 0
98 154 0
100 164 0
100 225 0
100 236 0
101 112 0
102 233 0
104 235 0
106 137 0
106 221 0
107 174 0
107 186 0
107 229 0
108 122 0
108 133 0
108 204 0
109 118 0
109 140 0
109 202 0
111 179 0
111 221 0
111 249 0
112 173 0
112 223 0
113 130 0
114 117 0
114 137 0
114 170 0
114 198 0
116 145 0
119 196 0
120 160 0
121 143 0
121 191 0
121 238 0
123 132 0
123 204 0
123 224 0
123 248 0
125 175 0
126 207 0
127 223 0
127 246 0
128 197 0
129 138 0
129 161 0
129 167 0
130 209 0
130 250 0
131 159 0
131 185 0
133 176 0
134 196 0
135 202 0
142 150 0
142 158 0
142 187 0
142 200 0
143 172 0
144 202 0
145 162 0
145 174 0
145 211 0
145 220 0
145 223 0
146 236 0
152 166 0
152 199 0
155 177 0
155 210 0
158 163 0
158 247 0
160 179 0
160 218 0
160 236 0
163 199 0
163 207 0
165 207 0
166 195 0
166 212 0
169 201 0
171 175 0
174 185 0
175 188 0
175 219 0
177 223 0
178 207 0
178 221 0
181 196 0
181 246 0
184 185 0
186 194 0
186 205 0
192 230 0
197 237 0
202 250 0
203 215 0
204 217 0
215 233 0
217 222 0
217 242 0
221 230 0
221 235 0
228 244 0
231 235 0
233 236 0
