120 169 0
1 8 0
1 90 0
2 31 0
2 74 0
2 82 0
3 67 0
4 19 0
4 74 0
4 95 0
4 96 0
5 14 0
5 35 0
5 46 0
5 49 0
5 94 0
5 103 0
5 106 0
6 117 0
7 20 0
7 41 0
7 106 0
7 109 0
7 114 0
8 15 0
8 64 0
8 65 0
8 82 0
8 109 0
9 93 0
9 96 0
10 84 0
10 88 0
10 106 0
10 119 0
11 120 0
12 13 0
12 63 0
12 73 0
12 78 0
12 84 0
13 28 0
13 81 0
13 106 0
14 60 0
14 64 0
14 65 0
14 79 0
16 43 0
17 43 0
17 67 0
17 71 0
17 78 0
17 117 0
18 51 0
18 82 0
19 67 0
19 120 0
20 23 0
20 110 0
21 23 0
21 35 0
21 85 0
21 101 0
22 50 0
23 30 0
23 40 0
23 58 0
24 53 0
24 66 0
24 68 0
25 69 0
25 103 0
25 105 0
25 116 0
26 32 0
26 45 0
26 65 0
26 107 0
27 51 0
28 71 0
28 85 0
29 53 0
30 45 0
31 94 0
31 104 0
31 115 0
33 101 0
34 53 0
35 83 0
35 102 0
35 111 0
36 101 0
37 45 0
37 63 0
38 105 0
39 96 0
40 109 0
42 57 0
42 61 0
42 89 0
42 114 0
43 66 0
43 69 0
43 97 0
44 55 0
44 90 0
44 95 0
44 98 0
44 112 0
45 116 0
46 57 0
47 110 0
47 113 0
48 103 0
48 110 0
49 59 0
49 93 0
50 68 0
50 69 0
50 114 0
51 54 0
51 81 0
52 73 0
53 90 0
53 118 0
56 77 0
56 92 0
58 67 0
59 98 0
59 120 0
60 72 0
62 82 0
62 92 0
63 73 0
63 87 0
64 70 0
64 119 0
65 85 0
67 74 0
70 111 0
70 117 0
71 90 0
71 114 0
72 101 0
73 76 0
73 86 0
75 113 0
77 92 0
78 83 0
78 100 0
78 112 0
78 118 0
80 110 0
81 92 0
81 113 0
85 94 0
86 114 0
90 96 0
91 120 0
92 109 0
93 113 0
94 120 0
99 105 0
101 117 0
105 114 0
106 110 0
108 113 0
115 119 0
116 117 0
