120 152 0
1 30 0
1 69 0
1 76 0
2 14 0
2 23 0
3 31 0
3 89 0
4 14 0
5 33 0
5 50 0
5 81 0
5 94 0
5 95 0
5 104 0
6 23 0
6 115 0
7 14 0
7 55 0
8 58 0
8 101 0
9 110 0
10 26 0
10 88 0
11 94 0
12 28 0
12 105 0
12 109 0
12 119 0
13 63 0
13 111 0
14 66 0
14 91 0
15 116 0
16 55 0
17 22 0
17 104 0
18 110 0
19 115 0
20 76 0
21 40 0
22 34 0
23 66 0
23 92 0
23 97 0
24 50 0
25 54 0
25 116 0
26 60 0
26 116 0
27 67 0
27 69 0
28 33 0
28 71 0
28 73 0
28 102 0
28 111 0
29 32 0
30 32 0
31 69 0
32 45 0
32 101 0
33 66 0
33 80 0
34 53 0
34 63 0
34 90 0
34 95 0
35 54 0
36 49 0
37 40 0
38 46 0
39 112 0
40 68 0
40 81 0
40 89 0
40 97 0
41 46 0
42 98 0
43 111 0
44 76 0
46 56 0
46 59 0
46 119 0
47 49 0
48 53 0
48 67 0
48 100 0
48 101 0
48 106 0
49 73 0
49 105 0
50 52 0
50 96 0
51 112 0
53 71 0
53 78 0
53 108 0
54 72 0
54 87 0
54 109 0
55 103 0
55 114 0
55 119 0
56 99 0
57 78 0
58 64 0
58 70 0
58 97 0
59 101 0
60 98 0
61 110 0
62 111 0
63 89 0
65 77 0
65 88 0
66 116 0
68 84 0
69 74 0
69 101 0
71 97 0
71 101 0
75 80 0
75 88 0
76 109 0
77 115 0
78 99 0
78 117 0
79 89 0
80 89 0
80 110 0
80 115 0
82 84 0
83 94 0
84 93 0
84 105 0
85 99 0
86 99 0
87 102 0
88 105 0
89 90 0
89 103 0
94 120 0
97 99 0
98 118 0
98 119 0
101 112 0
102 104 0
104 113 0
107 115 0
108 112 0
109 111 0
111 115 0
