600 637 0
1 501 0
2 69 0
2 116 0
2 392 0
2 453 0
3 18 0
4 189 0
5 79 0
5 325 0
5 455 0
5 467 0
6 269 0
7 432 0
8 577 0
9 243 0
9 318 0
9 480 0
9 508 0
10 307 0
11 51 0
11 114 0
11 427 0
11 569 0
12 270 0
13 222 0
14 548 0
15 564 0
16 25 0
16 95 0
16 254 0
16 400 0
17 98 0
18 255 0
18 355 0
18 410 0
19 399 0
20 483 0
21 208 0
22 330 0
23 437 0
24 68 0
24 303 0
24 359 0
24 506 0
25 266 0
25 275 0
26 151 0
26 218 0
26 249 0
26 257 0
26 502 0
27 478 0
28 44 0
29 66 0
29 78 0
29 143 0
29 584 0
30 535 0
31 595 0
32 138 0
32 463 0
32 529 0
32 568 0
33 57 0
34 159 0
35 124 0
35 320 0
35 570 0
36 204 0
36 224 0
36 232 0
36 345 0
37 312 0
38 148 0
38 185 0
38 274 0
38 302 0
38 495 0
39 92 0
39 182 0
39 414 0
39 600 0
40 316 0
41 285 0
42 476 0
43 234 0
44 236 0
44 272 0
44 369 0
45 331 0
46 495 0
47 153 0
48 525 0
48 561 0
48 577 0
49 237 0
49 346 0
49 509 0
49 574 0
50 131 0
51 157 0
51 501 0
51 539 0
52 333 0
53 560 0
54 377 0
55 108 0
55 155 0
55 202 0
55 253 0
55 452 0
55 530 0
56 70 0
57 88 0
57 365 0
57 445 0
57 486 0
58 359 0
59 120 0
60 525 0
61 82 0
61 141 0
61 233 0
61 448 0
62 478 0
63 235 0
63 315 0
63 442 0
63 551 0
64 240 0
65 232 0
66 365 0
66 457 0
67 172 0
68 71 0
68 296 0
68 481 0
68 593 0
70 168 0
70 201 0
70 426 0
71 270 0
71 377 0
71 535 0
72 101 0
72 378 0
72 389 0
72 398 0
72 524 0
73 244 0
73 320 0
73 329 0
73 438 0
73 532 0
74 270 0
75 418 0
76 421 0
77 501 0
78 210 0
78 293 0
78 376 0
80 172 0
80 183 0
80 393 0
80 399 0
81 124 0
82 130 0
82 367 0
82 504 0
83 287 0
83 363 0
83 386 0
83 561 0
84 128 0
84 233 0
84 356 0
85 316 0
86 308 0
87 303 0
89 183 0
89 266 0
89 302 0
89 448 0
90 129 0
90 264 0
90 338 0
90 517 0
91 163 0
91 335 0
91 432 0
91 555 0
92 150 0
92 179 0
92 561 0
93 161 0
93 286 0
93 373 0
93 547 0
94 492 0
95 167 0
95 369 0
95 438 0
96 307 0
97 136 0
98 277 0
98 292 0
98 305 0
99 128 0
100 393 0
102 280 0
103 256 0
104 120 0
105 173 0
106 163 0
107 207 0
108 400 0
108 491 0
109 414 0
110 293 0
111 394 0
112 470 0
113 210 0
113 418 0
113 493 0
113 595 0
115 232 0
116 157 0
116 492 0
116 556 0
117 443 0
118 393 0
119 128 0
120 217 0
120 573 0
121 472 0
122 273 0
123 290 0
124 291 0
124 389 0
125 133 0
126 359 0
127 571 0
128 211 0
128 510 0
131 473 0
131 475 0
131 520 0
132 145 0
132 280 0
132 394 0
132 482 0
133 397 0
133 409 0
133 410 0
134 373 0
134 398 0
134 471 0
134 545 0
135 240 0
136 249 0
136 348 0
136 361 0
137 493 0
139 233 0
140 233 0
141 176 0
141 456 0
141 592 0
142 476 0
144 156 0
145 299 0
145 402 0
145 417 0
146 472 0
147 220 0
148 263 0
148 518 0
148 550 0
149 360 0
149 452 0
149 464 0
149 465 0
150 157 0
150 266 0
150 345 0
152 333 0
153 195 0
153 261 0
153 568 0
154 171 0
155 275 0
155 312 0
156 205 0
156 289 0
156 325 0
157 249 0
158 303 0
159 192 0
159 276 0
159 578 0
160 204 0
162 214 0
162 337 0
162 419 0
162 572 0
163 197 0
163 390 0
164 422 0
165 284 0
166 189 0
167 314 0
167 422 0
167 599 0
168 494 0
168 560 0
169 580 0
170 495 0
171 216 0
171 319 0
171 438 0
172 343 0
172 558 0
173 297 0
173 384 0
173 586 0
174 309 0
175 544 0
177 422 0
178 226 0
178 396 0
178 464 0
178 563 0
179 185 0
179 421 0
179 542 0
179 580 0
180 186 0
181 548 0
182 194 0
182 350 0
182 439 0
183 325 0
183 479 0
184 186 0
185 368 0
186 339 0
186 411 0
187 462 0
188 562 0
189 384 0
189 583 0
190 571 0
191 457 0
192 254 0
192 331 0
192 446 0
193 207 0
196 506 0
198 525 0
199 224 0
200 323 0
200 470 0
200 579 0
203 521 0
204 391 0
204 485 0
206 539 0
207 365 0
207 420 0
208 228 0
208 435 0
208 445 0
208 464 0
209 542 0
210 253 0
210 593 0
211 308 0
211 448 0
211 491 0
212 284 0
213 591 0
214 302 0
214 387 0
214 494 0
215 234 0
216 494 0
216 570 0
217 271 0
217 335 0
217 476 0
219 457 0
220 259 0
220 267 0
220 581 0
221 580 0
222 296 0
222 497 0
222 519 0
223 412 0
224 237 0
224 498 0
224 500 0
225 262 0
225 328 0
225 364 0
225 385 0
227 377 0
228 470 0
228 517 0
229 494 0
230 495 0
231 307 0
232 549 0
234 372 0
234 475 0
237 256 0
238 290 0
239 446 0
240 401 0
240 442 0
241 492 0
242 600 0
243 400 0
243 525 0
243 562 0
245 340 0
246 399 0
247 330 0
248 555 0
249 577 0
250 542 0
251 599 0
252 314 0
253 273 0
253 452 0
253 544 0
254 365 0
254 464 0
256 325 0
256 336 0
256 358 0
258 293 0
259 302 0
259 472 0
259 484 0
260 446 0
265 461 0
266 593 0
268 544 0
269 423 0
269 574 0
269 594 0
270 425 0
271 332 0
271 415 0
271 565 0
273 406 0
273 554 0
274 353 0
274 436 0
274 516 0
275 335 0
275 405 0
275 482 0
278 506 0
279 571 0
280 322 0
280 381 0
281 331 0
282 356 0
283 555 0
284 354 0
284 442 0
285 341 0
285 384 0
285 466 0
288 587 0
290 479 0
290 522 0
292 335 0
292 462 0
292 591 0
293 514 0
294 376 0
295 359 0
296 478 0
296 483 0
298 562 0
300 544 0
301 461 0
303 566 0
304 316 0
304 384 0
304 484 0
306 387 0
307 561 0
308 416 0
308 481 0
309 311 0
309 369 0
309 382 0
310 340 0
312 344 0
312 365 0
312 526 0
313 461 0
314 459 0
314 477 0
314 502 0
316 398 0
316 438 0
316 502 0
317 494 0
320 331 0
320 599 0
321 595 0
324 599 0
326 535 0
327 521 0
328 356 0
328 482 0
328 521 0
330 371 0
330 561 0
333 441 0
333 479 0
334 542 0
340 389 0
340 490 0
342 599 0
345 411 0
345 426 0
347 457 0
349 506 0
351 484 0
352 556 0
356 469 0
356 533 0
357 387 0
362 539 0
366 556 0
368 375 0
368 426 0
368 536 0
369 457 0
370 494 0
373 461 0
373 570 0
374 595 0
376 388 0
376 527 0
377 503 0
379 412 0
380 491 0
383 432 0
384 400 0
387 512 0
389 405 0
392 411 0
392 577 0
393 468 0
394 413 0
394 575 0
395 505 0
399 460 0
400 410 0
403 591 0
404 560 0
405 442 0
405 517 0
407 492 0
408 421 0
410 443 0
411 412 0
411 552 0
412 531 0
414 440 0
414 598 0
418 582 0
418 589 0
421 528 0
422 429 0
424 462 0
426 564 0
428 560 0
430 476 0
431 548 0
432 474 0
433 462 0
434 555 0
437 523 0
437 543 0
437 574 0
443 488 0
443 585 0
444 478 0
445 556 0
446 447 0
448 470 0
449 493 0
450 580 0
451 552 0
454 564 0
458 521 0
470 540 0
472 513 0
475 482 0
475 571 0
479 548 0
481 587 0
483 507 0
483 588 0
484 567 0
487 501 0
489 587 0
491 537 0
493 534 0
496 600 0
499 539 0
505 546 0
505 568 0
505 597 0
511 562 0
515 591 0
517 560 0
517 587 0
525 590 0
535 559 0
538 552 0
541 564 0
552 557 0
553 577 0
568 570 0
570 574 0
570 593 0
576 587 0
596 600 0
