180 200 0
1 2 0
1 13 0
1 26 0
1 144 0
1 165 0
2 40 0
2 117 0
2 129 0
3 31 0
3 180 0
4 128 0
5 41 0
6 30 0
6 82 0
6 85 0
6 89 0
6 91 0
7 107 0
8 68 0
9 37 0
10 137 0
11 48 0
12 29 0
12 162 0
13 18 0
13 47 0
13 129 0
13 167 0
14 136 0
15 47 0
15 64 0
15 80 0
15 84 0
16 117 0
17 52 0
18 114 0
18 136 0
18 169 0
19 67 0
20 111 0
20 166 0
21 23 0
21 28 0
21 106 0
21 173 0
22 95 0
22 113 0
22 124 0
22 168 0
23 32 0
23 105 0
23 141 0
24 134 0
25 35 0
25 72 0
25 87 0
25 166 0
26 78 0
26 139 0
26 149 0
27 109 0
28 116 0
29 43 0
29 77 0
29 119 0
31 32 0
32 94 0
32 172 0
33 72 0
34 175 0
35 38 0
35 57 0
35 70 0
36 136 0
37 76 0
37 86 0
37 96 0
38 60 0
39 67 0
39 156 0
40 65 0
40 74 0
40 79 0
41 75 0
41 90 0
41 178 0
42 63 0
44 48 0
44 67 0
45 55 0
45 166 0
46 128 0
47 97 0
47 153 0
48 96 0
48 170 0
49 134 0
50 72 0
50 118 0
50 152 0
50 159 0
51 118 0
51 137 0
52 75 0
52 104 0
52 150 0
53 169 0
54 73 0
54 89 0
54 125 0
54 142 0
55 156 0
55 176 0
56 114 0
58 109 0
59 141 0
60 134 0
61 153 0
62 105 0
62 129 0
62 148 0
63 127 0
63 157 0
63 161 0
66 153 0
67 163 0
67 171 0
68 108 0
68 159 0
68 171 0
69 137 0
71 165 0
72 123 0
75 87 0
75 134 0
77 105 0
77 145 0
77 146 0
81 111 0
81 180 0
83 145 0
85 154 0
87 89 0
87 129 0
88 97 0
89 140 0
92 126 0
93 165 0
96 105 0
96 109 0
97 99 0
97 138 0
98 145 0
100 140 0
101 136 0
102 146 0
103 140 0
107 115 0
107 167 0
107 179 0
108 135 0
109 132 0
110 176 0
111 153 0
112 114 0
114 116 0
117 122 0
117 133 0
118 126 0
120 154 0
121 175 0
126 160 0
126 168 0
127 138 0
127 148 0
127 175 0
127 176 0
128 135 0
128 168 0
130 169 0
131 166 0
137 167 0
137 180 0
140 177 0
141 152 0
141 155 0
143 146 0
143 164 0
145 162 0
146 160 0
146 164 0
147 154 0
148 168 0
148 171 0
151 180 0
154 171 0
156 175 0
158 176 0
167 180 0
169 174 0
