350 463 0
1 12 0
1 208 0
2 287 0
3 350 0
4 175 0
5 28 0
5 133 0
5 157 0
5 230 0
5 308 0
6 67 0
6 69 0
6 146 0
6 331 0
7 152 0
8 57 0
8 145 0
8 252 0
8 304 0
9 10 0
9 21 0
9 159 0
10 66 0
10 294 0
11 241 0
11 317 0
12 89 0
12 189 0
12 215 0
12 310 0
12 335 0
13 89 0
13 141 0
13 191 0
13 343 0
14 280 0
15 95 0
15 119 0
15 132 0
16 132 0
16 148 0
17 165 0
17 198 0
17 263 0
17 289 0
17 332 0
18 123 0
18 287 0
18 320 0
18 325 0
19 88 0
19 183 0
19 203 0
20 280 0
21 78 0
22 340 0
23 54 0
23 164 0
23 203 0
23 311 0
24 82 0
24 248 0
24 293 0
24 295 0
24 330 0
25 74 0
25 132 0
26 350 0
27 36 0
28 215 0
29 346 0
30 214 0
31 66 0
32 118 0
33 59 0
33 266 0
34 234 0
35 47 0
35 277 0
35 297 0
35 301 0
35 322 0
36 39 0
36 122 0
36 240 0
36 302 0
37 90 0
37 209 0
38 260 0
39 47 0
39 54 0
39 129 0
39 159 0
39 205 0
40 256 0
41 320 0
41 336 0
42 151 0
42 293 0
43 183 0
44 201 0
44 260 0
44 317 0
44 337 0
45 346 0
46 99 0
46 121 0
46 148 0
46 217 0
46 309 0
48 84 0
48 333 0
49 138 0
50 247 0
51 139 0
51 179 0
51 344 0
51 347 0
52 64 0
52 70 0
52 107 0
52 258 0
53 180 0
53 190 0
53 283 0
53 298 0
53 309 0
53 333 0
54 72 0
55 82 0
55 92 0
55 282 0
55 318 0
56 140 0
56 235 0
56 239 0
56 269 0
57 97 0
57 148 0
57 182 0
57 242 0
57 339 0
58 322 0
59 99 0
59 165 0
59 176 0
59 268 0
60 285 0
61 320 0
62 221 0
63 112 0
63 245 0
65 259 0
66 122 0
66 182 0
66 289 0
66 303 0
68 214 0
68 267 0
69 117 0
70 214 0
70 336 0
70 349 0
71 115 0
72 146 0
72 261 0
73 103 0
73 146 0
74 250 0
74 299 0
74 316 0
75 159 0
76 87 0
76 260 0
77 155 0
77 287 0
78 98 0
78 192 0
78 264 0
79 83 0
79 157 0
79 244 0
80 337 0
81 221 0
82 155 0
82 202 0
82 304 0
83 326 0
84 192 0
84 241 0
84 262 0
84 329 0
85 265 0
86 145 0
87 135 0
87 237 0
87 307 0
88 349 0
89 163 0
89 231 0
90 104 0
90 109 0
90 114 0
91 186 0
91 233 0
91 290 0
91 338 0
92 113 0
92 232 0
92 347 0
93 123 0
93 160 0
93 201 0
93 275 0
94 118 0
95 204 0
95 327 0
96 245 0
97 153 0
97 202 0
97 211 0
97 283 0
99 231 0
99 294 0
99 322 0
100 163 0
101 183 0
102 106 0
102 252 0
103 169 0
103 253 0
103 310 0
104 148 0
105 337 0
106 125 0
106 194 0
106 276 0
106 316 0
108 234 0
109 118 0
109 192 0
109 201 0
109 280 0
110 252 0
111 137 0
111 165 0
111 199 0
111 273 0
111 346 0
111 350 0
112 127 0
112 136 0
112 316 0
112 327 0
113 276 0
115 171 0
115 238 0
115 242 0
116 137 0
116 188 0
116 212 0
117 312 0
118 296 0
119 265 0
120 312 0
121 349 0
122 189 0
122 316 0
123 165 0
123 192 0
124 129 0
124 196 0
124 305 0
126 129 0
128 210 0
128 243 0
128 288 0
129 286 0
130 162 0
130 185 0
130 196 0
130 243 0
131 132 0
131 152 0
131 211 0
132 220 0
132 242 0
133 151 0
133 169 0
134 246 0
135 185 0
136 229 0
137 178 0
137 208 0
138 212 0
138 283 0
138 300 0
140 163 0
142 247 0
143 204 0
144 257 0
145 161 0
145 274 0
146 265 0
146 285 0
146 336 0
147 163 0
148 264 0
149 246 0
150 217 0
150 252 0
151 254 0
151 270 0
151 310 0
152 226 0
152 269 0
152 350 0
154 212 0
154 294 0
155 163 0
156 260 0
157 281 0
157 302 0
158 223 0
158 280 0
159 197 0
159 271 0
160 324 0
160 339 0
162 259 0
162 261 0
162 308 0
165 341 0
166 168 0
167 210 0
168 184 0
168 282 0
168 301 0
170 322 0
172 262 0
173 325 0
174 195 0
174 199 0
174 326 0
175 187 0
175 224 0
175 240 0
175 300 0
175 347 0
177 285 0
179 216 0
181 294 0
182 234 0
182 256 0
183 186 0
183 237 0
185 274 0
186 294 0
188 211 0
188 256 0
188 299 0
190 223 0
192 346 0
193 229 0
195 204 0
197 265 0
198 234 0
199 301 0
199 316 0
199 324 0
200 341 0
201 347 0
204 206 0
204 266 0
205 283 0
205 291 0
205 311 0
205 339 0
206 262 0
206 275 0
206 293 0
207 304 0
208 315 0
209 245 0
209 289 0
210 230 0
210 236 0
210 338 0
212 269 0
213 325 0
214 292 0
216 273 0
216 275 0
218 259 0
218 284 0
219 350 0
221 249 0
221 311 0
222 341 0
223 308 0
223 337 0
225 317 0
227 285 0
228 260 0
229 242 0
229 288 0
229 310 0
229 314 0
230 313 0
231 237 0
231 339 0
234 305 0
237 340 0
239 308 0
241 249 0
242 247 0
244 256 0
245 311 0
246 319 0
246 338 0
246 344 0
247 266 0
248 287 0
251 262 0
251 297 0
255 340 0
255 347 0
257 267 0
257 296 0
257 298 0
257 301 0
259 278 0
261 323 0
261 335 0
262 321 0
266 275 0
269 275 0
269 312 0
272 294 0
273 278 0
273 279 0
273 306 0
275 338 0
283 332 0
284 322 0
289 304 0
291 325 0
293 342 0
295 349 0
298 337 0
308 324 0
308 326 0
309 331 0
310 336 0
312 345 0
315 317 0
318 320 0
324 336 0
326 348 0
328 340 0
330 346 0
331 346 0
334 341 0
