900 944 0
1 124 0
2 42 0
2 115 0
2 366 0
2 542 0
3 88 0
3 288 0
3 582 0
3 663 0
3 855 0
4 95 0
4 140 0
4 389 0
4 548 0
5 36 0
5 386 0
5 434 0
5 860 0
6 170 0
6 173 0
6 707 0
6 718 0
7 330 0
7 352 0
7 695 0
8 713 0
9 125 0
9 442 0
9 444 0
9 795 0
10 159 0
10 308 0
10 458 0
10 498 0
11 288 0
11 336 0
11 886 0
12 296 0
13 242 0
13 320 0
13 877 0
14 16 0
14 218 0
14 362 0
14 452 0
14 727 0
15 222 0
17 478 0
17 881 0
18 190 0
18 541 0
18 591 0
18 762 0
19 785 0
20 142 0
21 492 0
22 137 0
23 584 0
24 50 0
24 287 0
24 870 0
25 205 0
26 82 0
27 578 0
27 595 0
27 602 0
27 719 0
28 529 0
29 293 0
29 707 0
29 731 0
29 737 0
30 207 0
30 484 0
30 545 0
30 813 0
31 894 0
32 330 0
33 226 0
33 291 0
33 467 0
33 766 0
34 379 0
34 548 0
34 860 0
34 888 0
35 78 0
36 104 0
36 369 0
36 485 0
36 785 0
37 155 0
37 378 0
37 501 0
38 78 0
39 894 0
40 210 0
40 503 0
40 581 0
40 839 0
41 880 0
42 518 0
42 801 0
43 209 0
44 132 0
45 378 0
46 369 0
47 169 0
47 234 0
47 634 0
47 829 0
48 511 0
48 651 0
48 686 0
48 887 0
49 144 0
50 366 0
50 452 0
50 676 0
50 753 0
51 89 0
52 279 0
52 306 0
52 393 0
52 877 0
53 644 0
54 611 0
55 60 0
55 361 0
55 814 0
55 825 0
56 213 0
56 217 0
56 710 0
57 189 0
57 430 0
57 455 0
57 894 0
58 633 0
59 415 0
61 278 0
62 378 0
63 546 0
64 519 0
65 256 0
65 538 0
65 606 0
65 638 0
65 724 0
66 759 0
67 774 0
68 116 0
68 131 0
68 581 0
68 660 0
69 496 0
69 501 0
69 695 0
69 890 0
70 396 0
71 380 0
72 80 0
72 92 0
72 687 0
72 706 0
73 281 0
74 84 0
75 108 0
75 450 0
75 684 0
75 690 0
75 807 0
76 756 0
77 340 0
77 385 0
77 579 0
77 858 0
78 448 0
78 794 0
79 374 0
81 396 0
82 423 0
82 550 0
82 705 0
83 144 0
84 412 0
84 499 0
84 545 0
85 163 0
86 695 0
87 319 0
89 147 0
89 162 0
89 527 0
90 211 0
90 325 0
90 619 0
90 631 0
91 584 0
92 213 0
92 327 0
92 728 0
93 490 0
94 352 0
96 556 0
97 618 0
98 437 0
99 270 0
100 791 0
101 394 0
101 510 0
101 525 0
101 869 0
102 222 0
103 244 0
103 251 0
103 309 0
103 540 0
104 275 0
104 443 0
104 833 0
105 769 0
106 249 0
106 554 0
106 612 0
106 755 0
107 215 0
109 146 0
109 322 0
109 676 0
110 774 0
111 337 0
112 513 0
113 802 0
114 235 0
115 307 0
115 740 0
115 741 0
117 701 0
117 806 0
117 889 0
117 900 0
118 195 0
119 496 0
120 558 0
121 237 0
121 254 0
121 599 0
121 740 0
122 592 0
123 209 0
124 258 0
124 655 0
124 704 0
126 281 0
127 343 0
127 451 0
127 623 0
127 675 0
128 215 0
129 815 0
130 223 0
130 364 0
130 547 0
130 619 0
130 765 0
132 673 0
132 811 0
132 832 0
133 361 0
133 422 0
133 482 0
133 698 0
134 800 0
135 260 0
135 361 0
135 542 0
135 625 0
136 282 0
136 486 0
136 535 0
136 636 0
137 229 0
137 439 0
137 678 0
138 617 0
138 741 0
138 769 0
138 791 0
139 336 0
141 341 0
142 348 0
142 679 0
142 726 0
143 433 0
143 440 0
143 476 0
143 803 0
144 285 0
144 625 0
145 782 0
146 291 0
146 368 0
146 872 0
148 332 0
148 364 0
148 624 0
148 803 0
149 685 0
150 669 0
151 477 0
152 853 0
153 562 0
154 404 0
155 268 0
155 273 0
155 489 0
156 754 0
157 352 0
157 437 0
157 586 0
157 866 0
158 791 0
160 613 0
161 836 0
163 331 0
163 777 0
163 870 0
164 644 0
165 342 0
166 395 0
167 851 0
168 441 0
168 590 0
168 625 0
168 664 0
168 846 0
171 556 0
172 533 0
174 363 0
175 409 0
176 380 0
177 627 0
178 823 0
179 341 0
180 387 0
181 406 0
182 195 0
183 608 0
184 212 0
185 410 0
186 530 0
187 298 0
188 313 0
189 197 0
189 730 0
189 775 0
191 630 0
192 513 0
193 820 0
194 315 0
194 335 0
194 432 0
194 528 0
195 214 0
195 738 0
196 280 0
196 324 0
196 357 0
196 819 0
198 242 0
199 563 0
200 562 0
201 586 0
202 416 0
203 669 0
204 283 0
205 224 0
205 268 0
205 572 0
206 395 0
208 213 0
209 647 0
209 768 0
212 401 0
212 528 0
212 760 0
213 475 0
213 516 0
215 354 0
215 679 0
216 644 0
217 375 0
217 439 0
217 780 0
218 627 0
218 644 0
219 479 0
219 585 0
219 604 0
219 628 0
220 697 0
221 728 0
222 345 0
222 523 0
225 729 0
227 342 0
228 820 0
230 322 0
231 800 0
232 633 0
233 710 0
235 543 0
235 709 0
235 858 0
236 696 0
237 427 0
237 472 0
237 852 0
238 563 0
238 774 0
238 818 0
238 866 0
239 490 0
240 617 0
241 532 0
242 277 0
242 705 0
242 827 0
243 367 0
245 501 0
246 511 0
247 451 0
248 371 0
248 657 0
248 811 0
248 861 0
250 592 0
251 307 0
251 415 0
251 546 0
252 491 0
253 537 0
253 573 0
253 637 0
253 889 0
254 318 0
254 712 0
254 763 0
255 406 0
256 592 0
256 843 0
256 890 0
257 565 0
259 374 0
260 356 0
260 605 0
260 629 0
261 656 0
262 696 0
263 339 0
263 609 0
263 762 0
263 870 0
264 268 0
264 403 0
264 515 0
264 621 0
265 617 0
266 549 0
267 881 0
268 866 0
269 843 0
270 405 0
270 536 0
270 747 0
270 794 0
271 728 0
272 563 0
274 617 0
276 759 0
278 346 0
278 683 0
278 795 0
281 329 0
281 470 0
283 329 0
283 600 0
283 828 0
284 791 0
286 501 0
287 290 0
287 733 0
287 877 0
288 298 0
288 426 0
289 380 0
291 374 0
291 715 0
292 697 0
294 545 0
294 581 0
294 610 0
294 801 0
295 451 0
296 434 0
296 506 0
296 810 0
297 773 0
298 299 0
298 447 0
298 535 0
300 445 0
301 681 0
302 415 0
303 754 0
304 464 0
305 772 0
307 418 0
307 768 0
310 399 0
310 502 0
310 527 0
310 560 0
311 549 0
311 674 0
311 686 0
312 651 0
313 634 0
313 653 0
313 898 0
314 365 0
314 688 0
314 736 0
314 859 0
316 897 0
317 430 0
319 452 0
319 822 0
319 837 0
320 379 0
320 494 0
320 809 0
321 496 0
322 370 0
322 424 0
322 583 0
323 532 0
326 599 0
327 582 0
327 778 0
327 789 0
328 615 0
329 465 0
329 611 0
330 643 0
330 655 0
330 875 0
333 464 0
334 602 0
334 705 0
334 736 0
334 860 0
336 436 0
336 609 0
336 764 0
337 345 0
337 739 0
337 781 0
338 881 0
339 465 0
339 518 0
339 866 0
341 361 0
341 438 0
342 566 0
342 610 0
343 542 0
343 655 0
343 889 0
344 416 0
345 405 0
345 597 0
345 830 0
347 826 0
349 710 0
350 729 0
351 886 0
352 589 0
352 892 0
353 410 0
355 771 0
356 588 0
356 692 0
356 816 0
358 830 0
359 437 0
360 391 0
361 570 0
363 485 0
363 755 0
363 770 0
363 878 0
364 415 0
366 597 0
366 887 0
367 534 0
367 705 0
367 885 0
369 435 0
369 798 0
372 627 0
373 522 0
374 616 0
376 555 0
377 404 0
378 672 0
378 877 0
379 530 0
379 847 0
379 881 0
380 819 0
380 899 0
381 437 0
382 565 0
383 593 0
384 563 0
386 410 0
386 556 0
386 880 0
387 488 0
387 640 0
387 761 0
388 492 0
390 417 0
391 469 0
391 609 0
391 748 0
392 623 0
395 498 0
395 867 0
396 428 0
396 662 0
396 794 0
397 586 0
398 823 0
400 815 0
402 519 0
404 753 0
404 779 0
404 899 0
405 575 0
406 418 0
406 596 0
407 457 0
407 757 0
407 778 0
407 784 0
408 671 0
409 545 0
409 561 0
409 841 0
410 570 0
410 893 0
411 522 0
413 686 0
414 773 0
415 732 0
416 840 0
416 870 0
417 450 0
417 758 0
417 792 0
418 549 0
418 713 0
419 584 0
420 533 0
421 830 0
424 445 0
424 491 0
424 493 0
425 599 0
426 868 0
426 888 0
426 899 0
428 555 0
428 818 0
429 530 0
430 626 0
430 641 0
431 529 0
434 618 0
434 851 0
439 490 0
439 845 0
441 515 0
441 815 0
441 851 0
445 790 0
445 883 0
446 498 0
446 715 0
446 761 0
446 824 0
449 696 0
450 474 0
450 756 0
451 517 0
452 575 0
453 478 0
454 836 0
455 634 0
455 707 0
455 715 0
456 520 0
456 610 0
456 752 0
456 857 0
459 532 0
460 820 0
461 896 0
462 772 0
463 519 0
464 635 0
464 824 0
465 535 0
465 811 0
466 511 0
468 565 0
471 896 0
473 613 0
474 525 0
474 542 0
474 819 0
477 700 0
477 746 0
477 796 0
478 668 0
478 676 0
478 703 0
480 599 0
481 686 0
483 710 0
485 611 0
487 509 0
490 666 0
491 667 0
491 702 0
492 500 0
492 888 0
493 738 0
493 746 0
493 789 0
495 815 0
496 844 0
497 771 0
498 644 0
501 598 0
501 724 0
504 613 0
505 648 0
505 720 0
505 824 0
507 556 0
508 577 0
509 535 0
509 750 0
509 797 0
511 576 0
512 818 0
513 581 0
513 879 0
514 788 0
515 881 0
518 789 0
518 860 0
519 768 0
521 546 0
522 580 0
522 889 0
524 729 0
525 533 0
525 630 0
526 651 0
527 697 0
527 741 0
528 669 0
528 740 0
529 734 0
529 736 0
530 742 0
531 843 0
532 548 0
533 650 0
539 728 0
544 774 0
546 571 0
548 815 0
549 865 0
551 823 0
552 623 0
553 695 0
555 746 0
555 862 0
555 874 0
557 611 0
558 594 0
558 652 0
558 761 0
559 826 0
562 834 0
562 858 0
564 630 0
565 753 0
567 886 0
568 639 0
568 735 0
568 746 0
568 838 0
569 826 0
570 754 0
574 785 0
575 725 0
575 745 0
577 642 0
577 764 0
577 819 0
577 863 0
582 593 0
582 759 0
584 655 0
585 729 0
585 741 0
585 847 0
585 886 0
586 684 0
586 849 0
587 593 0
592 622 0
593 786 0
597 619 0
597 877 0
601 713 0
602 710 0
602 754 0
603 675 0
605 783 0
605 805 0
605 848 0
607 681 0
608 714 0
608 743 0
608 762 0
609 615 0
610 782 0
613 778 0
614 656 0
615 764 0
615 821 0
618 661 0
618 842 0
619 836 0
620 656 0
623 699 0
625 671 0
627 755 0
629 711 0
629 812 0
629 854 0
630 884 0
632 686 0
633 795 0
633 850 0
634 681 0
645 851 0
646 681 0
649 824 0
651 831 0
654 675 0
656 707 0
658 830 0
659 771 0
665 675 0
669 873 0
670 896 0
671 751 0
671 882 0
674 680 0
674 721 0
674 723 0
674 768 0
676 685 0
676 800 0
677 788 0
679 887 0
679 896 0
682 782 0
684 769 0
685 693 0
685 871 0
689 759 0
691 894 0
694 853 0
696 738 0
697 787 0
708 769 0
713 744 0
715 801 0
716 897 0
717 886 0
722 800 0
724 843 0
736 772 0
738 826 0
740 858 0
749 897 0
753 771 0
755 845 0
756 835 0
756 891 0
761 820 0
762 897 0
767 773 0
772 847 0
773 803 0
776 802 0
778 802 0
782 793 0
785 876 0
788 856 0
788 888 0
789 890 0
794 887 0
795 890 0
799 836 0
801 845 0
802 895 0
803 845 0
804 853 0
808 818 0
811 853 0
817 880 0
823 870 0
864 880 0
