180 221 0
1 42 0
2 12 0
2 86 0
2 102 0
2 126 0
3 32 0
3 85 0
4 17 0
5 39 0
5 47 0
5 85 0
5 115 0
5 144 0
5 180 0
6 83 0
6 155 0
6 160 0
6 161 0
7 31 0
7 36 0
7 78 0
7 84 0
8 55 0
8 119 0
9 38 0
10 147 0
10 165 0
11 42 0
12 103 0
13 21 0
13 44 0
13 52 0
13 61 0
13 72 0
14 44 0
14 94 0
15 163 0
15 169 0
16 21 0
16 57 0
16 63 0
16 135 0
16 138 0
17 34 0
17 71 0
18 152 0
19 162 0
20 37 0
21 28 0
21 121 0
22 61 0
22 63 0
22 96 0
22 161 0
23 72 0
24 174 0
25 38 0
26 128 0
27 106 0
28 55 0
28 147 0
28 154 0
29 64 0
29 66 0
29 90 0
29 106 0
29 142 0
29 167 0
30 70 0
30 74 0
30 96 0
30 149 0
32 128 0
32 170 0
33 171 0
34 57 0
34 62 0
34 129 0
35 85 0
35 146 0
36 57 0
37 54 0
37 103 0
37 140 0
38 39 0
38 80 0
38 151 0
39 85 0
39 138 0
40 112 0
41 129 0
42 122 0
42 126 0
43 84 0
43 159 0
43 162 0
44 116 0
44 178 0
45 61 0
45 114 0
45 124 0
45 176 0
46 82 0
47 138 0
47 152 0
47 171 0
47 174 0
48 55 0
49 98 0
49 161 0
49 167 0
49 172 0
50 52 0
50 145 0
51 153 0
52 111 0
52 117 0
52 165 0
53 173 0
54 78 0
55 58 0
56 153 0
57 113 0
57 162 0
59 67 0
59 76 0
59 84 0
59 177 0
60 112 0
60 151 0
61 163 0
61 173 0
63 169 0
65 105 0
65 129 0
68 107 0
69 107 0
71 118 0
72 123 0
72 165 0
73 152 0
75 133 0
75 147 0
75 167 0
77 117 0
77 120 0
79 106 0
81 84 0
81 104 0
81 141 0
81 175 0
82 121 0
82 156 0
82 157 0
82 179 0
84 169 0
85 93 0
87 89 0
87 120 0
88 105 0
88 134 0
89 134 0
89 157 0
90 106 0
90 112 0
90 169 0
91 129 0
92 139 0
93 166 0
94 139 0
95 125 0
96 107 0
96 153 0
97 163 0
99 164 0
100 150 0
100 173 0
101 164 0
103 139 0
105 107 0
105 171 0
106 143 0
107 159 0
108 164 0
109 171 0
110 125 0
112 156 0
113 131 0
113 151 0
113 170 0
118 154 0
118 178 0
119 120 0
120 161 0
121 125 0
121 134 0
124 167 0
125 136 0
126 128 0
126 138 0
127 163 0
128 148 0
130 162 0
132 136 0
132 174 0
133 139 0
134 145 0
135 147 0
137 154 0
139 140 0
140 164 0
140 169 0
143 149 0
146 154 0
149 175 0
150 173 0
152 158 0
153 168 0
154 156 0
166 174 0
171 176 0
