600 712 0
1 61 0
2 16 0
2 115 0
2 126 0
2 139 0
2 337 0
2 575 0
3 44 0
3 144 0
3 261 0
3 401 0
3 548 0
4 420 0
5 380 0
6 537 0
7 441 0
7 451 0
7 463 0
7 585 0
8 454 0
9 100 0
10 171 0
10 226 0
10 341 0
11 111 0
11 304 0
11 376 0
11 567 0
12 21 0
12 65 0
12 158 0
12 425 0
13 45 0
14 307 0
14 410 0
14 419 0
14 551 0
15 49 0
15 256 0
15 445 0
15 501 0
16 175 0
16 364 0
17 112 0
17 261 0
17 333 0
17 392 0
18 21 0
18 265 0
18 311 0
18 396 0
18 544 0
19 40 0
19 133 0
19 167 0
19 305 0
19 551 0
20 168 0
20 172 0
20 394 0
20 531 0
20 543 0
21 290 0
21 528 0
22 508 0
23 363 0
24 37 0
24 387 0
24 407 0
24 488 0
24 498 0
25 26 0
25 74 0
25 434 0
26 99 0
26 273 0
26 302 0
26 528 0
27 549 0
28 61 0
28 365 0
28 550 0
29 553 0
30 146 0
30 205 0
30 325 0
31 537 0
32 103 0
33 185 0
33 195 0
33 496 0
34 279 0
35 38 0
36 182 0
36 227 0
36 280 0
36 418 0
36 584 0
37 89 0
37 129 0
37 493 0
38 68 0
38 355 0
38 554 0
39 184 0
40 206 0
40 363 0
41 505 0
42 198 0
43 573 0
45 114 0
45 227 0
45 240 0
45 430 0
45 437 0
46 107 0
47 106 0
47 185 0
47 198 0
47 389 0
48 122 0
49 88 0
49 168 0
49 325 0
49 502 0
49 572 0
50 173 0
50 380 0
50 422 0
50 545 0
50 572 0
51 442 0
52 203 0
52 327 0
52 414 0
52 444 0
53 379 0
54 156 0
54 165 0
54 420 0
55 409 0
56 173 0
57 73 0
58 81 0
58 130 0
58 136 0
58 181 0
58 190 0
58 395 0
58 503 0
59 61 0
60 177 0
60 230 0
60 478 0
60 525 0
60 541 0
61 473 0
61 479 0
62 162 0
63 325 0
64 151 0
64 176 0
64 181 0
64 217 0
66 90 0
67 220 0
69 206 0
70 573 0
71 491 0
72 90 0
72 104 0
72 123 0
72 534 0
73 128 0
73 332 0
73 522 0
74 393 0
74 458 0
74 598 0
75 439 0
76 252 0
77 109 0
77 197 0
77 209 0
77 459 0
77 593 0
78 331 0
79 329 0
80 93 0
80 211 0
80 252 0
80 363 0
81 331 0
81 336 0
82 198 0
83 477 0
84 226 0
85 365 0
86 268 0
86 474 0
86 489 0
86 503 0
86 516 0
87 196 0
88 181 0
88 393 0
88 457 0
88 557 0
90 113 0
90 189 0
90 494 0
91 365 0
92 299 0
93 191 0
93 291 0
93 458 0
93 506 0
94 363 0
95 335 0
95 340 0
95 368 0
95 521 0
95 556 0
96 303 0
97 107 0
98 519 0
98 592 0
99 156 0
99 218 0
99 238 0
100 229 0
100 399 0
100 446 0
100 506 0
101 312 0
102 295 0
103 219 0
103 302 0
103 361 0
104 282 0
104 309 0
104 597 0
105 171 0
106 366 0
106 408 0
106 504 0
107 435 0
107 518 0
108 165 0
109 510 0
109 562 0
109 574 0
109 588 0
110 362 0
114 409 0
114 531 0
115 261 0
115 299 0
115 598 0
116 198 0
117 139 0
117 187 0
117 496 0
118 439 0
119 173 0
120 181 0
120 422 0
120 476 0
121 122 0
121 195 0
121 209 0
121 420 0
121 425 0
122 134 0
122 174 0
123 278 0
123 301 0
123 306 0
124 383 0
125 155 0
125 226 0
125 407 0
125 409 0
125 520 0
126 138 0
126 324 0
126 514 0
127 508 0
131 238 0
131 284 0
131 302 0
131 453 0
131 546 0
132 148 0
132 182 0
132 265 0
132 407 0
132 492 0
135 318 0
136 354 0
136 441 0
137 156 0
137 236 0
137 313 0
137 369 0
139 188 0
139 292 0
139 516 0
139 578 0
140 330 0
141 337 0
142 171 0
143 439 0
143 441 0
143 497 0
143 508 0
144 175 0
144 187 0
144 210 0
145 303 0
146 269 0
146 291 0
146 399 0
146 580 0
146 590 0
147 257 0
147 352 0
147 423 0
147 437 0
147 552 0
149 529 0
150 573 0
152 184 0
153 166 0
154 490 0
155 240 0
155 487 0
155 598 0
156 365 0
156 379 0
157 549 0
159 212 0
160 413 0
161 490 0
162 338 0
162 361 0
162 467 0
163 550 0
164 508 0
165 456 0
165 484 0
165 539 0
166 457 0
166 517 0
166 561 0
168 358 0
168 405 0
168 406 0
169 235 0
170 463 0
171 314 0
171 567 0
172 186 0
172 190 0
172 270 0
172 286 0
172 535 0
172 592 0
173 315 0
174 502 0
174 591 0
175 332 0
175 503 0
178 317 0
179 290 0
180 390 0
180 423 0
180 488 0
181 406 0
181 415 0
182 190 0
182 300 0
182 342 0
183 380 0
184 221 0
184 423 0
184 564 0
185 434 0
185 533 0
185 577 0
187 404 0
187 420 0
187 425 0
187 470 0
189 299 0
189 537 0
191 209 0
191 565 0
192 477 0
193 211 0
194 344 0
194 487 0
194 542 0
194 596 0
195 276 0
195 475 0
195 575 0
196 238 0
196 466 0
196 467 0
196 531 0
197 243 0
197 450 0
197 568 0
199 476 0
200 591 0
201 505 0
202 235 0
203 329 0
203 528 0
203 594 0
204 463 0
205 214 0
205 342 0
205 374 0
205 549 0
206 234 0
206 291 0
206 470 0
206 510 0
207 325 0
208 260 0
208 268 0
208 470 0
208 570 0
209 251 0
209 393 0
210 261 0
210 448 0
210 469 0
210 536 0
211 267 0
211 465 0
212 246 0
212 359 0
212 370 0
212 533 0
213 331 0
214 245 0
214 328 0
214 581 0
215 354 0
216 454 0
218 279 0
218 496 0
218 565 0
220 287 0
220 452 0
220 473 0
222 341 0
223 226 0
224 235 0
225 422 0
226 455 0
227 497 0
228 387 0
231 290 0
232 351 0
233 296 0
234 456 0
234 537 0
235 361 0
237 505 0
238 392 0
238 519 0
239 364 0
240 331 0
240 424 0
241 390 0
242 454 0
244 481 0
246 436 0
246 454 0
247 379 0
248 488 0
249 409 0
250 415 0
251 271 0
251 351 0
251 505 0
252 513 0
252 572 0
253 585 0
254 520 0
255 300 0
258 579 0
259 476 0
261 478 0
262 317 0
263 386 0
264 331 0
265 497 0
266 381 0
266 438 0
266 509 0
266 577 0
268 364 0
268 412 0
270 516 0
270 534 0
270 537 0
270 553 0
271 400 0
271 447 0
271 461 0
271 512 0
272 351 0
273 332 0
273 361 0
273 398 0
273 456 0
274 459 0
275 565 0
277 591 0
279 428 0
279 564 0
281 387 0
283 353 0
283 411 0
283 457 0
283 560 0
285 389 0
288 585 0
289 488 0
290 587 0
291 543 0
293 451 0
294 336 0
295 431 0
295 435 0
295 523 0
296 319 0
296 320 0
296 343 0
296 595 0
297 500 0
298 383 0
298 415 0
298 441 0
299 481 0
299 483 0
300 326 0
300 566 0
303 350 0
303 487 0
308 337 0
310 424 0
312 355 0
312 399 0
312 406 0
312 583 0
316 565 0
317 347 0
317 533 0
318 346 0
318 506 0
318 526 0
319 379 0
319 598 0
320 336 0
320 392 0
320 412 0
320 550 0
321 553 0
322 354 0
323 341 0
323 415 0
323 424 0
329 378 0
329 437 0
330 367 0
330 429 0
330 435 0
332 398 0
332 529 0
333 564 0
333 576 0
334 442 0
336 485 0
337 340 0
339 380 0
339 390 0
339 572 0
340 503 0
341 394 0
341 525 0
342 434 0
342 435 0
345 362 0
348 576 0
349 387 0
351 464 0
351 542 0
354 457 0
355 477 0
355 545 0
356 490 0
357 579 0
360 529 0
362 373 0
362 538 0
363 417 0
364 398 0
364 600 0
365 563 0
371 383 0
372 451 0
374 375 0
374 443 0
374 482 0
377 543 0
380 532 0
382 413 0
383 506 0
383 557 0
384 389 0
385 481 0
386 499 0
386 575 0
386 577 0
388 520 0
389 582 0
390 473 0
390 558 0
391 439 0
393 441 0
393 512 0
393 542 0
394 567 0
397 424 0
402 459 0
403 451 0
404 449 0
404 462 0
404 515 0
404 567 0
409 495 0
412 434 0
412 567 0
413 512 0
413 533 0
416 436 0
421 491 0
422 547 0
423 436 0
423 534 0
424 486 0
426 594 0
427 579 0
432 549 0
433 585 0
436 540 0
439 502 0
440 442 0
441 525 0
442 456 0
454 556 0
456 573 0
458 498 0
458 534 0
459 530 0
460 591 0
463 599 0
467 506 0
468 477 0
471 491 0
472 576 0
473 528 0
476 487 0
476 586 0
478 553 0
478 592 0
480 519 0
490 577 0
491 551 0
496 502 0
496 511 0
496 557 0
497 593 0
498 538 0
498 556 0
498 595 0
500 527 0
500 538 0
500 555 0
507 520 0
508 564 0
508 593 0
508 595 0
510 519 0
524 576 0
525 576 0
529 592 0
531 572 0
538 591 0
543 571 0
545 551 0
545 598 0
550 559 0
556 579 0
569 594 0
589 594 0
