500 672 0
1 100 0
1 124 0
2 266 0
2 381 0
3 271 0
3 348 0
4 158 0
4 305 0
4 409 0
4 434 0
5 144 0
5 205 0
5 336 0
5 341 0
5 395 0
5 499 0
6 388 0
7 184 0
8 91 0
8 205 0
8 490 0
8 496 0
9 129 0
10 46 0
10 445 0
11 178 0
12 99 0
12 317 0
13 17 0
13 28 0
13 260 0
13 329 0
13 392 0
14 89 0
14 246 0
14 259 0
14 486 0
15 101 0
15 123 0
15 294 0
15 335 0
15 349 0
16 57 0
16 388 0
18 48 0
18 402 0
19 92 0
19 144 0
19 331 0
19 498 0
20 297 0
21 104 0
21 284 0
21 365 0
21 413 0
22 141 0
22 145 0
22 301 0
22 479 0
22 489 0
23 218 0
23 296 0
23 338 0
23 479 0
24 161 0
24 183 0
24 280 0
24 341 0
24 470 0
25 430 0
25 434 0
25 448 0
25 495 0
26 324 0
26 389 0
27 441 0
28 162 0
28 220 0
28 248 0
28 441 0
28 485 0
29 61 0
29 69 0
29 215 0
29 272 0
29 410 0
29 464 0
30 389 0
31 79 0
31 124 0
31 203 0
31 427 0
31 444 0
32 366 0
33 110 0
34 56 0
34 162 0
34 190 0
34 300 0
34 357 0
34 359 0
35 200 0
35 314 0
36 238 0
36 296 0
36 357 0
36 368 0
37 40 0
37 469 0
38 248 0
38 317 0
39 60 0
39 166 0
39 336 0
39 440 0
40 46 0
40 316 0
40 333 0
40 383 0
41 310 0
41 323 0
41 358 0
41 459 0
42 92 0
42 243 0
42 445 0
43 386 0
44 69 0
44 109 0
44 170 0
44 198 0
44 254 0
44 411 0
45 113 0
45 162 0
45 163 0
45 259 0
45 285 0
45 290 0
45 485 0
45 486 0
46 231 0
47 147 0
47 328 0
47 348 0
47 498 0
48 80 0
48 88 0
48 380 0
49 80 0
49 203 0
50 87 0
51 72 0
51 319 0
51 365 0
51 454 0
52 440 0
53 79 0
53 115 0
53 397 0
54 149 0
54 202 0
54 246 0
54 358 0
55 338 0
56 423 0
56 469 0
57 95 0
58 110 0
58 174 0
58 229 0
58 400 0
58 444 0
59 425 0
60 145 0
60 355 0
60 381 0
62 205 0
63 378 0
64 121 0
64 226 0
65 70 0
65 385 0
65 425 0
66 283 0
66 321 0
67 154 0
67 185 0
67 255 0
67 277 0
67 484 0
68 318 0
69 382 0
70 441 0
71 137 0
71 210 0
71 328 0
71 360 0
73 233 0
73 399 0
73 442 0
73 451 0
74 84 0
75 469 0
76 278 0
77 98 0
77 427 0
78 112 0
78 255 0
79 105 0
79 227 0
79 446 0
79 458 0
80 306 0
81 198 0
81 246 0
81 362 0
81 380 0
82 224 0
83 256 0
84 351 0
84 375 0
84 450 0
85 227 0
85 313 0
85 344 0
85 407 0
86 129 0
86 157 0
86 212 0
86 250 0
86 380 0
86 419 0
87 151 0
87 204 0
87 497 0
88 201 0
89 258 0
89 357 0
89 417 0
90 168 0
90 210 0
90 442 0
91 391 0
93 127 0
93 410 0
94 174 0
94 435 0
94 482 0
95 182 0
95 216 0
95 268 0
95 342 0
95 343 0
95 353 0
96 98 0
97 394 0
98 149 0
98 292 0
98 304 0
99 402 0
99 425 0
100 167 0
100 202 0
100 452 0
100 464 0
100 470 0
101 115 0
101 199 0
101 205 0
101 302 0
101 422 0
102 321 0
103 131 0
103 301 0
103 416 0
104 373 0
106 321 0
107 203 0
107 249 0
108 406 0
109 178 0
110 482 0
110 492 0
111 112 0
111 179 0
111 326 0
111 433 0
112 412 0
113 177 0
113 326 0
113 403 0
114 476 0
115 160 0
115 487 0
116 456 0
116 494 0
117 268 0
118 278 0
118 289 0
119 165 0
119 180 0
119 235 0
119 294 0
119 371 0
120 400 0
121 134 0
121 337 0
121 357 0
121 431 0
122 276 0
122 444 0
124 165 0
124 181 0
124 192 0
124 259 0
125 168 0
125 355 0
125 403 0
125 453 0
126 189 0
126 202 0
126 274 0
126 428 0
127 178 0
127 294 0
127 327 0
127 343 0
128 472 0
129 253 0
129 307 0
129 358 0
130 186 0
130 196 0
130 333 0
130 347 0
131 330 0
132 225 0
132 237 0
132 273 0
132 325 0
132 393 0
133 195 0
133 268 0
134 161 0
135 381 0
136 201 0
138 249 0
139 178 0
140 200 0
140 329 0
141 143 0
142 254 0
142 477 0
143 375 0
143 420 0
143 429 0
146 289 0
146 301 0
146 303 0
146 378 0
147 259 0
147 393 0
147 401 0
148 249 0
149 432 0
149 469 0
150 299 0
151 391 0
151 401 0
151 439 0
152 431 0
153 394 0
155 496 0
156 199 0
156 451 0
157 432 0
158 313 0
159 268 0
159 291 0
159 438 0
162 216 0
162 272 0
162 365 0
163 303 0
164 361 0
166 178 0
166 329 0
166 330 0
169 391 0
170 415 0
171 432 0
172 205 0
173 389 0
174 275 0
174 387 0
174 390 0
175 439 0
176 216 0
176 324 0
176 377 0
176 396 0
177 187 0
177 242 0
177 256 0
177 303 0
178 191 0
178 216 0
178 490 0
179 400 0
181 463 0
184 272 0
184 302 0
184 304 0
184 478 0
187 230 0
187 242 0
187 341 0
187 447 0
188 289 0
188 292 0
188 340 0
190 314 0
191 468 0
192 378 0
193 361 0
194 209 0
194 348 0
194 437 0
194 445 0
194 483 0
195 386 0
197 198 0
197 446 0
197 461 0
197 471 0
197 493 0
198 318 0
198 434 0
198 477 0
199 347 0
199 372 0
199 500 0
200 228 0
200 329 0
200 466 0
201 202 0
201 412 0
201 415 0
203 289 0
204 332 0
206 457 0
207 432 0
208 220 0
209 262 0
211 268 0
211 321 0
211 486 0
211 496 0
212 498 0
213 472 0
214 229 0
217 219 0
217 311 0
217 365 0
217 367 0
217 421 0
218 330 0
218 487 0
220 308 0
220 488 0
221 328 0
221 353 0
221 354 0
221 463 0
222 468 0
223 256 0
224 257 0
224 414 0
224 479 0
226 399 0
227 386 0
227 393 0
229 298 0
229 352 0
229 462 0
230 434 0
231 255 0
232 255 0
233 348 0
233 369 0
233 449 0
233 460 0
234 278 0
235 500 0
236 248 0
236 260 0
236 444 0
236 498 0
239 406 0
240 476 0
241 317 0
242 335 0
242 437 0
243 366 0
243 368 0
244 440 0
245 496 0
246 379 0
247 252 0
247 356 0
247 494 0
247 498 0
248 384 0
248 424 0
249 254 0
249 364 0
251 456 0
253 430 0
254 297 0
254 379 0
255 333 0
256 491 0
258 271 0
258 323 0
258 418 0
258 457 0
259 338 0
261 386 0
262 456 0
263 439 0
263 467 0
264 465 0
264 472 0
265 299 0
266 457 0
267 297 0
269 416 0
270 427 0
271 282 0
271 295 0
271 335 0
272 468 0
273 320 0
273 476 0
276 362 0
276 404 0
276 481 0
278 390 0
279 445 0
280 378 0
281 442 0
282 479 0
283 431 0
285 287 0
286 476 0
287 291 0
287 385 0
287 484 0
288 418 0
290 340 0
293 299 0
294 401 0
294 490 0
297 435 0
299 310 0
299 336 0
299 452 0
300 395 0
303 376 0
305 360 0
306 496 0
309 345 0
311 427 0
312 431 0
314 356 0
314 405 0
314 498 0
315 318 0
317 348 0
318 339 0
320 442 0
322 418 0
322 439 0
325 366 0
325 393 0
325 394 0
325 492 0
326 378 0
326 440 0
328 388 0
328 444 0
329 422 0
329 442 0
330 336 0
332 400 0
333 422 0
334 366 0
335 388 0
335 468 0
336 485 0
338 375 0
338 419 0
340 403 0
340 462 0
340 475 0
341 484 0
342 463 0
343 456 0
345 380 0
345 397 0
345 473 0
345 480 0
346 432 0
350 469 0
351 442 0
351 499 0
356 492 0
358 472 0
361 370 0
361 390 0
362 381 0
362 389 0
363 400 0
363 470 0
364 495 0
367 418 0
368 486 0
369 459 0
371 493 0
373 418 0
374 382 0
375 379 0
378 451 0
379 470 0
382 417 0
382 473 0
386 462 0
388 474 0
389 431 0
390 393 0
391 475 0
394 426 0
396 439 0
398 416 0
399 465 0
399 479 0
401 479 0
402 439 0
402 491 0
403 431 0
405 426 0
406 443 0
406 470 0
408 477 0
409 435 0
410 458 0
416 417 0
417 425 0
422 486 0
423 441 0
425 450 0
434 444 0
434 445 0
436 468 0
438 470 0
444 486 0
455 477 0
456 470 0
457 467 0
476 484 0
484 485 0
