200 222 0
1 89 0
1 96 0
1 102 0
1 151 0
2 12 0
2 66 0
3 38 0
3 57 0
3 86 0
3 104 0
4 11 0
4 92 0
4 118 0
4 171 0
5 39 0
5 54 0
5 134 0
5 167 0
6 78 0
7 33 0
8 62 0
8 79 0
9 95 0
10 40 0
10 53 0
10 103 0
10 172 0
12 167 0
13 79 0
14 135 0
15 166 0
15 198 0
16 18 0
16 43 0
16 59 0
16 101 0
17 120 0
17 144 0
17 145 0
17 190 0
19 146 0
19 155 0
20 68 0
21 80 0
21 139 0
21 177 0
21 182 0
22 179 0
23 162 0
24 75 0
25 198 0
26 134 0
27 135 0
28 154 0
28 194 0
29 64 0
30 115 0
31 83 0
32 108 0
32 121 0
32 126 0
32 128 0
32 181 0
33 94 0
33 131 0
33 132 0
34 167 0
35 62 0
36 46 0
37 42 0
37 49 0
37 73 0
37 91 0
38 159 0
39 77 0
39 87 0
39 199 0
41 56 0
44 66 0
44 122 0
44 148 0
45 146 0
46 130 0
46 171 0
46 180 0
47 198 0
48 57 0
48 93 0
48 110 0
48 185 0
50 78 0
50 145 0
51 68 0
52 146 0
54 98 0
54 164 0
54 175 0
55 73 0
55 80 0
55 101 0
55 144 0
55 159 0
56 69 0
56 127 0
56 151 0
57 83 0
57 187 0
58 74 0
60 115 0
61 142 0
62 101 0
62 112 0
62 122 0
63 81 0
64 103 0
64 111 0
64 119 0
64 157 0
65 109 0
66 87 0
66 97 0
67 171 0
67 197 0
68 128 0
68 143 0
70 154 0
71 138 0
72 125 0
73 75 0
73 174 0
74 85 0
74 166 0
74 200 0
75 100 0
75 116 0
76 95 0
76 197 0
77 147 0
77 159 0
78 85 0
78 106 0
79 145 0
79 149 0
80 109 0
80 154 0
81 126 0
81 131 0
81 141 0
82 150 0
83 114 0
83 186 0
84 106 0
84 197 0
85 172 0
85 173 0
85 179 0
86 95 0
86 128 0
87 115 0
87 148 0
88 154 0
90 179 0
95 129 0
95 163 0
97 109 0
99 155 0
101 150 0
103 187 0
103 196 0
105 123 0
105 131 0
105 184 0
105 188 0
107 134 0
109 113 0
109 162 0
109 183 0
115 165 0
117 197 0
119 174 0
124 138 0
125 140 0
125 168 0
125 171 0
128 135 0
128 173 0
131 147 0
133 142 0
134 172 0
134 192 0
135 137 0
136 196 0
138 163 0
138 176 0
142 158 0
142 199 0
145 173 0
145 197 0
146 163 0
146 170 0
147 151 0
147 171 0
148 161 0
148 191 0
148 194 0
150 171 0
151 162 0
152 162 0
153 196 0
155 189 0
155 199 0
156 167 0
159 173 0
159 187 0
160 162 0
163 187 0
165 174 0
169 174 0
174 193 0
178 196 0
179 195 0
198 199 0
