60 107 0
1 11 0
1 18 0
1 52 0
2 25 0
2 55 0
3 49 0
4 9 0
4 18 0
4 27 0
4 41 0
5 12 0
5 21 0
5 46 0
5 48 0
6 7 0
6 8 0
6 29 0
6 43 0
6 47 0
6 51 0
6 52 0
6 53 0
7 15 0
7 19 0
7 31 0
8 40 0
8 48 0
9 28 0
9 45 0
10 15 0
10 46 0
10 56 0
11 14 0
11 22 0
11 34 0
11 46 0
11 47 0
12 16 0
12 19 0
12 39 0
12 54 0
13 21 0
13 59 0
15 21 0
15 49 0
15 58 0
17 19 0
17 30 0
17 33 0
17 41 0
17 52 0
17 58 0
18 58 0
19 55 0
20 25 0
20 50 0
21 29 0
21 40 0
21 43 0
21 44 0
22 40 0
22 48 0
23 25 0
23 42 0
24 29 0
24 58 0
25 43 0
25 48 0
25 52 0
26 33 0
26 52 0
26 60 0
27 36 0
27 38 0
27 43 0
27 49 0
28 45 0
28 47 0
28 51 0
29 48 0
29 49 0
31 56 0
32 42 0
33 49 0
34 59 0
35 55 0
36 38 0
37 49 0
38 60 0
40 42 0
40 47 0
40 50 0
42 52 0
42 59 0
43 47 0
43 48 0
43 56 0
43 58 0
44 59 0
46 49 0
47 48 0
50 55 0
51 54 0
52 54 0
53 55 0
56 60 0
57 58 0
