120 136 0
1 90 0
2 3 0
2 69 0
2 99 0
3 36 0
4 5 0
4 100 0
4 102 0
5 55 0
5 57 0
6 100 0
7 45 0
7 58 0
7 60 0
7 119 0
8 82 0
9 20 0
10 20 0
10 62 0
10 90 0
10 119 0
11 114 0
12 72 0
13 27 0
13 37 0
13 59 0
13 66 0
14 108 0
15 26 0
16 76 0
17 45 0
18 90 0
18 97 0
19 120 0
20 33 0
20 91 0
21 77 0
22 42 0
22 46 0
22 55 0
22 98 0
23 37 0
23 41 0
23 89 0
23 109 0
24 36 0
24 40 0
25 58 0
26 28 0
26 38 0
26 47 0
26 63 0
27 42 0
27 86 0
27 119 0
28 89 0
28 101 0
29 79 0
30 40 0
30 92 0
30 93 0
30 115 0
31 50 0
31 59 0
31 84 0
31 89 0
31 99 0
32 79 0
34 55 0
35 77 0
36 64 0
36 66 0
36 95 0
37 57 0
37 76 0
39 45 0
39 117 0
42 63 0
42 93 0
43 101 0
44 82 0
45 54 0
45 96 0
46 68 0
46 81 0
46 86 0
47 58 0
48 120 0
49 57 0
51 72 0
52 98 0
52 120 0
53 72 0
55 65 0
55 83 0
56 60 0
57 110 0
58 107 0
59 77 0
59 100 0
60 118 0
61 76 0
62 71 0
62 103 0
62 105 0
62 113 0
63 87 0
63 101 0
66 69 0
66 82 0
67 108 0
69 112 0
69 116 0
70 87 0
71 76 0
72 94 0
73 90 0
74 98 0
75 98 0
77 111 0
78 100 0
79 94 0
79 106 0
80 108 0
82 117 0
85 114 0
87 96 0
87 102 0
88 101 0
93 108 0
93 114 0
94 119 0
94 120 0
95 98 0
97 114 0
101 104 0
