400 549 0
1 9 0
1 102 0
1 177 0
1 249 0
1 285 0
2 146 0
2 398 0
3 18 0
3 68 0
3 145 0
3 292 0
4 380 0
5 78 0
5 316 0
5 317 0
5 364 0
6 110 0
6 154 0
6 187 0
6 275 0
6 284 0
6 339 0
7 89 0
7 137 0
7 202 0
7 302 0
7 374 0
8 283 0
8 305 0
8 386 0
9 39 0
9 42 0
9 46 0
10 74 0
10 326 0
10 327 0
11 40 0
12 20 0
12 206 0
12 367 0
13 61 0
14 49 0
14 209 0
14 235 0
14 322 0
14 329 0
15 33 0
15 147 0
15 267 0
15 324 0
15 390 0
16 356 0
17 204 0
18 176 0
18 246 0
18 296 0
18 329 0
19 40 0
20 79 0
20 375 0
20 383 0
21 74 0
21 98 0
21 141 0
21 178 0
21 216 0
21 231 0
21 380 0
22 335 0
22 366 0
23 97 0
23 113 0
23 251 0
23 374 0
24 101 0
25 112 0
25 180 0
25 213 0
25 259 0
26 287 0
27 266 0
28 142 0
28 192 0
28 246 0
28 279 0
28 382 0
29 62 0
29 139 0
29 144 0
29 269 0
30 55 0
30 157 0
30 363 0
31 104 0
31 138 0
31 210 0
31 238 0
31 289 0
31 350 0
32 63 0
32 351 0
33 161 0
33 209 0
33 287 0
34 131 0
34 208 0
34 221 0
34 329 0
35 95 0
35 279 0
35 327 0
35 395 0
36 225 0
36 388 0
37 126 0
37 127 0
37 158 0
37 203 0
37 280 0
37 355 0
38 76 0
38 291 0
39 361 0
39 367 0
40 368 0
40 389 0
41 395 0
43 96 0
43 372 0
44 72 0
44 266 0
45 133 0
46 89 0
46 312 0
47 147 0
48 53 0
50 181 0
50 306 0
50 307 0
50 369 0
50 386 0
51 160 0
51 290 0
52 95 0
52 263 0
53 167 0
53 270 0
53 363 0
53 387 0
54 154 0
54 207 0
54 246 0
54 262 0
54 294 0
54 350 0
54 360 0
55 92 0
55 342 0
55 373 0
55 384 0
56 129 0
56 191 0
56 196 0
56 348 0
57 298 0
58 83 0
58 147 0
58 158 0
58 200 0
58 327 0
58 337 0
58 343 0
59 96 0
59 364 0
60 282 0
60 322 0
61 293 0
61 330 0
61 374 0
63 155 0
63 351 0
63 368 0
64 164 0
65 176 0
65 351 0
65 380 0
66 136 0
66 193 0
66 218 0
66 237 0
67 245 0
69 282 0
70 87 0
71 150 0
71 268 0
71 323 0
71 360 0
72 177 0
72 321 0
72 326 0
73 96 0
73 178 0
73 306 0
74 371 0
75 122 0
75 227 0
75 258 0
75 300 0
75 309 0
76 105 0
76 117 0
76 139 0
76 345 0
76 348 0
77 114 0
78 109 0
78 273 0
78 356 0
79 124 0
80 176 0
81 185 0
81 394 0
82 106 0
82 184 0
82 198 0
82 295 0
82 377 0
83 188 0
83 230 0
83 310 0
83 385 0
84 217 0
85 185 0
85 215 0
85 230 0
85 301 0
86 186 0
86 276 0
87 159 0
87 162 0
87 196 0
87 358 0
88 291 0
90 133 0
91 94 0
91 296 0
93 153 0
93 281 0
93 303 0
94 96 0
94 249 0
94 261 0
94 345 0
94 399 0
95 107 0
95 217 0
95 347 0
96 130 0
97 335 0
98 200 0
98 261 0
98 397 0
99 209 0
99 396 0
100 294 0
101 108 0
101 239 0
101 373 0
102 136 0
102 166 0
102 196 0
102 235 0
102 246 0
102 304 0
102 329 0
103 278 0
104 333 0
106 245 0
107 159 0
109 218 0
109 297 0
109 360 0
110 204 0
110 318 0
110 346 0
110 400 0
111 189 0
111 326 0
111 354 0
111 361 0
112 166 0
112 293 0
114 124 0
114 241 0
114 270 0
114 332 0
115 231 0
115 380 0
116 125 0
117 316 0
118 120 0
118 198 0
118 309 0
118 363 0
119 161 0
119 327 0
120 192 0
120 209 0
120 255 0
121 147 0
123 283 0
123 300 0
124 147 0
124 279 0
124 321 0
125 213 0
125 233 0
125 324 0
125 370 0
127 219 0
127 230 0
127 248 0
127 263 0
128 217 0
128 310 0
129 283 0
130 362 0
131 203 0
132 161 0
132 277 0
133 158 0
133 220 0
134 146 0
134 171 0
134 302 0
135 318 0
136 344 0
139 255 0
139 290 0
140 277 0
141 241 0
142 166 0
142 387 0
142 396 0
143 147 0
143 400 0
146 236 0
146 376 0
148 188 0
148 217 0
149 296 0
150 184 0
150 321 0
150 331 0
151 285 0
152 183 0
153 234 0
153 314 0
153 326 0
154 270 0
155 328 0
156 171 0
156 226 0
156 303 0
156 361 0
157 198 0
157 281 0
157 346 0
158 255 0
160 294 0
161 274 0
162 356 0
163 290 0
163 330 0
163 386 0
164 218 0
164 232 0
164 336 0
165 168 0
165 311 0
165 350 0
166 267 0
166 282 0
166 359 0
166 372 0
166 396 0
167 217 0
167 219 0
167 249 0
167 278 0
167 312 0
167 357 0
168 183 0
169 294 0
170 331 0
171 174 0
171 192 0
171 225 0
171 252 0
171 368 0
172 259 0
172 335 0
173 300 0
173 388 0
175 372 0
176 243 0
177 223 0
177 284 0
179 182 0
179 277 0
182 321 0
183 216 0
183 383 0
186 273 0
186 317 0
188 393 0
190 201 0
191 369 0
192 297 0
193 394 0
194 231 0
194 250 0
194 349 0
194 366 0
195 396 0
196 331 0
196 348 0
197 202 0
197 253 0
197 309 0
197 333 0
198 388 0
199 226 0
199 394 0
201 211 0
201 247 0
201 360 0
204 257 0
204 392 0
205 321 0
206 359 0
206 383 0
208 393 0
209 213 0
209 373 0
210 283 0
211 381 0
212 246 0
212 334 0
213 245 0
214 277 0
216 372 0
218 291 0
219 344 0
222 395 0
224 347 0
224 399 0
226 320 0
226 376 0
228 276 0
229 331 0
230 382 0
231 246 0
231 276 0
238 276 0
240 394 0
242 388 0
244 311 0
245 265 0
245 328 0
249 297 0
249 306 0
252 346 0
254 287 0
255 350 0
256 266 0
256 389 0
260 273 0
261 315 0
261 338 0
263 384 0
264 282 0
266 326 0
268 371 0
270 393 0
271 291 0
272 285 0
273 388 0
273 398 0
275 366 0
277 315 0
277 376 0
278 300 0
278 352 0
279 301 0
279 326 0
282 391 0
283 373 0
285 286 0
287 367 0
288 312 0
290 379 0
294 363 0
296 362 0
296 363 0
297 400 0
298 319 0
298 350 0
298 357 0
298 366 0
299 312 0
303 327 0
304 359 0
305 335 0
306 311 0
306 335 0
307 340 0
308 356 0
309 359 0
311 341 0
311 352 0
312 365 0
313 394 0
316 370 0
318 393 0
318 397 0
321 344 0
325 399 0
327 386 0
328 347 0
328 395 0
329 394 0
331 353 0
334 355 0
334 360 0
334 381 0
340 399 0
342 363 0
343 359 0
357 381 0
359 371 0
368 400 0
370 380 0
372 391 0
374 400 0
376 382 0
378 380 0
380 383 0
382 383 0
