80 133 0
1 23 0
1 24 0
2 18 0
2 39 0
2 57 0
2 59 0
2 77 0
2 80 0
3 13 0
3 49 0
3 54 0
3 58 0
3 61 0
4 15 0
4 69 0
4 74 0
4 76 0
5 15 0
5 24 0
5 36 0
5 49 0
5 77 0
6 52 0
6 65 0
6 68 0
7 23 0
7 66 0
8 11 0
8 32 0
8 38 0
8 40 0
8 61 0
8 68 0
9 14 0
9 16 0
9 35 0
10 13 0
10 14 0
10 16 0
10 57 0
10 65 0
11 13 0
12 18 0
12 30 0
12 34 0
12 42 0
12 75 0
13 33 0
13 54 0
14 37 0
14 45 0
14 60 0
14 73 0
15 35 0
15 50 0
15 54 0
16 64 0
16 80 0
17 20 0
17 35 0
18 23 0
18 54 0
18 71 0
19 28 0
19 55 0
20 49 0
21 25 0
21 57 0
22 57 0
23 55 0
23 66 0
24 34 0
24 36 0
24 56 0
24 67 0
24 78 0
25 38 0
25 50 0
26 35 0
26 50 0
27 56 0
27 65 0
28 55 0
29 41 0
29 50 0
29 55 0
30 32 0
31 40 0
31 58 0
31 62 0
31 67 0
31 71 0
33 46 0
33 52 0
33 56 0
33 63 0
34 37 0
34 74 0
35 37 0
35 47 0
35 65 0
35 73 0
36 40 0
36 48 0
36 53 0
36 76 0
38 49 0
41 43 0
41 78 0
41 80 0
43 51 0
43 56 0
43 62 0
44 50 0
45 56 0
48 61 0
49 72 0
49 80 0
53 65 0
54 56 0
54 64 0
55 58 0
57 58 0
57 70 0
60 76 0
61 74 0
61 79 0
62 75 0
63 70 0
67 69 0
71 75 0
71 79 0
78 79 0
