80 93 0
1 35 0
2 57 0
3 13 0
3 37 0
4 16 0
4 34 0
5 18 0
5 32 0
5 36 0
5 62 0
5 66 0
6 12 0
6 21 0
6 32 0
6 34 0
7 63 0
8 75 0
9 39 0
9 57 0
10 63 0
11 53 0
12 20 0
12 70 0
13 34 0
13 45 0
13 61 0
13 78 0
14 15 0
14 40 0
14 70 0
14 76 0
15 33 0
16 19 0
16 32 0
16 50 0
17 58 0
20 24 0
20 53 0
20 57 0
21 27 0
21 35 0
21 80 0
22 24 0
23 28 0
23 62 0
23 63 0
23 68 0
23 70 0
24 31 0
24 32 0
24 54 0
25 27 0
25 75 0
26 63 0
27 36 0
27 45 0
29 58 0
30 60 0
32 75 0
33 58 0
34 58 0
34 65 0
35 56 0
35 72 0
37 60 0
38 65 0
38 79 0
39 74 0
41 48 0
42 65 0
42 75 0
43 48 0
44 57 0
44 66 0
46 53 0
47 68 0
48 64 0
48 69 0
48 72 0
49 74 0
51 80 0
52 80 0
53 73 0
55 75 0
58 73 0
59 65 0
60 69 0
60 79 0
67 74 0
69 70 0
69 74 0
71 75 0
77 80 0
