120 202 0
1 12 0
1 31 0
1 63 0
2 25 0
2 61 0
2 71 0
2 78 0
2 105 0
3 20 0
3 47 0
3 62 0
3 66 0
4 44 0
4 58 0
5 30 0
5 37 0
5 42 0
5 81 0
5 94 0
6 90 0
6 107 0
6 110 0
6 113 0
7 31 0
7 68 0
7 79 0
7 92 0
7 99 0
8 87 0
8 97 0
8 98 0
9 11 0
9 14 0
9 25 0
9 82 0
9 118 0
10 26 0
10 27 0
10 41 0
10 63 0
10 86 0
10 107 0
11 23 0
11 39 0
11 54 0
11 104 0
12 49 0
13 57 0
13 58 0
14 50 0
14 59 0
14 77 0
15 44 0
15 61 0
15 62 0
15 65 0
15 72 0
15 75 0
15 115 0
15 116 0
15 118 0
16 101 0
16 116 0
17 22 0
17 106 0
17 116 0
18 38 0
18 98 0
19 74 0
20 28 0
20 49 0
20 82 0
20 91 0
20 108 0
21 89 0
21 118 0
22 45 0
22 67 0
22 116 0
23 71 0
23 72 0
24 113 0
25 42 0
25 53 0
25 54 0
25 58 0
25 104 0
26 49 0
27 101 0
28 31 0
28 32 0
28 67 0
28 73 0
29 34 0
29 55 0
29 82 0
29 86 0
30 45 0
33 57 0
33 89 0
34 62 0
34 107 0
34 117 0
35 44 0
35 88 0
36 44 0
36 60 0
36 74 0
36 82 0
36 112 0
37 38 0
37 57 0
37 86 0
37 88 0
38 55 0
38 98 0
38 103 0
38 113 0
39 90 0
40 118 0
41 75 0
41 83 0
41 119 0
41 120 0
43 107 0
44 93 0
44 95 0
45 75 0
45 79 0
45 91 0
45 106 0
45 112 0
46 88 0
47 75 0
48 58 0
48 98 0
48 105 0
49 52 0
49 112 0
50 87 0
50 104 0
51 74 0
52 77 0
53 70 0
55 58 0
55 79 0
56 108 0
57 84 0
57 85 0
57 104 0
58 67 0
58 108 0
58 116 0
60 63 0
61 86 0
61 87 0
62 69 0
62 93 0
63 111 0
63 117 0
63 120 0
64 69 0
64 107 0
64 113 0
67 107 0
67 108 0
69 79 0
69 101 0
69 116 0
70 97 0
70 112 0
71 112 0
71 113 0
72 83 0
72 118 0
73 108 0
74 82 0
74 96 0
76 107 0
77 95 0
77 116 0
78 105 0
79 86 0
79 101 0
79 110 0
80 84 0
80 112 0
81 105 0
84 94 0
84 103 0
85 103 0
85 111 0
87 110 0
87 111 0
88 109 0
89 108 0
90 94 0
90 103 0
97 116 0
98 114 0
100 103 0
102 118 0
