1000 1047 0
1 123 0
2 653 0
3 871 0
4 347 0
5 545 0
6 861 0
7 854 0
8 31 0
8 180 0
8 312 0
8 346 0
9 38 0
9 42 0
9 420 0
9 613 0
10 145 0
10 253 0
10 585 0
10 994 0
11 64 0
11 212 0
11 332 0
11 371 0
12 108 0
13 102 0
14 588 0
15 982 0
16 210 0
16 234 0
16 516 0
16 949 0
17 570 0
18 831 0
19 585 0
20 837 0
21 987 0
22 326 0
23 488 0
24 589 0
25 127 0
25 189 0
25 646 0
25 799 0
26 157 0
26 739 0
26 887 0
26 921 0
27 72 0
27 86 0
27 693 0
27 913 0
28 248 0
28 463 0
28 722 0
28 929 0
29 35 0
29 197 0
29 698 0
29 776 0
30 51 0
30 740 0
30 900 0
30 974 0
31 407 0
31 688 0
31 813 0
31 982 0
32 74 0
33 753 0
34 95 0
36 158 0
36 334 0
36 427 0
36 524 0
37 330 0
37 639 0
37 646 0
37 999 0
39 181 0
39 262 0
39 422 0
39 790 0
40 202 0
41 182 0
43 506 0
44 236 0
44 282 0
44 453 0
44 754 0
45 67 0
45 284 0
45 427 0
45 923 0
46 930 0
47 461 0
47 650 0
47 766 0
47 855 0
48 673 0
48 942 0
48 944 0
49 108 0
49 530 0
49 830 0
49 880 0
49 922 0
50 439 0
50 700 0
50 774 0
50 812 0
51 360 0
51 518 0
51 538 0
52 477 0
53 268 0
54 728 0
55 429 0
56 87 0
57 87 0
58 380 0
58 630 0
58 656 0
58 698 0
59 871 0
60 614 0
61 188 0
62 676 0
62 937 0
62 965 0
63 198 0
64 144 0
64 721 0
64 764 0
65 117 0
66 893 0
68 588 0
69 371 0
69 676 0
69 852 0
70 71 0
70 349 0
70 516 0
70 912 0
73 102 0
73 114 0
73 570 0
73 835 0
74 207 0
74 357 0
74 949 0
75 600 0
76 959 0
77 287 0
78 430 0
79 510 0
80 368 0
81 219 0
81 597 0
81 670 0
81 845 0
82 202 0
83 248 0
83 257 0
83 745 0
83 951 0
84 114 0
85 654 0
87 156 0
87 965 0
88 554 0
89 342 0
90 91 0
91 590 0
91 874 0
91 903 0
92 614 0
93 534 0
94 684 0
95 183 0
95 234 0
95 400 0
96 990 0
97 185 0
98 254 0
99 808 0
100 651 0
100 854 0
100 937 0
101 356 0
102 847 0
102 881 0
103 492 0
104 857 0
105 940 0
106 485 0
106 635 0
106 803 0
106 893 0
107 297 0
108 442 0
108 620 0
109 836 0
110 545 0
111 816 0
112 628 0
113 521 0
114 146 0
114 264 0
114 551 0
115 266 0
115 486 0
115 533 0
115 746 0
116 483 0
117 128 0
117 186 0
117 290 0
118 236 0
118 322 0
118 336 0
118 784 0
119 618 0
120 326 0
120 463 0
120 929 0
121 321 0
121 443 0
121 750 0
121 922 0
122 126 0
122 381 0
122 452 0
122 558 0
123 376 0
123 722 0
123 1000 0
124 184 0
124 309 0
124 516 0
124 792 0
125 685 0
129 276 0
130 665 0
131 617 0
132 617 0
133 206 0
134 940 0
135 751 0
135 766 0
135 858 0
135 966 0
136 202 0
136 618 0
136 927 0
137 518 0
138 537 0
139 808 0
140 245 0
141 441 0
141 615 0
141 678 0
141 748 0
142 880 0
143 561 0
145 529 0
145 634 0
145 701 0
145 885 0
147 364 0
148 212 0
149 897 0
150 286 0
151 854 0
152 368 0
153 982 0
154 510 0
155 342 0
159 190 0
159 201 0
159 530 0
159 551 0
160 772 0
161 173 0
162 563 0
163 270 0
163 275 0
163 673 0
163 699 0
164 485 0
165 177 0
165 359 0
165 386 0
165 765 0
166 167 0
166 191 0
166 267 0
166 398 0
167 268 0
167 555 0
167 747 0
168 288 0
169 878 0
170 352 0
170 557 0
170 616 0
170 638 0
171 178 0
171 609 0
171 783 0
171 965 0
172 636 0
173 177 0
173 231 0
173 438 0
174 294 0
175 326 0
176 830 0
177 479 0
177 555 0
179 198 0
181 371 0
181 866 0
182 449 0
182 643 0
182 669 0
185 472 0
185 591 0
185 968 0
187 661 0
187 743 0
187 781 0
187 984 0
188 190 0
188 374 0
188 514 0
190 832 0
190 987 0
192 518 0
193 728 0
194 393 0
195 530 0
195 569 0
195 704 0
195 843 0
195 927 0
196 628 0
198 567 0
198 755 0
199 368 0
200 477 0
202 782 0
202 928 0
203 826 0
204 584 0
205 730 0
206 218 0
206 743 0
206 749 0
208 962 0
209 997 0
210 375 0
210 569 0
210 762 0
210 944 0
211 409 0
212 315 0
212 417 0
213 360 0
213 632 0
213 684 0
213 694 0
214 808 0
215 539 0
216 610 0
217 536 0
220 995 0
221 995 0
222 969 0
223 802 0
224 836 0
225 704 0
226 378 0
227 316 0
228 371 0
229 299 0
229 300 0
229 555 0
229 586 0
229 944 0
230 372 0
232 616 0
233 651 0
234 368 0
234 972 0
235 930 0
236 774 0
236 959 0
237 937 0
238 980 0
239 350 0
239 768 0
239 814 0
239 908 0
240 328 0
240 413 0
240 520 0
240 882 0
241 604 0
241 796 0
241 818 0
241 910 0
242 987 0
243 274 0
243 418 0
243 448 0
243 715 0
244 526 0
244 663 0
244 834 0
244 955 0
244 983 0
245 256 0
245 540 0
245 551 0
245 689 0
246 335 0
246 413 0
246 547 0
246 707 0
247 584 0
248 409 0
248 517 0
249 360 0
249 688 0
249 942 0
249 994 0
250 471 0
251 456 0
252 816 0
253 446 0
253 498 0
253 956 0
254 259 0
254 464 0
254 845 0
255 537 0
256 275 0
256 393 0
256 454 0
256 896 0
258 734 0
260 517 0
261 972 0
262 676 0
262 904 0
262 911 0
263 654 0
265 321 0
266 353 0
266 497 0
266 534 0
268 710 0
268 815 0
269 408 0
269 723 0
269 737 0
269 975 0
270 441 0
270 513 0
270 992 0
271 750 0
272 287 0
273 854 0
274 456 0
274 537 0
274 911 0
275 381 0
275 613 0
276 735 0
276 838 0
276 920 0
277 539 0
278 329 0
278 375 0
278 490 0
278 491 0
278 913 0
279 517 0
280 433 0
280 688 0
280 924 0
280 940 0
281 393 0
283 872 0
285 311 0
285 332 0
285 509 0
285 588 0
285 897 0
286 401 0
286 550 0
286 827 0
287 600 0
287 649 0
288 423 0
288 566 0
288 600 0
288 697 0
289 297 0
289 302 0
289 685 0
289 789 0
290 347 0
290 586 0
290 595 0
290 630 0
291 387 0
292 536 0
293 425 0
293 661 0
293 870 0
293 979 0
294 311 0
294 384 0
294 866 0
294 896 0
295 303 0
296 585 0
297 905 0
297 955 0
298 485 0
299 390 0
299 855 0
299 936 0
299 968 0
300 352 0
300 821 0
301 945 0
302 652 0
302 726 0
302 887 0
303 522 0
303 576 0
303 661 0
304 411 0
305 775 0
306 471 0
307 684 0
308 962 0
310 387 0
311 595 0
313 647 0
314 807 0
316 535 0
316 932 0
316 984 0
317 651 0
318 734 0
319 351 0
319 680 0
319 874 0
319 894 0
320 479 0
321 365 0
321 657 0
323 665 0
324 750 0
325 606 0
325 762 0
325 826 0
325 969 0
326 431 0
327 812 0
331 447 0
331 510 0
331 969 0
332 369 0
332 652 0
333 525 0
333 672 0
333 733 0
333 917 0
337 927 0
338 534 0
339 612 0
340 509 0
341 497 0
342 677 0
342 954 0
343 980 0
344 536 0
345 636 0
347 415 0
347 495 0
348 457 0
350 688 0
350 861 0
350 937 0
352 502 0
352 797 0
353 404 0
353 463 0
353 958 0
354 813 0
355 880 0
356 482 0
356 500 0
356 622 0
358 574 0
360 427 0
361 563 0
362 843 0
363 684 0
364 392 0
364 833 0
364 863 0
366 902 0
367 872 0
369 584 0
369 788 0
369 808 0
370 876 0
371 988 0
372 391 0
372 621 0
372 743 0
373 662 0
375 636 0
377 852 0
378 496 0
378 877 0
378 968 0
379 561 0
381 628 0
381 876 0
382 575 0
382 594 0
382 711 0
382 936 0
383 880 0
385 938 0
387 833 0
387 970 0
388 826 0
389 483 0
390 488 0
390 770 0
390 962 0
393 686 0
394 579 0
395 635 0
396 509 0
397 788 0
399 606 0
402 454 0
403 802 0
404 457 0
404 577 0
404 610 0
405 411 0
405 499 0
405 510 0
405 997 0
406 996 0
407 577 0
407 997 0
408 423 0
408 557 0
408 753 0
408 865 0
409 493 0
409 906 0
410 938 0
411 611 0
411 779 0
412 579 0
413 557 0
413 872 0
414 521 0
416 730 0
419 479 0
421 506 0
423 997 0
424 837 0
426 595 0
427 430 0
428 821 0
429 839 0
429 920 0
429 943 0
430 450 0
430 763 0
431 477 0
431 699 0
431 919 0
432 700 0
433 435 0
433 519 0
433 794 0
434 538 0
436 557 0
436 832 0
436 911 0
436 942 0
437 859 0
439 542 0
439 560 0
439 562 0
440 564 0
441 653 0
441 930 0
443 630 0
443 714 0
443 899 0
443 989 0
444 632 0
445 488 0
447 619 0
447 661 0
447 681 0
447 856 0
451 893 0
454 466 0
454 608 0
455 636 0
456 848 0
456 939 0
457 504 0
457 679 0
458 563 0
459 532 0
459 879 0
459 920 0
459 961 0
460 945 0
462 623 0
462 909 0
462 929 0
462 935 0
463 673 0
463 803 0
465 635 0
467 930 0
468 485 0
469 937 0
470 791 0
471 513 0
471 712 0
473 996 0
474 521 0
475 788 0
476 595 0
477 732 0
478 662 0
479 484 0
480 709 0
481 807 0
483 527 0
483 597 0
483 913 0
487 753 0
488 752 0
489 945 0
491 677 0
491 700 0
492 708 0
492 845 0
492 976 0
494 753 0
497 718 0
497 853 0
499 646 0
499 663 0
499 781 0
500 598 0
500 634 0
500 772 0
500 835 0
501 902 0
503 564 0
505 904 0
506 507 0
506 669 0
508 876 0
509 757 0
510 633 0
511 517 0
512 972 0
513 618 0
513 746 0
513 802 0
515 598 0
516 791 0
518 703 0
521 525 0
523 969 0
525 730 0
525 994 0
528 837 0
531 545 0
534 720 0
536 755 0
537 998 0
538 825 0
538 950 0
539 984 0
539 993 0
541 778 0
541 824 0
541 867 0
541 992 0
543 704 0
544 554 0
545 887 0
546 816 0
548 574 0
549 645 0
549 800 0
549 883 0
549 946 0
552 878 0
553 632 0
554 621 0
554 696 0
554 929 0
555 965 0
556 987 0
559 728 0
561 801 0
561 833 0
563 613 0
564 827 0
564 869 0
565 628 0
568 831 0
569 833 0
569 920 0
570 901 0
570 941 0
571 662 0
572 676 0
573 775 0
574 760 0
574 827 0
577 607 0
577 682 0
578 589 0
579 668 0
579 746 0
579 992 0
580 919 0
581 635 0
582 791 0
583 904 0
584 991 0
585 948 0
586 782 0
586 845 0
587 772 0
588 777 0
589 866 0
589 952 0
592 654 0
593 907 0
596 859 0
597 835 0
598 798 0
598 921 0
598 933 0
599 861 0
600 762 0
601 791 0
602 653 0
603 830 0
605 972 0
606 631 0
606 683 0
610 934 0
610 953 0
612 819 0
612 915 0
612 968 0
613 852 0
614 663 0
614 868 0
616 627 0
616 724 0
617 726 0
617 849 0
618 641 0
618 960 0
621 924 0
624 891 0
625 747 0
626 836 0
629 893 0
632 873 0
634 919 0
636 874 0
637 865 0
638 725 0
638 844 0
638 985 0
640 789 0
642 704 0
644 770 0
645 662 0
645 836 0
645 994 0
646 821 0
647 731 0
647 936 0
647 981 0
648 747 0
651 722 0
652 835 0
652 942 0
653 691 0
654 984 0
655 982 0
658 927 0
659 788 0
660 957 0
663 902 0
664 865 0
665 782 0
665 846 0
666 694 0
667 807 0
669 832 0
669 967 0
671 830 0
673 781 0
674 924 0
675 813 0
676 850 0
677 832 0
677 857 0
677 907 0
685 820 0
685 931 0
687 730 0
690 750 0
692 802 0
694 741 0
694 898 0
695 902 0
698 835 0
698 957 0
699 766 0
699 827 0
700 769 0
702 861 0
705 872 0
706 967 0
709 756 0
709 855 0
709 926 0
709 958 0
713 843 0
716 897 0
717 938 0
719 924 0
722 945 0
726 891 0
726 938 0
727 852 0
728 887 0
729 876 0
734 785 0
734 936 0
736 937 0
738 843 0
742 891 0
743 771 0
744 859 0
747 947 0
755 859 0
755 922 0
758 821 0
759 959 0
761 957 0
762 878 0
766 807 0
767 826 0
770 811 0
770 892 0
771 822 0
771 840 0
771 889 0
772 786 0
773 967 0
774 781 0
774 818 0
775 793 0
775 866 0
780 857 0
782 837 0
787 865 0
789 823 0
789 842 0
795 891 0
803 874 0
803 913 0
804 812 0
805 962 0
806 907 0
809 986 0
810 996 0
812 860 0
813 829 0
816 958 0
817 907 0
818 871 0
818 996 0
821 895 0
828 857 0
831 916 0
831 949 0
841 990 0
845 896 0
851 957 0
852 978 0
854 929 0
862 871 0
864 897 0
866 911 0
875 986 0
878 914 0
884 986 0
886 904 0
888 919 0
890 990 0
918 940 0
920 955 0
921 922 0
922 944 0
924 971 0
925 967 0
949 986 0
958 980 0
959 973 0
963 995 0
964 997 0
965 995 0
977 980 0
990 992 0
