60 107 0
1 39 0
2 53 0
2 58 0
3 12 0
3 30 0
3 41 0
3 56 0
3 57 0
4 13 0
4 33 0
4 58 0
5 22 0
5 28 0
5 29 0
5 31 0
5 40 0
6 19 0
6 44 0
6 52 0
7 31 0
7 38 0
7 52 0
7 53 0
8 9 0
8 13 0
8 40 0
8 43 0
8 45 0
8 60 0
9 51 0
10 13 0
10 26 0
11 27 0
11 29 0
11 47 0
12 21 0
12 54 0
13 18 0
13 20 0
13 54 0
14 47 0
14 52 0
14 54 0
15 16 0
15 21 0
15 29 0
15 32 0
16 40 0
16 42 0
16 58 0
17 23 0
17 32 0
17 58 0
18 28 0
18 31 0
18 38 0
18 39 0
19 25 0
19 37 0
19 40 0
19 52 0
20 39 0
20 43 0
20 50 0
20 57 0
21 25 0
21 45 0
21 49 0
21 60 0
23 51 0
24 39 0
25 47 0
25 51 0
25 57 0
26 50 0
26 54 0
27 33 0
27 43 0
27 60 0
29 50 0
32 54 0
32 58 0
33 41 0
33 48 0
33 59 0
34 47 0
35 38 0
35 45 0
35 53 0
35 55 0
36 38 0
38 40 0
38 55 0
39 44 0
40 59 0
41 43 0
41 46 0
41 52 0
41 53 0
43 58 0
43 60 0
44 57 0
46 50 0
46 53 0
47 60 0
51 56 0
51 60 0
