700 780 0
1 252 0
1 263 0
1 611 0
1 646 0
2 354 0
3 511 0
4 371 0
4 397 0
4 445 0
4 517 0
5 596 0
6 170 0
6 199 0
6 204 0
6 278 0
6 475 0
6 634 0
7 682 0
8 311 0
8 330 0
8 399 0
8 481 0
9 53 0
10 565 0
11 114 0
12 646 0
13 551 0
14 522 0
15 257 0
16 522 0
17 406 0
18 404 0
19 696 0
20 551 0
21 63 0
22 325 0
23 57 0
23 275 0
23 277 0
23 379 0
23 495 0
23 644 0
24 361 0
24 443 0
24 551 0
24 635 0
25 81 0
25 132 0
25 306 0
25 487 0
26 317 0
27 65 0
27 203 0
27 413 0
27 499 0
27 605 0
28 498 0
29 579 0
30 82 0
30 307 0
30 625 0
31 98 0
31 407 0
31 568 0
31 583 0
32 361 0
33 171 0
33 458 0
33 642 0
34 336 0
35 59 0
35 82 0
35 91 0
35 119 0
36 325 0
37 40 0
38 403 0
38 590 0
38 680 0
39 237 0
39 363 0
39 438 0
39 631 0
40 215 0
40 225 0
40 278 0
41 177 0
41 293 0
41 675 0
41 678 0
42 112 0
43 266 0
44 70 0
45 84 0
45 118 0
45 330 0
46 84 0
47 447 0
48 133 0
48 202 0
48 628 0
48 693 0
49 86 0
50 117 0
51 175 0
51 358 0
51 527 0
51 587 0
52 361 0
53 61 0
53 529 0
53 680 0
54 403 0
55 257 0
56 258 0
58 169 0
59 66 0
59 592 0
59 593 0
60 84 0
62 84 0
63 178 0
63 223 0
63 326 0
64 152 0
64 302 0
64 315 0
64 638 0
66 69 0
66 92 0
66 241 0
67 129 0
67 472 0
67 567 0
67 661 0
68 86 0
68 261 0
68 291 0
68 442 0
69 327 0
69 348 0
69 549 0
70 97 0
70 460 0
70 606 0
71 186 0
72 117 0
72 185 0
72 418 0
73 646 0
74 162 0
74 551 0
74 621 0
75 284 0
76 544 0
77 208 0
78 630 0
79 96 0
79 456 0
79 498 0
79 673 0
80 337 0
81 198 0
81 673 0
81 694 0
82 134 0
82 445 0
83 259 0
84 693 0
85 440 0
86 247 0
86 318 0
87 483 0
88 621 0
89 279 0
90 260 0
91 191 0
91 314 0
91 510 0
92 283 0
92 320 0
92 323 0
93 496 0
94 636 0
95 198 0
96 104 0
96 256 0
96 285 0
97 428 0
97 597 0
97 622 0
98 180 0
98 200 0
98 270 0
99 535 0
100 426 0
100 503 0
100 574 0
100 619 0
101 193 0
101 371 0
101 647 0
101 655 0
102 206 0
102 290 0
102 392 0
102 586 0
103 244 0
105 141 0
106 694 0
107 141 0
107 448 0
107 548 0
107 636 0
108 265 0
109 590 0
110 241 0
111 431 0
111 510 0
111 542 0
111 623 0
112 211 0
112 238 0
112 372 0
113 136 0
113 422 0
113 423 0
113 695 0
114 299 0
114 326 0
114 557 0
115 567 0
116 182 0
117 432 0
117 493 0
118 233 0
118 243 0
118 446 0
118 635 0
118 659 0
119 225 0
119 278 0
119 493 0
119 561 0
120 217 0
121 233 0
121 304 0
121 611 0
122 284 0
123 548 0
124 146 0
124 190 0
124 486 0
124 515 0
125 344 0
126 571 0
127 481 0
128 404 0
129 385 0
129 441 0
129 629 0
130 511 0
130 577 0
131 305 0
134 270 0
134 291 0
134 399 0
135 344 0
137 464 0
138 536 0
139 317 0
140 337 0
141 497 0
141 690 0
142 535 0
143 458 0
144 579 0
145 171 0
145 270 0
145 284 0
145 571 0
147 240 0
148 186 0
149 483 0
150 456 0
151 241 0
153 436 0
154 456 0
155 596 0
156 700 0
157 401 0
158 220 0
159 571 0
160 458 0
161 661 0
162 165 0
162 195 0
162 333 0
162 412 0
163 443 0
164 179 0
164 246 0
164 363 0
164 364 0
166 662 0
167 235 0
167 477 0
167 591 0
167 665 0
168 428 0
168 682 0
168 700 0
169 278 0
169 425 0
169 500 0
170 240 0
170 352 0
171 357 0
171 360 0
172 377 0
173 677 0
174 241 0
176 567 0
180 466 0
180 467 0
180 698 0
181 508 0
181 577 0
181 621 0
181 668 0
182 373 0
182 388 0
182 507 0
183 242 0
183 490 0
183 524 0
183 591 0
184 375 0
185 493 0
185 546 0
185 640 0
185 688 0
186 203 0
186 534 0
187 361 0
188 564 0
189 392 0
189 445 0
189 559 0
189 667 0
189 693 0
191 229 0
191 354 0
191 617 0
192 590 0
194 367 0
196 544 0
197 389 0
197 536 0
197 611 0
197 700 0
198 573 0
198 607 0
199 486 0
199 642 0
200 434 0
200 465 0
200 543 0
200 582 0
201 694 0
203 258 0
203 611 0
205 226 0
205 374 0
205 584 0
205 593 0
207 393 0
208 271 0
208 561 0
208 674 0
209 338 0
210 216 0
211 344 0
211 367 0
211 486 0
212 317 0
213 404 0
214 265 0
214 266 0
214 338 0
216 264 0
216 555 0
216 608 0
217 554 0
217 592 0
217 610 0
218 617 0
219 514 0
220 347 0
220 424 0
220 592 0
221 263 0
222 446 0
224 269 0
224 289 0
224 363 0
224 604 0
225 231 0
227 343 0
228 279 0
229 329 0
229 563 0
229 614 0
230 662 0
231 259 0
231 338 0
231 472 0
231 682 0
232 389 0
233 321 0
233 351 0
233 613 0
234 260 0
236 551 0
239 642 0
240 473 0
240 652 0
242 440 0
242 456 0
243 312 0
243 518 0
243 533 0
244 350 0
244 412 0
244 624 0
245 472 0
245 543 0
245 625 0
245 635 0
245 673 0
248 389 0
249 662 0
250 258 0
251 669 0
252 308 0
252 342 0
252 512 0
253 511 0
254 261 0
255 595 0
257 408 0
257 592 0
258 378 0
259 276 0
259 479 0
259 487 0
259 515 0
259 531 0
260 473 0
260 488 0
261 272 0
261 566 0
262 330 0
263 479 0
263 641 0
263 699 0
265 326 0
265 382 0
265 409 0
265 474 0
266 314 0
266 679 0
266 691 0
267 343 0
268 393 0
270 363 0
273 391 0
274 571 0
275 504 0
275 535 0
275 668 0
277 485 0
277 501 0
279 334 0
279 397 0
279 647 0
280 537 0
281 621 0
282 428 0
283 413 0
283 668 0
284 415 0
286 646 0
287 330 0
288 446 0
291 412 0
291 473 0
292 390 0
294 564 0
295 577 0
296 408 0
296 413 0
296 596 0
296 662 0
297 440 0
298 594 0
300 367 0
301 504 0
303 496 0
304 418 0
304 447 0
304 448 0
304 496 0
305 507 0
305 581 0
305 648 0
307 419 0
307 448 0
307 611 0
309 416 0
309 619 0
309 659 0
309 671 0
310 436 0
311 318 0
311 444 0
311 476 0
311 664 0
313 577 0
314 390 0
314 483 0
315 319 0
315 389 0
316 694 0
317 693 0
318 352 0
319 359 0
319 597 0
319 669 0
322 661 0
324 418 0
325 384 0
325 555 0
325 588 0
326 419 0
328 336 0
330 358 0
331 498 0
332 661 0
335 622 0
336 396 0
336 397 0
337 412 0
337 439 0
337 474 0
338 639 0
339 689 0
340 402 0
340 405 0
340 517 0
340 545 0
341 535 0
343 523 0
343 680 0
344 547 0
345 406 0
346 390 0
349 403 0
351 393 0
351 588 0
352 386 0
352 491 0
352 520 0
352 593 0
353 677 0
354 395 0
354 528 0
355 389 0
356 508 0
358 538 0
359 435 0
359 449 0
359 505 0
362 485 0
365 483 0
366 538 0
367 616 0
368 428 0
369 458 0
370 642 0
371 544 0
371 596 0
375 478 0
375 570 0
375 627 0
376 508 0
377 469 0
377 473 0
377 580 0
377 603 0
380 548 0
381 540 0
383 617 0
387 622 0
390 513 0
391 553 0
391 561 0
391 666 0
392 458 0
392 501 0
392 552 0
393 559 0
394 508 0
397 538 0
398 463 0
399 619 0
399 638 0
400 669 0
401 413 0
401 492 0
401 493 0
403 675 0
404 591 0
406 454 0
406 653 0
408 564 0
410 595 0
411 485 0
413 682 0
414 594 0
417 442 0
418 556 0
418 578 0
419 555 0
419 627 0
420 437 0
420 450 0
420 457 0
420 521 0
421 436 0
422 448 0
422 540 0
422 565 0
427 456 0
428 672 0
429 443 0
430 689 0
433 501 0
436 657 0
439 538 0
439 661 0
440 479 0
440 521 0
442 651 0
442 686 0
443 459 0
445 597 0
446 615 0
447 562 0
447 667 0
448 480 0
451 622 0
452 700 0
453 700 0
454 585 0
454 597 0
454 669 0
455 567 0
461 685 0
462 464 0
463 495 0
463 600 0
463 657 0
464 470 0
464 507 0
464 588 0
468 654 0
471 558 0
471 561 0
471 656 0
471 684 0
472 507 0
474 495 0
480 535 0
480 579 0
481 541 0
481 667 0
481 676 0
482 630 0
484 617 0
485 598 0
485 603 0
485 657 0
485 659 0
486 494 0
486 505 0
487 661 0
489 548 0
494 521 0
494 625 0
494 657 0
494 660 0
495 662 0
496 602 0
498 603 0
500 579 0
500 625 0
501 692 0
502 585 0
504 588 0
504 663 0
505 569 0
505 633 0
506 540 0
509 544 0
510 654 0
510 696 0
511 627 0
514 593 0
514 599 0
514 687 0
515 552 0
515 611 0
516 685 0
517 590 0
517 685 0
519 565 0
521 630 0
522 559 0
522 609 0
525 564 0
526 540 0
527 673 0
527 677 0
527 689 0
530 636 0
532 585 0
536 560 0
536 643 0
537 543 0
537 633 0
537 638 0
537 660 0
538 681 0
539 696 0
550 677 0
551 609 0
552 636 0
555 579 0
559 595 0
564 619 0
564 647 0
565 572 0
575 576 0
576 618 0
576 670 0
576 680 0
577 658 0
585 645 0
589 630 0
590 620 0
591 597 0
592 633 0
593 660 0
594 627 0
594 632 0
595 601 0
609 660 0
612 654 0
625 668 0
626 685 0
635 680 0
637 689 0
638 642 0
649 696 0
650 654 0
662 675 0
668 675 0
669 683 0
682 697 0
