200 289 0
1 57 0
1 141 0
2 15 0
2 36 0
2 58 0
2 101 0
2 200 0
3 61 0
3 73 0
3 103 0
3 122 0
3 195 0
4 93 0
4 107 0
4 147 0
4 155 0
5 12 0
5 29 0
5 76 0
6 55 0
7 74 0
8 39 0
8 64 0
8 81 0
8 124 0
8 131 0
9 106 0
10 26 0
10 65 0
11 56 0
11 109 0
11 137 0
11 180 0
12 14 0
12 27 0
12 105 0
12 108 0
12 161 0
13 50 0
13 56 0
13 85 0
15 78 0
15 122 0
15 194 0
16 74 0
17 76 0
18 28 0
18 175 0
19 120 0
20 145 0
21 178 0
22 36 0
22 140 0
22 175 0
23 99 0
24 177 0
25 104 0
26 47 0
26 68 0
26 111 0
26 185 0
27 97 0
27 120 0
27 143 0
28 85 0
28 101 0
28 164 0
28 185 0
29 168 0
29 170 0
30 110 0
30 196 0
31 65 0
32 52 0
32 80 0
32 132 0
32 143 0
32 199 0
33 48 0
33 73 0
33 80 0
33 185 0
34 126 0
35 57 0
35 63 0
35 78 0
35 135 0
36 60 0
36 107 0
36 123 0
36 146 0
36 165 0
37 69 0
37 143 0
38 71 0
38 94 0
40 88 0
40 146 0
41 87 0
41 114 0
42 184 0
43 62 0
43 117 0
44 124 0
44 150 0
44 157 0
44 177 0
44 182 0
45 69 0
45 110 0
45 116 0
45 132 0
45 160 0
45 182 0
45 191 0
46 99 0
46 126 0
46 132 0
46 158 0
48 88 0
48 114 0
48 168 0
48 178 0
49 106 0
49 176 0
50 92 0
50 125 0
50 142 0
51 62 0
51 102 0
51 140 0
52 92 0
52 124 0
52 199 0
53 83 0
54 94 0
54 124 0
54 170 0
55 56 0
55 96 0
55 118 0
56 63 0
56 145 0
57 66 0
57 67 0
57 86 0
59 112 0
59 177 0
62 104 0
62 145 0
62 170 0
63 80 0
63 101 0
64 70 0
64 106 0
64 191 0
65 73 0
65 190 0
67 182 0
69 139 0
69 191 0
70 94 0
70 104 0
70 141 0
70 143 0
71 138 0
71 141 0
71 148 0
72 140 0
72 143 0
72 146 0
73 148 0
74 92 0
74 114 0
74 159 0
75 110 0
76 100 0
76 115 0
77 116 0
78 79 0
78 136 0
78 198 0
79 104 0
79 106 0
81 197 0
82 90 0
82 100 0
82 174 0
82 193 0
83 87 0
83 138 0
83 199 0
84 114 0
85 126 0
86 195 0
88 89 0
88 195 0
91 106 0
92 146 0
92 178 0
94 158 0
94 186 0
95 126 0
95 185 0
96 200 0
97 101 0
97 105 0
97 144 0
97 155 0
97 197 0
98 100 0
98 124 0
98 162 0
98 176 0
100 132 0
100 176 0
101 155 0
101 184 0
102 129 0
102 173 0
102 185 0
103 134 0
104 131 0
104 145 0
104 166 0
105 136 0
106 127 0
106 142 0
106 180 0
106 199 0
107 135 0
107 140 0
107 143 0
107 145 0
107 151 0
109 186 0
110 162 0
110 181 0
111 175 0
112 141 0
113 158 0
113 181 0
114 179 0
116 167 0
116 194 0
117 127 0
117 130 0
117 171 0
117 185 0
117 187 0
118 127 0
118 160 0
119 145 0
120 128 0
120 160 0
121 135 0
123 156 0
124 163 0
124 177 0
126 152 0
130 180 0
131 141 0
133 140 0
133 179 0
133 183 0
134 148 0
135 149 0
135 151 0
141 154 0
141 155 0
144 155 0
148 153 0
150 153 0
156 178 0
158 183 0
158 189 0
162 184 0
163 168 0
165 172 0
165 175 0
165 192 0
165 199 0
166 187 0
168 171 0
169 178 0
170 184 0
176 188 0
177 196 0
185 191 0
