140 193 0
1 41 0
2 92 0
3 49 0
3 111 0
3 122 0
3 136 0
4 14 0
4 79 0
4 119 0
5 12 0
5 21 0
5 50 0
5 80 0
5 105 0
5 108 0
6 62 0
7 23 0
7 75 0
8 38 0
8 74 0
8 88 0
8 98 0
9 46 0
9 138 0
10 70 0
11 17 0
12 80 0
13 80 0
14 28 0
14 58 0
14 71 0
15 29 0
15 62 0
16 114 0
17 23 0
17 86 0
17 133 0
18 114 0
18 134 0
19 24 0
19 114 0
20 27 0
20 58 0
21 39 0
21 98 0
21 136 0
22 57 0
22 106 0
22 125 0
22 136 0
23 29 0
23 31 0
23 97 0
24 34 0
25 65 0
26 52 0
26 84 0
27 108 0
27 139 0
28 36 0
28 66 0
28 78 0
28 91 0
28 95 0
29 31 0
29 35 0
30 37 0
30 105 0
30 132 0
30 133 0
31 68 0
31 90 0
31 127 0
32 47 0
32 73 0
32 91 0
32 121 0
32 135 0
32 140 0
33 108 0
34 40 0
34 56 0
34 77 0
35 119 0
36 120 0
37 90 0
39 59 0
39 99 0
41 81 0
41 120 0
41 121 0
42 47 0
42 77 0
43 80 0
43 88 0
44 48 0
44 52 0
44 66 0
44 87 0
45 48 0
45 55 0
45 95 0
45 127 0
46 60 0
46 98 0
46 107 0
47 89 0
50 51 0
50 61 0
50 63 0
50 75 0
50 113 0
51 105 0
52 72 0
52 109 0
52 121 0
53 126 0
54 81 0
54 93 0
56 59 0
56 127 0
56 137 0
57 89 0
58 67 0
58 70 0
58 100 0
58 113 0
58 122 0
59 91 0
59 118 0
59 121 0
61 65 0
61 103 0
62 64 0
62 67 0
62 123 0
64 90 0
64 126 0
65 99 0
65 102 0
65 137 0
67 93 0
67 99 0
69 93 0
69 118 0
69 123 0
70 79 0
70 80 0
70 101 0
70 136 0
71 108 0
72 75 0
75 112 0
75 116 0
76 119 0
78 85 0
82 94 0
82 98 0
82 103 0
82 108 0
82 110 0
83 92 0
83 116 0
84 126 0
85 96 0
85 118 0
85 137 0
85 139 0
87 97 0
87 116 0
87 128 0
87 129 0
89 117 0
89 134 0
89 137 0
91 104 0
91 114 0
92 131 0
92 133 0
93 115 0
99 116 0
99 133 0
102 130 0
103 124 0
104 124 0
104 130 0
104 138 0
116 119 0
116 131 0
123 131 0
126 127 0
127 140 0
134 138 0
