350 435 0
1 29 0
1 58 0
1 75 0
1 288 0
2 127 0
3 12 0
4 262 0
5 23 0
6 66 0
7 207 0
8 70 0
8 148 0
9 106 0
10 11 0
10 74 0
11 37 0
12 84 0
12 269 0
12 311 0
13 18 0
14 39 0
14 76 0
14 157 0
14 269 0
15 151 0
15 174 0
15 199 0
15 279 0
16 85 0
17 83 0
17 256 0
18 102 0
18 197 0
18 344 0
18 349 0
19 105 0
19 236 0
20 122 0
20 313 0
21 122 0
21 188 0
21 264 0
21 297 0
21 350 0
22 129 0
22 137 0
22 332 0
22 335 0
23 132 0
23 211 0
23 227 0
24 100 0
25 47 0
25 101 0
26 58 0
26 131 0
26 153 0
26 174 0
26 290 0
27 148 0
28 273 0
30 185 0
30 241 0
30 246 0
31 71 0
32 150 0
33 37 0
33 61 0
33 217 0
33 278 0
34 83 0
35 106 0
36 58 0
36 98 0
36 125 0
36 164 0
36 298 0
37 65 0
37 192 0
38 259 0
40 72 0
40 288 0
41 261 0
42 61 0
43 93 0
43 204 0
44 291 0
44 329 0
45 119 0
45 263 0
45 281 0
45 294 0
46 184 0
46 285 0
47 60 0
47 91 0
47 112 0
47 243 0
48 64 0
48 240 0
48 258 0
48 329 0
49 262 0
49 343 0
50 64 0
50 142 0
51 72 0
51 74 0
51 90 0
51 116 0
52 150 0
53 159 0
53 249 0
53 276 0
54 198 0
54 217 0
55 145 0
56 115 0
56 174 0
56 257 0
56 299 0
57 93 0
58 146 0
59 301 0
60 262 0
61 253 0
61 254 0
62 304 0
63 188 0
64 242 0
64 318 0
64 329 0
66 89 0
66 129 0
66 212 0
66 286 0
67 111 0
67 134 0
68 328 0
68 331 0
69 71 0
70 241 0
70 325 0
71 247 0
71 322 0
72 122 0
72 232 0
72 277 0
73 236 0
74 104 0
74 280 0
77 215 0
78 127 0
78 260 0
78 280 0
79 182 0
79 208 0
79 231 0
79 295 0
79 330 0
79 342 0
80 172 0
81 176 0
82 261 0
83 123 0
83 195 0
85 130 0
85 228 0
85 322 0
86 117 0
86 156 0
86 252 0
86 256 0
86 265 0
87 103 0
87 255 0
87 276 0
87 284 0
87 314 0
88 128 0
89 142 0
90 203 0
90 289 0
90 338 0
92 202 0
92 282 0
93 306 0
93 319 0
94 153 0
94 213 0
94 266 0
94 343 0
95 291 0
95 316 0
96 282 0
97 176 0
98 154 0
99 211 0
100 129 0
100 244 0
100 309 0
101 174 0
101 220 0
101 260 0
101 348 0
102 261 0
102 278 0
102 304 0
103 146 0
105 108 0
106 139 0
106 243 0
107 187 0
107 221 0
107 234 0
107 238 0
108 136 0
108 246 0
108 342 0
109 145 0
110 149 0
110 152 0
110 159 0
110 305 0
110 321 0
111 249 0
112 123 0
113 181 0
114 259 0
115 308 0
116 129 0
116 131 0
116 167 0
116 305 0
117 128 0
117 204 0
117 207 0
118 215 0
120 172 0
120 195 0
121 124 0
121 160 0
121 190 0
121 204 0
121 300 0
122 313 0
125 210 0
126 141 0
126 147 0
126 167 0
126 205 0
127 188 0
127 208 0
127 250 0
128 292 0
128 336 0
130 330 0
131 158 0
131 278 0
131 322 0
132 248 0
133 162 0
133 170 0
133 227 0
133 333 0
134 168 0
134 250 0
134 270 0
135 301 0
137 173 0
137 302 0
138 202 0
140 238 0
140 273 0
142 149 0
142 248 0
142 346 0
143 269 0
143 272 0
143 317 0
143 327 0
144 150 0
145 149 0
145 163 0
146 295 0
146 326 0
148 160 0
148 274 0
149 171 0
150 195 0
150 294 0
153 196 0
154 210 0
155 195 0
155 269 0
155 329 0
155 341 0
158 167 0
158 324 0
158 341 0
160 204 0
160 262 0
161 312 0
165 245 0
166 179 0
166 206 0
167 210 0
167 273 0
169 350 0
171 187 0
171 341 0
171 342 0
172 191 0
172 322 0
173 301 0
175 202 0
176 255 0
176 271 0
177 188 0
178 206 0
179 215 0
180 264 0
181 237 0
181 321 0
181 329 0
183 219 0
183 252 0
183 262 0
183 266 0
183 275 0
184 222 0
184 235 0
184 285 0
185 187 0
185 209 0
185 323 0
185 339 0
186 312 0
187 291 0
188 200 0
189 273 0
191 312 0
193 212 0
193 241 0
193 250 0
194 328 0
195 292 0
195 313 0
196 334 0
197 287 0
198 261 0
198 350 0
201 287 0
202 306 0
204 315 0
204 322 0
204 341 0
206 242 0
206 266 0
206 343 0
207 302 0
207 340 0
210 268 0
211 214 0
211 233 0
212 327 0
214 226 0
215 263 0
216 313 0
217 226 0
217 293 0
218 237 0
218 245 0
220 344 0
223 261 0
224 230 0
224 235 0
224 260 0
224 345 0
225 334 0
225 347 0
226 322 0
227 235 0
227 250 0
227 324 0
229 328 0
233 268 0
234 270 0
235 297 0
235 312 0
236 251 0
236 290 0
239 249 0
241 282 0
241 329 0
243 249 0
243 297 0
245 255 0
245 320 0
250 259 0
251 286 0
255 307 0
258 281 0
259 337 0
262 267 0
262 348 0
263 282 0
263 307 0
263 316 0
264 318 0
264 347 0
265 321 0
266 278 0
271 339 0
272 297 0
273 301 0
282 296 0
282 316 0
283 312 0
287 290 0
287 331 0
290 328 0
291 315 0
295 301 0
297 324 0
301 306 0
303 350 0
304 310 0
304 325 0
306 307 0
307 324 0
308 334 0
317 342 0
332 343 0
334 342 0
