400 429 0
1 400 0
2 14 0
3 70 0
4 78 0
4 86 0
4 220 0
4 362 0
4 372 0
5 287 0
6 345 0
7 163 0
8 119 0
9 19 0
10 96 0
10 396 0
11 110 0
11 132 0
11 167 0
11 396 0
12 217 0
13 161 0
14 262 0
14 292 0
14 336 0
15 32 0
16 69 0
16 84 0
16 241 0
16 364 0
17 78 0
17 80 0
17 155 0
17 269 0
18 214 0
19 171 0
19 355 0
19 374 0
20 63 0
21 136 0
21 140 0
21 183 0
21 214 0
22 72 0
22 103 0
22 158 0
22 364 0
23 297 0
24 371 0
25 103 0
25 112 0
25 160 0
25 399 0
26 190 0
27 163 0
28 173 0
28 188 0
28 325 0
28 386 0
29 214 0
30 51 0
30 333 0
31 64 0
31 106 0
31 247 0
31 319 0
32 151 0
32 191 0
32 398 0
33 174 0
34 144 0
34 181 0
34 208 0
34 377 0
35 315 0
36 322 0
37 194 0
38 371 0
39 395 0
40 285 0
41 311 0
42 315 0
42 362 0
43 204 0
43 230 0
43 236 0
43 377 0
44 123 0
45 100 0
45 202 0
46 73 0
46 159 0
46 218 0
46 255 0
47 287 0
48 231 0
49 349 0
50 118 0
51 93 0
51 180 0
51 271 0
51 325 0
52 99 0
52 150 0
52 158 0
52 264 0
53 165 0
54 153 0
54 262 0
54 323 0
54 365 0
55 220 0
56 217 0
57 100 0
58 200 0
58 252 0
58 309 0
58 386 0
59 305 0
60 321 0
61 400 0
62 100 0
63 94 0
63 137 0
63 357 0
65 165 0
66 141 0
67 79 0
68 239 0
69 264 0
70 219 0
70 277 0
70 375 0
71 76 0
72 133 0
72 143 0
72 185 0
73 250 0
73 304 0
73 335 0
74 318 0
75 86 0
76 126 0
76 128 0
76 188 0
76 211 0
77 250 0
79 151 0
79 192 0
79 253 0
81 125 0
81 176 0
81 246 0
81 288 0
82 311 0
83 335 0
85 260 0
86 271 0
86 310 0
87 297 0
87 391 0
88 117 0
89 250 0
90 135 0
90 228 0
91 151 0
91 286 0
91 289 0
91 377 0
92 393 0
94 162 0
94 216 0
94 278 0
95 259 0
96 131 0
96 148 0
96 331 0
97 156 0
97 197 0
97 215 0
97 364 0
98 303 0
100 114 0
101 133 0
101 231 0
101 239 0
101 318 0
102 139 0
102 198 0
102 221 0
102 377 0
103 316 0
103 400 0
104 132 0
105 321 0
107 260 0
108 161 0
109 179 0
110 326 0
110 338 0
110 368 0
111 224 0
111 286 0
113 176 0
113 348 0
114 143 0
114 194 0
114 348 0
115 382 0
116 135 0
117 130 0
117 267 0
117 369 0
118 188 0
118 205 0
118 363 0
119 169 0
119 193 0
119 373 0
120 212 0
121 242 0
121 270 0
122 397 0
123 344 0
123 350 0
123 375 0
124 306 0
127 179 0
129 170 0
130 268 0
130 304 0
130 379 0
132 270 0
132 360 0
133 203 0
133 234 0
133 262 0
134 194 0
134 240 0
135 151 0
135 295 0
136 278 0
136 331 0
136 375 0
137 236 0
137 283 0
138 284 0
140 209 0
140 308 0
140 332 0
141 247 0
141 334 0
141 378 0
142 322 0
142 354 0
143 247 0
143 374 0
145 343 0
146 174 0
147 206 0
147 240 0
147 307 0
147 380 0
149 231 0
149 257 0
152 285 0
154 321 0
157 335 0
158 260 0
158 321 0
161 203 0
161 385 0
162 256 0
162 330 0
162 346 0
163 186 0
163 291 0
164 337 0
165 166 0
165 386 0
167 242 0
167 278 0
167 326 0
167 390 0
168 382 0
169 400 0
170 206 0
170 298 0
170 392 0
172 175 0
172 299 0
172 341 0
172 388 0
173 185 0
173 268 0
173 304 0
173 313 0
174 367 0
174 374 0
175 318 0
176 179 0
176 304 0
176 337 0
177 345 0
178 343 0
179 225 0
182 212 0
183 228 0
183 243 0
183 353 0
184 268 0
185 286 0
186 297 0
186 305 0
186 313 0
187 316 0
188 287 0
189 306 0
190 222 0
190 248 0
190 331 0
194 234 0
195 371 0
196 311 0
199 393 0
201 305 0
202 349 0
203 371 0
203 393 0
206 224 0
206 362 0
207 220 0
209 247 0
210 396 0
211 348 0
212 262 0
212 384 0
213 220 0
214 366 0
216 300 0
216 329 0
216 383 0
217 269 0
217 281 0
223 285 0
224 244 0
224 266 0
226 396 0
227 397 0
229 395 0
231 254 0
232 259 0
233 303 0
235 250 0
237 343 0
238 275 0
239 290 0
239 293 0
242 258 0
242 376 0
245 274 0
247 284 0
249 400 0
251 303 0
257 268 0
259 301 0
259 331 0
260 342 0
261 306 0
263 287 0
265 393 0
268 356 0
269 349 0
269 362 0
272 318 0
273 275 0
274 289 0
274 347 0
274 361 0
275 303 0
275 325 0
275 389 0
276 396 0
278 286 0
279 335 0
279 368 0
280 382 0
282 337 0
283 342 0
283 372 0
284 296 0
284 314 0
285 289 0
286 362 0
289 343 0
294 316 0
297 381 0
302 316 0
303 388 0
305 391 0
306 363 0
306 388 0
311 373 0
312 349 0
313 373 0
313 388 0
315 317 0
315 335 0
315 361 0
315 386 0
318 328 0
320 322 0
322 364 0
324 395 0
325 382 0
327 379 0
333 337 0
339 397 0
340 379 0
345 352 0
345 375 0
348 354 0
351 390 0
358 390 0
359 372 0
370 379 0
372 387 0
373 397 0
374 395 0
390 394 0
