140 175 0
1 116 0
2 5 0
2 68 0
3 50 0
3 78 0
3 134 0
3 136 0
4 7 0
5 67 0
6 7 0
6 8 0
6 13 0
6 136 0
7 11 0
7 40 0
7 66 0
7 102 0
8 34 0
8 44 0
8 64 0
8 123 0
9 108 0
10 63 0
11 47 0
11 50 0
12 67 0
13 30 0
13 73 0
13 111 0
14 15 0
14 56 0
14 65 0
14 132 0
15 17 0
15 22 0
15 25 0
15 58 0
15 125 0
16 45 0
17 47 0
17 122 0
18 78 0
18 112 0
19 29 0
19 43 0
19 81 0
19 88 0
20 49 0
20 66 0
20 75 0
20 97 0
20 118 0
20 136 0
21 68 0
21 131 0
22 69 0
22 132 0
23 63 0
24 117 0
26 43 0
26 76 0
26 87 0
26 113 0
27 99 0
28 45 0
29 65 0
31 45 0
31 131 0
31 136 0
31 139 0
32 116 0
33 46 0
33 137 0
35 41 0
35 63 0
35 108 0
35 115 0
36 131 0
36 132 0
37 109 0
38 65 0
38 95 0
38 136 0
39 109 0
41 95 0
41 97 0
41 110 0
42 117 0
43 65 0
43 121 0
45 94 0
46 90 0
46 95 0
46 106 0
46 137 0
47 56 0
48 50 0
48 116 0
50 91 0
50 123 0
51 131 0
52 121 0
53 56 0
53 104 0
53 120 0
54 108 0
55 139 0
56 83 0
57 59 0
57 69 0
57 101 0
57 125 0
58 134 0
59 65 0
59 96 0
59 109 0
60 106 0
61 68 0
61 134 0
62 139 0
63 70 0
63 118 0
64 119 0
67 105 0
67 124 0
68 89 0
68 124 0
70 78 0
71 75 0
71 118 0
71 119 0
72 109 0
74 90 0
77 96 0
77 131 0
78 79 0
80 96 0
82 96 0
84 121 0
85 119 0
86 90 0
87 102 0
90 120 0
90 122 0
92 139 0
93 108 0
94 132 0
95 124 0
96 134 0
96 138 0
97 117 0
97 119 0
97 133 0
98 110 0
98 128 0
99 110 0
100 132 0
103 134 0
104 115 0
106 112 0
106 140 0
107 135 0
107 137 0
108 133 0
110 120 0
111 124 0
114 119 0
115 126 0
115 127 0
116 124 0
117 129 0
121 128 0
130 132 0
132 135 0
133 137 0
