500 603 0
1 23 0
1 56 0
2 22 0
2 162 0
2 181 0
2 448 0
3 138 0
4 488 0
5 105 0
6 39 0
6 103 0
6 192 0
6 279 0
6 342 0
7 368 0
8 367 0
9 50 0
9 121 0
9 175 0
9 237 0
9 486 0
10 184 0
10 237 0
10 320 0
10 452 0
11 71 0
11 324 0
11 411 0
12 247 0
12 262 0
12 470 0
13 25 0
13 123 0
13 178 0
13 244 0
13 344 0
13 428 0
14 216 0
15 23 0
16 300 0
17 25 0
17 178 0
17 304 0
17 395 0
17 422 0
18 27 0
18 139 0
18 294 0
18 378 0
19 141 0
19 157 0
20 388 0
21 49 0
21 116 0
21 329 0
21 478 0
23 110 0
23 149 0
23 391 0
23 403 0
24 104 0
24 256 0
25 164 0
25 202 0
25 355 0
26 361 0
28 69 0
29 148 0
29 197 0
29 414 0
29 439 0
29 444 0
30 384 0
31 283 0
31 388 0
32 420 0
33 119 0
34 466 0
35 493 0
36 92 0
37 78 0
38 113 0
38 173 0
38 360 0
39 97 0
39 163 0
39 270 0
39 335 0
40 333 0
41 400 0
42 102 0
42 245 0
42 399 0
42 435 0
43 189 0
43 283 0
44 52 0
44 125 0
44 263 0
44 433 0
44 449 0
45 238 0
45 438 0
46 215 0
46 259 0
46 398 0
46 412 0
47 246 0
47 254 0
47 298 0
47 410 0
48 119 0
51 161 0
51 281 0
52 93 0
52 106 0
52 144 0
52 343 0
53 312 0
53 364 0
53 382 0
53 387 0
54 146 0
54 239 0
54 286 0
54 338 0
54 385 0
55 288 0
56 388 0
57 136 0
58 94 0
58 255 0
58 316 0
58 364 0
59 237 0
59 389 0
60 174 0
61 160 0
62 375 0
63 128 0
63 239 0
64 300 0
65 488 0
66 231 0
67 387 0
68 411 0
69 70 0
69 303 0
69 442 0
70 156 0
70 189 0
70 343 0
70 398 0
71 380 0
71 446 0
71 495 0
71 499 0
72 168 0
73 99 0
73 196 0
74 397 0
75 359 0
76 266 0
76 447 0
77 182 0
78 90 0
78 109 0
78 166 0
78 450 0
79 203 0
79 213 0
79 235 0
79 262 0
79 418 0
80 136 0
81 217 0
81 255 0
81 394 0
81 406 0
82 325 0
83 462 0
84 218 0
85 202 0
86 95 0
86 266 0
86 325 0
87 269 0
87 416 0
87 471 0
88 196 0
89 118 0
89 408 0
90 147 0
90 285 0
90 316 0
90 408 0
90 438 0
91 367 0
92 410 0
92 440 0
92 445 0
92 473 0
93 201 0
93 332 0
93 492 0
94 169 0
94 210 0
94 293 0
95 117 0
95 385 0
96 382 0
98 195 0
98 197 0
98 334 0
98 436 0
99 420 0
100 136 0
101 300 0
101 305 0
101 406 0
101 421 0
102 142 0
102 212 0
102 275 0
102 397 0
104 112 0
104 448 0
104 486 0
105 252 0
105 372 0
105 380 0
105 494 0
106 139 0
106 183 0
106 237 0
106 394 0
107 175 0
107 417 0
108 156 0
111 177 0
111 213 0
111 265 0
111 331 0
113 125 0
113 236 0
113 289 0
113 366 0
114 129 0
114 277 0
114 337 0
114 341 0
114 386 0
115 218 0
117 154 0
117 173 0
117 480 0
118 351 0
119 413 0
119 436 0
120 361 0
122 262 0
122 278 0
123 146 0
123 149 0
123 228 0
123 345 0
124 465 0
125 255 0
126 242 0
126 470 0
126 483 0
127 488 0
128 190 0
128 210 0
128 346 0
129 195 0
130 468 0
131 142 0
131 247 0
131 337 0
131 463 0
132 468 0
133 434 0
134 146 0
134 312 0
135 231 0
136 202 0
136 471 0
137 155 0
137 293 0
137 302 0
137 386 0
137 432 0
138 295 0
138 383 0
138 440 0
139 218 0
139 497 0
140 157 0
141 191 0
143 434 0
144 166 0
144 356 0
144 369 0
145 305 0
147 186 0
147 221 0
147 250 0
147 403 0
149 257 0
149 364 0
149 420 0
150 180 0
150 186 0
151 391 0
151 425 0
152 216 0
153 434 0
155 202 0
156 159 0
156 301 0
156 344 0
157 252 0
157 423 0
158 161 0
158 359 0
159 192 0
160 234 0
160 293 0
160 460 0
161 315 0
161 328 0
161 467 0
163 249 0
163 318 0
163 368 0
163 489 0
164 187 0
164 241 0
164 392 0
165 487 0
167 210 0
167 266 0
168 183 0
168 224 0
168 419 0
169 216 0
169 290 0
169 365 0
169 385 0
169 411 0
170 372 0
170 470 0
171 382 0
172 269 0
173 202 0
173 406 0
173 417 0
174 183 0
174 264 0
174 451 0
175 287 0
176 389 0
177 275 0
179 182 0
180 210 0
180 214 0
180 405 0
182 203 0
182 236 0
182 482 0
183 457 0
183 459 0
185 470 0
187 446 0
188 189 0
189 491 0
191 387 0
192 212 0
192 361 0
192 453 0
193 400 0
194 259 0
195 198 0
195 269 0
195 487 0
196 285 0
196 323 0
196 370 0
197 359 0
197 375 0
198 340 0
198 347 0
198 426 0
199 253 0
200 468 0
201 467 0
201 494 0
202 373 0
203 249 0
204 387 0
205 438 0
206 368 0
207 262 0
208 253 0
209 337 0
209 384 0
210 324 0
211 417 0
212 217 0
212 337 0
213 355 0
213 488 0
215 227 0
215 256 0
215 454 0
216 430 0
217 248 0
217 252 0
217 412 0
218 490 0
219 487 0
220 322 0
220 411 0
221 427 0
222 375 0
223 465 0
225 333 0
226 288 0
227 316 0
228 405 0
229 318 0
230 242 0
230 316 0
230 325 0
230 350 0
230 500 0
231 238 0
231 478 0
232 328 0
232 417 0
233 470 0
236 241 0
236 262 0
236 313 0
237 367 0
238 374 0
240 283 0
241 299 0
242 268 0
242 307 0
243 398 0
248 500 0
249 328 0
249 394 0
249 475 0
251 438 0
252 462 0
253 393 0
253 436 0
255 334 0
257 314 0
257 354 0
257 455 0
258 500 0
259 267 0
259 280 0
260 285 0
261 333 0
262 275 0
262 310 0
266 370 0
269 301 0
271 497 0
272 305 0
273 374 0
274 275 0
274 280 0
275 401 0
275 476 0
276 416 0
277 309 0
278 285 0
281 374 0
282 318 0
283 337 0
283 350 0
284 453 0
285 287 0
288 353 0
288 431 0
288 471 0
290 351 0
291 324 0
292 365 0
293 415 0
293 434 0
296 459 0
297 487 0
299 375 0
300 461 0
301 316 0
305 363 0
306 497 0
308 489 0
309 421 0
310 359 0
311 325 0
312 377 0
312 437 0
313 334 0
313 370 0
313 448 0
316 385 0
317 466 0
318 458 0
319 382 0
321 415 0
322 415 0
324 358 0
325 390 0
326 421 0
327 420 0
328 389 0
328 441 0
328 470 0
330 365 0
331 398 0
333 385 0
334 343 0
335 404 0
336 400 0
336 402 0
339 355 0
339 484 0
343 410 0
348 365 0
349 453 0
351 370 0
351 379 0
351 425 0
352 397 0
353 388 0
355 394 0
355 440 0
357 453 0
360 408 0
361 479 0
362 497 0
364 371 0
364 403 0
367 371 0
368 409 0
374 478 0
374 483 0
376 459 0
381 397 0
384 385 0
384 496 0
388 410 0
388 426 0
389 474 0
391 416 0
395 425 0
396 465 0
398 407 0
398 427 0
400 440 0
402 415 0
403 408 0
403 466 0
404 425 0
404 452 0
406 499 0
408 448 0
408 472 0
410 484 0
411 481 0
412 471 0
412 478 0
416 475 0
416 485 0
421 429 0
424 466 0
425 456 0
425 471 0
426 476 0
434 499 0
436 493 0
439 462 0
441 493 0
443 493 0
447 484 0
449 489 0
456 472 0
457 462 0
459 498 0
464 489 0
465 475 0
468 499 0
469 484 0
475 489 0
477 500 0
