500 637 0
1 123 0
1 280 0
2 227 0
2 343 0
3 178 0
3 313 0
3 319 0
3 356 0
3 471 0
4 16 0
4 35 0
4 87 0
4 432 0
4 481 0
5 279 0
6 218 0
7 50 0
8 166 0
9 39 0
9 195 0
9 253 0
9 476 0
10 148 0
10 270 0
10 399 0
10 449 0
11 54 0
12 135 0
13 145 0
13 242 0
13 350 0
13 492 0
14 447 0
15 88 0
16 116 0
16 160 0
16 383 0
17 25 0
17 96 0
18 179 0
18 312 0
19 81 0
19 266 0
19 360 0
19 461 0
20 387 0
20 460 0
21 38 0
21 62 0
21 397 0
21 448 0
22 48 0
22 359 0
23 176 0
24 422 0
25 218 0
26 319 0
27 64 0
27 118 0
27 270 0
27 391 0
28 81 0
28 319 0
29 305 0
29 494 0
30 282 0
30 384 0
31 265 0
32 106 0
32 193 0
32 281 0
32 396 0
32 426 0
33 206 0
33 398 0
34 158 0
34 182 0
34 209 0
34 267 0
35 234 0
35 339 0
35 458 0
36 51 0
36 359 0
37 362 0
37 432 0
38 494 0
39 54 0
39 193 0
39 207 0
39 419 0
40 290 0
41 163 0
41 277 0
42 309 0
42 435 0
43 61 0
43 135 0
43 227 0
43 277 0
43 482 0
43 494 0
44 226 0
44 337 0
45 158 0
45 217 0
45 376 0
45 475 0
46 291 0
47 125 0
47 164 0
48 96 0
48 295 0
48 322 0
48 344 0
49 467 0
50 148 0
50 283 0
50 486 0
51 54 0
52 55 0
52 474 0
53 443 0
54 337 0
55 184 0
55 293 0
55 304 0
55 368 0
56 98 0
56 187 0
56 345 0
56 364 0
57 85 0
57 134 0
57 218 0
57 268 0
57 375 0
58 191 0
58 312 0
58 325 0
58 328 0
58 375 0
58 422 0
59 477 0
60 312 0
61 108 0
61 124 0
61 413 0
61 479 0
63 493 0
65 417 0
66 81 0
66 94 0
66 158 0
66 455 0
67 241 0
67 269 0
68 156 0
69 224 0
69 246 0
69 313 0
69 406 0
70 385 0
71 301 0
72 93 0
72 261 0
72 334 0
73 174 0
74 135 0
75 178 0
76 140 0
76 309 0
76 310 0
76 329 0
76 382 0
76 415 0
76 466 0
76 489 0
77 353 0
78 112 0
79 132 0
80 125 0
81 305 0
81 362 0
81 417 0
82 401 0
83 435 0
84 111 0
84 133 0
84 380 0
85 114 0
85 202 0
85 275 0
85 407 0
86 117 0
86 339 0
86 434 0
86 478 0
87 427 0
88 238 0
88 268 0
88 346 0
88 399 0
89 432 0
90 104 0
91 272 0
92 387 0
93 173 0
93 232 0
93 472 0
94 98 0
94 207 0
94 324 0
94 453 0
95 191 0
96 335 0
96 359 0
96 433 0
96 443 0
97 134 0
98 263 0
98 477 0
99 130 0
99 133 0
100 156 0
101 274 0
102 130 0
102 179 0
103 250 0
103 286 0
103 320 0
103 386 0
103 471 0
104 296 0
104 355 0
104 410 0
105 263 0
106 472 0
107 270 0
107 272 0
107 280 0
108 371 0
109 473 0
110 385 0
111 473 0
112 354 0
112 400 0
112 455 0
113 181 0
115 213 0
115 237 0
115 366 0
115 418 0
117 174 0
117 315 0
119 259 0
120 328 0
121 398 0
122 356 0
123 174 0
125 197 0
125 386 0
126 378 0
127 161 0
127 380 0
127 448 0
128 456 0
129 359 0
129 493 0
130 133 0
130 350 0
131 166 0
132 339 0
132 343 0
132 347 0
132 355 0
134 390 0
134 404 0
134 407 0
135 392 0
135 421 0
135 497 0
136 179 0
136 265 0
136 422 0
137 377 0
138 261 0
138 388 0
139 352 0
140 455 0
140 467 0
141 149 0
142 257 0
142 361 0
142 408 0
142 445 0
143 147 0
143 175 0
143 281 0
143 381 0
144 290 0
146 440 0
148 250 0
148 427 0
148 444 0
149 171 0
149 388 0
149 450 0
150 268 0
150 377 0
151 231 0
151 262 0
151 369 0
151 452 0
152 272 0
153 432 0
154 352 0
155 342 0
156 203 0
156 386 0
156 389 0
157 282 0
158 290 0
159 189 0
161 298 0
161 483 0
162 377 0
163 447 0
164 463 0
164 480 0
165 228 0
165 315 0
166 258 0
166 394 0
166 470 0
167 187 0
168 259 0
169 247 0
169 443 0
170 207 0
170 241 0
170 259 0
170 465 0
171 468 0
172 444 0
173 317 0
174 260 0
174 369 0
176 268 0
176 285 0
176 338 0
176 469 0
176 476 0
177 378 0
178 181 0
178 278 0
178 416 0
179 398 0
180 265 0
181 331 0
181 436 0
181 459 0
183 263 0
183 315 0
184 287 0
184 395 0
184 408 0
184 443 0
185 202 0
185 302 0
185 448 0
185 479 0
186 287 0
188 394 0
188 406 0
188 448 0
188 453 0
189 229 0
189 292 0
189 331 0
189 372 0
190 435 0
191 245 0
191 334 0
191 451 0
192 282 0
192 295 0
192 397 0
192 471 0
193 206 0
193 417 0
194 328 0
194 474 0
196 200 0
196 419 0
198 356 0
199 254 0
199 493 0
200 280 0
201 219 0
201 339 0
201 401 0
203 353 0
204 277 0
205 261 0
206 251 0
206 438 0
207 281 0
208 255 0
208 276 0
208 445 0
208 494 0
209 253 0
209 350 0
210 353 0
211 235 0
212 315 0
214 380 0
215 319 0
215 471 0
216 274 0
216 444 0
218 318 0
219 322 0
219 325 0
219 455 0
220 243 0
220 466 0
221 287 0
222 444 0
223 272 0
225 370 0
226 234 0
226 300 0
226 463 0
227 248 0
227 469 0
228 311 0
229 358 0
230 287 0
232 235 0
232 243 0
232 285 0
232 361 0
233 378 0
234 291 0
234 378 0
235 365 0
235 429 0
235 493 0
236 303 0
238 303 0
238 372 0
239 338 0
239 351 0
239 493 0
240 427 0
241 324 0
241 379 0
243 298 0
243 363 0
243 450 0
244 303 0
244 391 0
247 276 0
249 401 0
250 305 0
250 382 0
252 432 0
254 494 0
255 332 0
255 373 0
255 433 0
255 495 0
256 483 0
257 317 0
257 453 0
257 458 0
258 362 0
259 264 0
261 310 0
261 438 0
263 437 0
265 275 0
265 327 0
265 399 0
265 491 0
268 274 0
268 279 0
268 299 0
269 465 0
270 358 0
270 456 0
271 279 0
272 355 0
273 481 0
274 289 0
274 467 0
274 487 0
276 306 0
276 460 0
277 403 0
278 309 0
279 371 0
280 466 0
281 301 0
282 288 0
282 339 0
284 447 0
286 321 0
288 494 0
289 367 0
290 388 0
290 499 0
291 457 0
291 498 0
293 323 0
293 418 0
293 484 0
293 490 0
294 440 0
295 480 0
297 456 0
299 369 0
299 375 0
299 449 0
299 466 0
301 328 0
301 395 0
301 405 0
303 412 0
303 497 0
305 336 0
305 414 0
305 441 0
305 466 0
306 357 0
307 381 0
307 465 0
308 427 0
309 311 0
311 388 0
311 488 0
312 431 0
312 459 0
314 481 0
315 384 0
315 424 0
316 417 0
317 387 0
321 342 0
323 479 0
326 362 0
327 358 0
328 406 0
328 415 0
329 374 0
330 474 0
331 408 0
331 467 0
333 439 0
335 337 0
335 356 0
335 361 0
335 380 0
335 473 0
336 473 0
339 359 0
339 421 0
340 419 0
341 456 0
342 406 0
342 446 0
344 439 0
348 477 0
349 356 0
350 352 0
350 434 0
350 471 0
351 465 0
352 423 0
353 399 0
353 494 0
355 445 0
357 401 0
358 411 0
361 497 0
364 451 0
365 469 0
367 439 0
369 439 0
370 379 0
370 468 0
370 496 0
370 500 0
371 394 0
372 487 0
374 417 0
374 480 0
375 438 0
375 458 0
377 394 0
379 479 0
385 451 0
385 496 0
386 471 0
387 496 0
388 480 0
388 482 0
390 490 0
393 417 0
394 401 0
398 424 0
398 430 0
402 474 0
408 496 0
409 419 0
418 440 0
418 482 0
420 481 0
421 422 0
424 445 0
424 483 0
425 474 0
428 483 0
435 438 0
440 462 0
442 443 0
447 497 0
448 474 0
449 453 0
449 471 0
454 477 0
455 493 0
458 482 0
464 494 0
467 485 0
