250 369 0
1 45 0
1 85 0
1 106 0
1 126 0
2 9 0
3 74 0
3 250 0
4 59 0
5 14 0
5 19 0
6 22 0
6 29 0
6 211 0
6 221 0
7 45 0
7 61 0
7 114 0
7 124 0
7 190 0
8 42 0
8 86 0
8 223 0
8 250 0
9 10 0
9 26 0
9 27 0
9 200 0
10 59 0
10 249 0
11 73 0
11 75 0
11 85 0
11 153 0
12 54 0
12 179 0
12 209 0
12 247 0
13 14 0
13 124 0
13 201 0
13 206 0
15 32 0
15 35 0
15 40 0
16 58 0
16 196 0
16 215 0
17 19 0
18 52 0
18 65 0
18 72 0
18 135 0
18 197 0
19 61 0
19 79 0
19 100 0
19 169 0
19 242 0
20 222 0
21 87 0
22 32 0
22 71 0
22 105 0
22 208 0
23 120 0
23 157 0
24 151 0
24 225 0
25 110 0
26 226 0
27 68 0
27 129 0
27 222 0
28 130 0
28 145 0
28 180 0
28 247 0
29 131 0
29 138 0
29 142 0
29 168 0
29 233 0
30 155 0
30 192 0
31 96 0
31 195 0
31 200 0
32 127 0
32 230 0
33 42 0
33 61 0
33 93 0
34 195 0
35 151 0
35 179 0
36 59 0
36 105 0
37 43 0
37 168 0
37 193 0
38 82 0
38 233 0
39 111 0
40 172 0
41 67 0
41 168 0
43 163 0
44 78 0
44 205 0
44 232 0
45 65 0
45 74 0
45 113 0
46 106 0
46 233 0
46 248 0
47 112 0
47 168 0
48 233 0
49 99 0
50 96 0
50 136 0
50 140 0
50 185 0
50 196 0
50 233 0
51 222 0
52 161 0
53 146 0
53 208 0
54 76 0
54 179 0
55 82 0
56 189 0
56 196 0
57 66 0
57 70 0
57 124 0
57 224 0
58 94 0
58 163 0
58 168 0
59 211 0
59 246 0
60 208 0
61 90 0
61 241 0
62 95 0
62 101 0
62 199 0
62 208 0
63 104 0
63 197 0
63 219 0
64 91 0
64 95 0
64 165 0
64 223 0
64 244 0
65 205 0
67 225 0
68 79 0
68 86 0
68 120 0
68 137 0
68 221 0
69 111 0
71 190 0
72 76 0
72 104 0
74 91 0
74 181 0
76 120 0
76 135 0
76 139 0
76 147 0
76 161 0
77 249 0
78 109 0
79 111 0
79 217 0
80 172 0
80 249 0
81 236 0
82 197 0
82 240 0
83 146 0
83 241 0
84 97 0
84 202 0
84 224 0
85 91 0
85 151 0
85 219 0
85 237 0
86 109 0
86 236 0
87 122 0
87 150 0
87 204 0
87 214 0
88 113 0
88 154 0
88 173 0
88 185 0
88 186 0
89 106 0
89 163 0
90 216 0
90 223 0
90 240 0
91 136 0
91 234 0
92 113 0
92 137 0
92 218 0
92 226 0
93 97 0
94 198 0
95 225 0
96 132 0
96 227 0
96 243 0
97 106 0
97 220 0
97 247 0
98 196 0
98 218 0
98 234 0
99 228 0
99 231 0
99 232 0
100 129 0
101 114 0
102 131 0
102 184 0
103 144 0
103 157 0
103 169 0
104 195 0
104 241 0
105 128 0
105 149 0
105 207 0
106 140 0
106 221 0
107 152 0
107 205 0
107 229 0
108 183 0
108 250 0
109 182 0
109 215 0
110 165 0
110 203 0
110 211 0
111 143 0
112 190 0
113 123 0
113 156 0
113 200 0
113 244 0
114 189 0
114 194 0
115 192 0
116 147 0
116 197 0
116 221 0
116 231 0
117 147 0
117 168 0
117 236 0
118 185 0
118 190 0
118 222 0
119 126 0
119 195 0
119 198 0
119 225 0
121 198 0
121 219 0
122 135 0
122 140 0
122 146 0
122 166 0
123 184 0
123 191 0
123 237 0
124 126 0
124 132 0
124 157 0
125 217 0
126 247 0
128 177 0
129 141 0
129 146 0
129 159 0
131 199 0
131 229 0
133 242 0
134 249 0
135 188 0
137 189 0
138 205 0
139 171 0
140 164 0
142 167 0
142 202 0
142 235 0
144 187 0
145 161 0
146 162 0
146 177 0
146 218 0
147 163 0
147 205 0
148 217 0
149 239 0
150 243 0
151 176 0
151 204 0
152 192 0
153 159 0
155 161 0
155 170 0
155 197 0
155 248 0
156 157 0
156 187 0
157 212 0
158 186 0
158 233 0
159 196 0
160 242 0
164 187 0
164 198 0
164 242 0
164 249 0
166 178 0
166 197 0
166 216 0
166 245 0
169 217 0
170 191 0
170 209 0
171 183 0
172 193 0
172 213 0
172 231 0
174 236 0
175 198 0
179 201 0
183 210 0
183 211 0
185 219 0
186 217 0
187 238 0
188 219 0
190 242 0
190 246 0
192 231 0
194 211 0
196 198 0
204 206 0
207 238 0
217 239 0
221 246 0
225 244 0
242 244 0
