60 95 0
1 23 0
1 33 0
1 43 0
1 55 0
2 53 0
2 59 0
3 45 0
4 18 0
4 21 0
4 32 0
4 33 0
4 35 0
4 37 0
4 43 0
5 11 0
5 12 0
5 16 0
5 21 0
6 19 0
6 22 0
6 46 0
6 58 0
7 8 0
7 43 0
7 46 0
8 11 0
8 17 0
8 27 0
8 36 0
8 40 0
9 47 0
10 59 0
11 39 0
11 48 0
12 43 0
12 45 0
12 47 0
12 53 0
13 32 0
14 33 0
15 38 0
16 53 0
17 29 0
17 49 0
17 52 0
18 34 0
18 35 0
18 40 0
18 55 0
19 27 0
19 29 0
20 27 0
20 47 0
21 41 0
21 51 0
21 60 0
23 27 0
23 32 0
24 27 0
24 32 0
24 38 0
24 52 0
25 27 0
25 29 0
26 33 0
27 30 0
27 48 0
28 38 0
28 40 0
28 41 0
28 47 0
30 33 0
31 50 0
31 53 0
32 36 0
32 54 0
35 42 0
35 43 0
35 57 0
36 46 0
36 58 0
37 45 0
38 40 0
38 46 0
38 54 0
42 48 0
42 49 0
42 59 0
44 45 0
46 59 0
50 53 0
51 55 0
53 56 0
56 59 0
59 60 0
