700 902 0
1 667 0
2 46 0
2 230 0
2 611 0
2 655 0
3 62 0
3 357 0
3 440 0
3 616 0
3 662 0
3 693 0
4 35 0
5 86 0
5 188 0
5 446 0
5 575 0
6 251 0
6 543 0
6 572 0
6 665 0
7 626 0
8 60 0
8 371 0
8 439 0
8 600 0
9 669 0
10 87 0
10 124 0
10 351 0
10 425 0
10 665 0
11 344 0
11 366 0
11 367 0
11 401 0
11 524 0
11 670 0
12 158 0
12 201 0
12 213 0
12 352 0
12 413 0
13 630 0
14 236 0
14 277 0
14 340 0
14 344 0
14 371 0
15 201 0
15 423 0
15 520 0
15 692 0
16 679 0
17 24 0
17 134 0
17 168 0
17 459 0
18 272 0
19 117 0
19 313 0
19 338 0
19 387 0
20 72 0
20 91 0
20 286 0
20 412 0
20 449 0
20 539 0
21 444 0
21 450 0
21 553 0
21 639 0
22 121 0
22 295 0
22 463 0
22 696 0
23 127 0
23 300 0
23 427 0
23 638 0
24 367 0
24 622 0
25 583 0
26 397 0
27 652 0
28 66 0
28 175 0
28 409 0
28 523 0
28 542 0
29 327 0
30 74 0
30 160 0
30 359 0
31 98 0
31 334 0
31 558 0
32 317 0
33 275 0
33 414 0
33 558 0
33 573 0
33 658 0
34 84 0
34 280 0
34 448 0
34 559 0
34 602 0
35 96 0
35 275 0
35 357 0
35 399 0
35 600 0
36 313 0
36 325 0
36 561 0
36 595 0
37 443 0
38 46 0
38 357 0
38 549 0
38 682 0
39 309 0
39 370 0
39 480 0
39 550 0
40 48 0
40 157 0
40 310 0
41 378 0
42 271 0
42 281 0
42 301 0
42 377 0
42 432 0
43 347 0
44 175 0
44 341 0
44 365 0
44 506 0
44 671 0
45 669 0
46 212 0
46 380 0
46 626 0
47 589 0
48 126 0
48 319 0
48 392 0
48 418 0
48 506 0
48 634 0
49 231 0
50 142 0
50 176 0
50 221 0
51 691 0
52 120 0
53 303 0
53 392 0
53 453 0
53 654 0
54 114 0
55 522 0
56 195 0
57 138 0
57 253 0
57 261 0
57 289 0
57 463 0
58 145 0
59 294 0
60 153 0
60 258 0
60 554 0
60 558 0
61 321 0
63 143 0
63 162 0
63 315 0
63 523 0
63 618 0
64 607 0
65 93 0
65 236 0
65 570 0
65 627 0
66 231 0
66 460 0
67 131 0
67 416 0
67 633 0
67 681 0
68 442 0
69 114 0
70 452 0
71 194 0
72 387 0
72 522 0
73 107 0
73 186 0
73 660 0
74 81 0
74 198 0
74 416 0
74 509 0
75 124 0
75 239 0
75 573 0
75 660 0
76 454 0
77 220 0
77 240 0
77 446 0
77 463 0
78 107 0
78 134 0
78 398 0
78 503 0
78 688 0
79 224 0
79 332 0
79 375 0
79 472 0
80 435 0
82 172 0
82 329 0
82 550 0
82 563 0
83 157 0
83 327 0
83 436 0
84 99 0
84 221 0
84 339 0
85 180 0
85 360 0
85 395 0
85 675 0
87 279 0
87 553 0
88 133 0
89 206 0
90 221 0
90 613 0
90 657 0
91 153 0
91 186 0
92 158 0
92 635 0
92 665 0
93 144 0
93 464 0
93 666 0
94 117 0
94 140 0
94 417 0
94 505 0
94 557 0
94 684 0
95 632 0
97 359 0
98 212 0
98 339 0
98 461 0
99 184 0
99 266 0
99 608 0
100 530 0
101 243 0
102 604 0
103 590 0
104 259 0
104 309 0
104 455 0
104 465 0
104 569 0
105 628 0
106 144 0
106 168 0
106 678 0
107 177 0
107 567 0
107 642 0
107 665 0
108 651 0
109 116 0
109 328 0
109 560 0
109 659 0
110 630 0
111 604 0
112 498 0
113 393 0
114 541 0
114 591 0
115 182 0
115 228 0
115 358 0
115 689 0
117 322 0
118 411 0
119 166 0
120 246 0
120 301 0
120 342 0
121 224 0
121 267 0
121 332 0
121 334 0
121 358 0
121 447 0
121 493 0
122 274 0
122 349 0
122 612 0
122 644 0
123 561 0
124 511 0
125 352 0
125 375 0
125 473 0
125 625 0
125 628 0
125 669 0
126 197 0
126 548 0
128 160 0
128 258 0
128 364 0
128 578 0
129 300 0
129 409 0
129 541 0
129 629 0
129 663 0
130 625 0
132 589 0
133 175 0
133 179 0
133 225 0
133 356 0
134 379 0
135 255 0
136 420 0
137 221 0
138 339 0
138 424 0
138 583 0
139 468 0
140 429 0
140 564 0
140 674 0
140 676 0
141 464 0
142 208 0
142 238 0
142 263 0
142 497 0
144 303 0
144 385 0
144 513 0
145 208 0
145 224 0
145 619 0
146 652 0
147 162 0
147 404 0
147 630 0
148 359 0
149 676 0
150 635 0
151 256 0
152 387 0
153 317 0
153 511 0
153 536 0
154 249 0
154 256 0
154 612 0
155 238 0
156 442 0
157 323 0
157 337 0
157 439 0
157 501 0
158 587 0
158 631 0
159 452 0
160 374 0
160 609 0
161 635 0
162 330 0
162 571 0
162 666 0
162 667 0
163 578 0
164 679 0
165 424 0
166 358 0
166 489 0
166 538 0
166 580 0
167 347 0
168 411 0
168 414 0
168 604 0
168 616 0
169 496 0
170 277 0
170 373 0
170 441 0
170 615 0
171 653 0
173 498 0
174 420 0
174 614 0
174 639 0
175 658 0
176 402 0
176 492 0
176 639 0
178 604 0
179 552 0
179 556 0
179 656 0
181 270 0
183 411 0
185 186 0
185 397 0
185 631 0
186 196 0
186 286 0
186 377 0
186 568 0
187 327 0
189 304 0
190 498 0
191 494 0
192 355 0
193 252 0
193 284 0
193 333 0
193 672 0
194 229 0
194 241 0
194 300 0
194 320 0
195 382 0
195 439 0
195 694 0
197 285 0
197 430 0
197 460 0
197 483 0
197 486 0
197 645 0
199 310 0
200 212 0
200 355 0
200 378 0
200 640 0
200 682 0
201 626 0
202 614 0
203 454 0
204 454 0
204 642 0
204 657 0
205 207 0
205 463 0
205 570 0
206 209 0
206 257 0
206 646 0
206 688 0
207 277 0
207 336 0
207 476 0
208 215 0
208 355 0
208 471 0
210 300 0
210 470 0
210 547 0
210 574 0
211 640 0
212 639 0
214 652 0
215 454 0
215 651 0
216 233 0
217 345 0
218 429 0
219 522 0
221 514 0
222 345 0
222 365 0
222 435 0
223 422 0
223 475 0
223 508 0
223 656 0
224 635 0
226 502 0
227 250 0
227 255 0
227 398 0
227 478 0
227 503 0
227 678 0
231 303 0
231 517 0
231 563 0
231 660 0
232 243 0
233 324 0
233 516 0
233 520 0
233 697 0
234 556 0
235 355 0
236 676 0
237 278 0
238 403 0
238 618 0
238 662 0
239 320 0
239 363 0
239 473 0
239 665 0
239 687 0
241 256 0
241 424 0
242 556 0
243 622 0
243 698 0
244 614 0
245 522 0
247 344 0
247 352 0
247 369 0
247 557 0
247 690 0
248 552 0
249 395 0
249 482 0
249 493 0
249 523 0
250 334 0
250 352 0
250 662 0
251 452 0
251 454 0
251 502 0
254 394 0
255 489 0
255 598 0
256 354 0
256 600 0
257 589 0
257 696 0
258 259 0
258 527 0
258 587 0
259 270 0
259 494 0
259 549 0
260 270 0
260 353 0
260 355 0
260 542 0
262 637 0
263 653 0
263 679 0
264 400 0
264 543 0
264 647 0
264 668 0
265 295 0
265 550 0
265 640 0
267 272 0
267 308 0
267 317 0
268 304 0
268 340 0
268 556 0
268 674 0
269 595 0
270 285 0
270 319 0
270 555 0
272 491 0
272 592 0
273 625 0
275 310 0
276 497 0
277 313 0
277 596 0
278 279 0
278 309 0
278 548 0
278 617 0
279 326 0
279 602 0
282 537 0
283 436 0
284 339 0
284 493 0
284 570 0
284 632 0
284 653 0
285 550 0
286 435 0
286 461 0
287 330 0
288 295 0
288 359 0
288 497 0
288 666 0
290 635 0
291 393 0
292 410 0
293 404 0
294 335 0
294 365 0
294 622 0
294 695 0
295 386 0
295 391 0
295 565 0
296 322 0
297 355 0
298 397 0
299 696 0
301 549 0
301 606 0
301 613 0
302 345 0
303 564 0
304 324 0
304 579 0
304 586 0
305 632 0
306 330 0
307 312 0
308 428 0
308 457 0
308 602 0
308 642 0
310 650 0
310 660 0
311 657 0
312 358 0
312 481 0
312 507 0
313 392 0
313 663 0
314 424 0
314 660 0
314 674 0
316 364 0
317 390 0
317 568 0
317 610 0
318 561 0
319 471 0
320 424 0
321 405 0
321 431 0
321 543 0
322 371 0
322 456 0
324 628 0
325 388 0
325 504 0
325 553 0
325 601 0
325 678 0
326 375 0
326 521 0
326 533 0
326 539 0
326 548 0
327 527 0
327 603 0
328 393 0
328 468 0
328 606 0
330 458 0
331 657 0
332 602 0
334 602 0
334 663 0
338 438 0
338 550 0
338 680 0
340 361 0
340 426 0
343 435 0
345 571 0
345 585 0
345 639 0
346 436 0
347 472 0
347 584 0
347 688 0
348 410 0
350 607 0
353 486 0
353 622 0
353 642 0
357 381 0
359 562 0
362 596 0
364 531 0
364 700 0
365 523 0
367 502 0
367 520 0
368 637 0
369 651 0
369 657 0
371 407 0
371 593 0
372 679 0
375 489 0
376 637 0
377 667 0
378 383 0
378 605 0
379 543 0
379 610 0
379 614 0
380 497 0
380 613 0
381 424 0
381 651 0
384 593 0
386 442 0
386 511 0
387 462 0
387 629 0
389 454 0
392 465 0
392 652 0
393 433 0
394 466 0
394 548 0
394 661 0
395 461 0
395 691 0
396 503 0
397 527 0
397 618 0
397 649 0
398 667 0
401 443 0
401 573 0
401 637 0
404 535 0
404 688 0
406 468 0
407 505 0
407 568 0
407 636 0
408 606 0
408 630 0
408 663 0
409 550 0
410 475 0
410 664 0
411 484 0
414 520 0
414 620 0
415 667 0
416 498 0
416 606 0
419 471 0
420 520 0
420 534 0
421 561 0
424 505 0
424 546 0
429 472 0
429 557 0
429 599 0
429 650 0
434 595 0
436 541 0
437 503 0
439 496 0
442 620 0
443 447 0
443 643 0
445 552 0
446 537 0
446 539 0
446 554 0
447 556 0
451 530 0
452 576 0
454 700 0
460 552 0
460 651 0
460 658 0
461 475 0
461 542 0
461 563 0
464 519 0
464 529 0
465 553 0
465 587 0
467 626 0
468 488 0
469 494 0
471 543 0
471 566 0
473 578 0
474 578 0
475 598 0
475 630 0
477 583 0
478 495 0
478 518 0
478 551 0
478 631 0
479 537 0
485 544 0
486 640 0
487 669 0
490 502 0
491 657 0
494 500 0
496 510 0
496 686 0
497 532 0
497 673 0
499 625 0
506 626 0
511 581 0
511 612 0
511 624 0
512 530 0
515 596 0
520 656 0
522 629 0
525 607 0
526 691 0
527 590 0
527 682 0
528 613 0
530 629 0
536 572 0
536 596 0
537 582 0
540 676 0
541 607 0
544 564 0
544 600 0
544 699 0
545 632 0
548 658 0
550 674 0
554 660 0
554 688 0
556 570 0
556 621 0
558 572 0
571 628 0
572 606 0
572 666 0
573 612 0
573 622 0
577 613 0
583 610 0
587 667 0
588 590 0
589 660 0
590 677 0
593 631 0
593 683 0
593 685 0
594 691 0
595 641 0
597 696 0
598 640 0
601 640 0
601 666 0
610 691 0
612 696 0
614 620 0
616 676 0
620 679 0
623 640 0
632 650 0
648 653 0
651 678 0
657 662 0
662 700 0
663 674 0
