40 81 0
1 4 0
1 6 0
1 21 0
1 23 0
1 33 0
1 36 0
2 25 0
3 20 0
3 37 0
4 7 0
4 8 0
4 10 0
4 11 0
4 24 0
4 31 0
4 34 0
5 23 0
5 25 0
6 15 0
6 35 0
6 40 0
7 13 0
7 35 0
7 36 0
8 11 0
8 17 0
8 18 0
8 28 0
8 32 0
9 12 0
9 23 0
9 34 0
9 38 0
10 37 0
11 15 0
11 31 0
12 19 0
12 31 0
13 19 0
13 21 0
13 26 0
13 30 0
13 37 0
13 39 0
14 15 0
15 19 0
15 26 0
15 39 0
16 31 0
17 21 0
18 24 0
18 28 0
18 33 0
18 34 0
19 20 0
19 35 0
20 31 0
20 39 0
21 22 0
21 24 0
21 26 0
21 40 0
22 24 0
23 32 0
24 30 0
24 35 0
24 39 0
25 28 0
25 34 0
26 28 0
26 35 0
27 30 0
29 31 0
29 33 0
30 36 0
31 32 0
32 33 0
33 37 0
34 37 0
35 39 0
37 40 0
