700 902 0
1 190 0
1 246 0
1 427 0
1 612 0
2 576 0
3 324 0
3 651 0
3 690 0
4 211 0
5 55 0
5 58 0
5 199 0
5 245 0
5 367 0
5 581 0
6 72 0
6 419 0
6 439 0
7 138 0
7 156 0
7 226 0
7 234 0
7 289 0
7 483 0
7 586 0
7 693 0
8 179 0
9 53 0
10 46 0
10 343 0
10 475 0
10 545 0
11 660 0
12 667 0
13 223 0
14 51 0
15 375 0
16 25 0
16 128 0
16 130 0
16 429 0
17 133 0
17 184 0
17 274 0
17 673 0
18 200 0
18 354 0
18 515 0
18 592 0
19 259 0
19 336 0
19 488 0
19 531 0
20 44 0
20 119 0
20 263 0
20 658 0
21 193 0
22 80 0
22 517 0
22 635 0
22 647 0
23 126 0
23 310 0
23 387 0
23 474 0
24 265 0
24 316 0
24 414 0
24 440 0
24 590 0
24 622 0
25 272 0
25 562 0
25 700 0
26 655 0
27 111 0
27 284 0
27 314 0
28 74 0
29 386 0
30 426 0
30 476 0
30 657 0
30 695 0
31 334 0
31 396 0
31 631 0
32 694 0
33 115 0
34 91 0
35 176 0
36 200 0
36 237 0
36 322 0
36 466 0
36 523 0
37 497 0
38 131 0
38 289 0
38 309 0
38 526 0
38 598 0
39 399 0
40 387 0
41 649 0
42 54 0
43 511 0
44 271 0
44 324 0
44 416 0
45 158 0
47 393 0
48 525 0
49 284 0
49 330 0
49 402 0
49 570 0
49 619 0
50 312 0
50 491 0
50 648 0
50 682 0
51 188 0
51 276 0
51 313 0
51 380 0
52 147 0
52 186 0
52 475 0
52 492 0
52 653 0
53 132 0
53 506 0
53 586 0
54 228 0
54 332 0
54 425 0
54 476 0
54 604 0
54 653 0
55 284 0
55 645 0
56 357 0
56 421 0
56 539 0
56 616 0
57 354 0
57 397 0
57 487 0
57 512 0
59 649 0
60 281 0
61 587 0
62 418 0
63 344 0
63 474 0
63 569 0
63 651 0
64 73 0
64 256 0
64 637 0
65 364 0
66 569 0
67 588 0
68 407 0
69 618 0
70 144 0
70 302 0
70 306 0
70 406 0
71 79 0
72 137 0
72 380 0
72 597 0
72 691 0
73 101 0
73 262 0
73 547 0
73 549 0
74 185 0
74 265 0
74 365 0
74 584 0
75 120 0
75 171 0
75 186 0
75 554 0
75 645 0
76 177 0
76 309 0
76 409 0
76 414 0
76 456 0
76 672 0
76 697 0
77 288 0
78 154 0
79 234 0
79 479 0
79 505 0
81 147 0
82 322 0
83 186 0
83 444 0
83 461 0
83 545 0
83 596 0
84 436 0
85 200 0
86 404 0
87 254 0
87 350 0
87 592 0
87 627 0
87 656 0
88 466 0
89 387 0
90 127 0
90 371 0
90 396 0
90 415 0
90 645 0
91 125 0
91 238 0
91 336 0
91 410 0
91 429 0
91 634 0
92 445 0
93 324 0
94 401 0
95 179 0
96 352 0
97 439 0
98 112 0
98 133 0
98 178 0
98 201 0
98 226 0
99 690 0
100 179 0
101 203 0
101 296 0
101 688 0
102 363 0
103 108 0
103 169 0
103 344 0
103 603 0
104 448 0
105 481 0
106 144 0
106 214 0
106 561 0
106 620 0
107 137 0
107 332 0
107 336 0
107 398 0
108 113 0
108 133 0
108 333 0
108 429 0
109 211 0
110 553 0
111 160 0
111 172 0
111 441 0
111 458 0
111 563 0
111 644 0
112 223 0
112 504 0
112 655 0
114 220 0
114 438 0
114 503 0
114 603 0
115 206 0
115 453 0
115 602 0
116 153 0
117 351 0
118 232 0
121 280 0
122 466 0
123 153 0
123 393 0
123 433 0
123 551 0
124 243 0
126 181 0
126 493 0
126 533 0
127 176 0
127 538 0
127 624 0
128 143 0
128 237 0
128 281 0
128 303 0
128 619 0
129 232 0
130 377 0
130 390 0
130 543 0
130 617 0
133 515 0
133 596 0
134 498 0
135 354 0
135 393 0
135 418 0
136 285 0
137 379 0
137 439 0
138 144 0
138 286 0
138 301 0
138 552 0
139 285 0
139 455 0
139 684 0
140 243 0
140 525 0
140 652 0
141 178 0
141 605 0
141 649 0
142 335 0
143 187 0
143 469 0
143 590 0
144 590 0
145 690 0
146 193 0
147 248 0
147 295 0
147 539 0
148 455 0
149 256 0
150 419 0
151 183 0
151 297 0
151 348 0
151 487 0
152 684 0
153 435 0
153 440 0
153 443 0
153 589 0
154 168 0
154 261 0
154 388 0
154 537 0
155 302 0
156 381 0
156 642 0
157 363 0
158 168 0
158 175 0
158 368 0
158 482 0
158 647 0
159 300 0
159 396 0
159 477 0
159 545 0
159 642 0
160 251 0
160 323 0
160 642 0
161 322 0
162 578 0
162 596 0
162 642 0
163 251 0
164 386 0
165 386 0
166 439 0
167 169 0
167 245 0
167 598 0
167 675 0
168 355 0
169 261 0
169 370 0
169 478 0
169 602 0
170 448 0
172 228 0
172 288 0
173 200 0
174 651 0
176 639 0
176 666 0
178 189 0
178 252 0
178 450 0
178 587 0
179 268 0
180 211 0
182 595 0
183 196 0
183 207 0
183 435 0
183 514 0
183 533 0
186 640 0
189 310 0
189 640 0
190 305 0
190 660 0
190 685 0
191 618 0
192 306 0
193 261 0
193 412 0
193 566 0
193 639 0
194 424 0
195 296 0
196 371 0
196 498 0
197 203 0
198 348 0
198 602 0
198 652 0
200 409 0
201 235 0
201 399 0
202 219 0
203 346 0
203 483 0
204 225 0
204 279 0
204 560 0
204 598 0
205 375 0
208 660 0
209 297 0
210 552 0
211 682 0
212 395 0
213 694 0
215 431 0
216 538 0
217 319 0
218 314 0
218 407 0
218 433 0
218 523 0
218 684 0
219 264 0
219 332 0
219 422 0
221 335 0
222 252 0
223 626 0
223 669 0
224 466 0
226 257 0
226 487 0
226 489 0
226 631 0
227 348 0
228 515 0
228 675 0
229 252 0
230 652 0
231 678 0
232 692 0
232 697 0
233 450 0
234 561 0
235 285 0
235 364 0
235 455 0
235 679 0
236 605 0
237 284 0
237 567 0
239 684 0
240 249 0
240 305 0
240 418 0
240 652 0
241 344 0
242 381 0
243 255 0
243 284 0
243 528 0
244 404 0
245 637 0
247 300 0
247 410 0
247 425 0
247 510 0
247 530 0
247 557 0
248 387 0
248 404 0
249 250 0
249 389 0
249 596 0
249 634 0
251 282 0
251 467 0
251 485 0
252 269 0
253 286 0
256 385 0
256 645 0
257 293 0
257 595 0
258 457 0
258 529 0
258 545 0
258 564 0
260 424 0
261 341 0
265 351 0
265 487 0
265 630 0
266 569 0
267 512 0
268 302 0
268 335 0
268 433 0
270 515 0
271 509 0
271 593 0
271 641 0
273 640 0
274 545 0
274 624 0
275 512 0
277 308 0
277 371 0
277 384 0
277 606 0
277 686 0
278 553 0
279 337 0
279 395 0
279 481 0
280 313 0
280 391 0
280 462 0
281 555 0
281 633 0
283 431 0
284 600 0
285 341 0
286 331 0
286 577 0
287 454 0
288 537 0
288 579 0
288 599 0
289 449 0
289 533 0
289 605 0
289 678 0
290 397 0
291 355 0
292 409 0
292 538 0
292 693 0
293 356 0
293 585 0
293 602 0
294 344 0
295 320 0
295 399 0
295 596 0
296 417 0
296 677 0
297 376 0
297 392 0
297 534 0
298 398 0
298 412 0
298 561 0
298 617 0
299 576 0
300 404 0
300 432 0
300 540 0
300 553 0
300 658 0
301 423 0
301 520 0
301 662 0
302 535 0
302 668 0
302 670 0
303 478 0
303 523 0
303 606 0
304 310 0
304 397 0
304 610 0
305 479 0
305 582 0
306 492 0
306 696 0
307 575 0
309 398 0
310 320 0
310 405 0
310 473 0
311 481 0
313 362 0
313 667 0
314 327 0
314 601 0
314 654 0
315 418 0
317 406 0
318 578 0
319 415 0
319 697 0
319 699 0
320 667 0
321 364 0
322 463 0
322 659 0
323 411 0
323 430 0
323 683 0
324 581 0
324 653 0
325 637 0
326 497 0
326 498 0
326 640 0
326 675 0
328 655 0
329 618 0
332 381 0
334 416 0
334 433 0
334 520 0
334 675 0
335 391 0
335 680 0
336 482 0
336 578 0
337 458 0
337 492 0
337 582 0
337 697 0
338 395 0
339 403 0
340 685 0
341 577 0
342 445 0
343 416 0
343 642 0
344 489 0
344 629 0
345 380 0
345 438 0
345 460 0
345 676 0
347 363 0
348 477 0
348 628 0
349 524 0
351 441 0
351 540 0
352 592 0
352 657 0
352 698 0
353 624 0
354 394 0
354 521 0
355 367 0
355 636 0
358 524 0
359 610 0
360 552 0
361 432 0
361 621 0
361 642 0
361 650 0
362 438 0
362 537 0
362 567 0
363 613 0
363 658 0
364 378 0
365 399 0
365 524 0
366 553 0
367 419 0
367 675 0
369 678 0
371 525 0
371 595 0
372 397 0
373 667 0
374 468 0
374 516 0
374 532 0
374 586 0
375 408 0
375 468 0
375 476 0
375 613 0
378 414 0
378 557 0
379 428 0
379 500 0
379 584 0
381 392 0
382 637 0
383 393 0
386 492 0
387 464 0
391 477 0
391 602 0
392 435 0
393 591 0
395 630 0
396 567 0
396 622 0
397 518 0
398 469 0
398 474 0
398 631 0
399 420 0
399 562 0
400 481 0
401 410 0
401 501 0
401 625 0
401 645 0
403 548 0
403 561 0
403 572 0
404 559 0
406 440 0
406 489 0
406 671 0
406 682 0
407 434 0
407 459 0
407 570 0
409 559 0
409 572 0
409 610 0
412 690 0
412 694 0
413 504 0
414 478 0
414 619 0
415 445 0
416 613 0
416 682 0
418 558 0
419 443 0
419 550 0
419 681 0
424 438 0
424 442 0
424 622 0
425 539 0
431 470 0
431 537 0
432 537 0
435 539 0
436 479 0
436 499 0
436 508 0
437 439 0
438 630 0
441 622 0
443 645 0
445 463 0
445 495 0
445 586 0
446 587 0
447 448 0
448 479 0
449 537 0
449 587 0
450 513 0
450 519 0
451 568 0
452 551 0
454 492 0
454 563 0
454 621 0
454 689 0
455 559 0
455 609 0
455 683 0
458 610 0
463 639 0
463 651 0
465 569 0
466 577 0
467 487 0
467 651 0
468 640 0
469 652 0
471 694 0
472 486 0
474 589 0
474 657 0
475 476 0
478 576 0
480 655 0
481 520 0
482 624 0
483 499 0
483 631 0
484 610 0
486 494 0
486 581 0
486 617 0
486 641 0
486 668 0
489 540 0
490 588 0
495 553 0
495 578 0
496 504 0
497 499 0
497 544 0
497 634 0
498 608 0
502 551 0
504 522 0
504 598 0
507 684 0
511 574 0
511 623 0
511 642 0
512 589 0
512 594 0
524 606 0
524 646 0
524 657 0
525 607 0
525 663 0
527 574 0
536 685 0
538 687 0
539 588 0
539 679 0
541 605 0
542 595 0
546 568 0
551 693 0
552 556 0
557 569 0
557 600 0
561 618 0
562 575 0
562 675 0
563 697 0
565 568 0
567 688 0
568 656 0
570 678 0
571 574 0
572 640 0
573 576 0
574 661 0
575 583 0
575 674 0
576 647 0
577 584 0
577 596 0
580 600 0
582 631 0
582 641 0
582 679 0
586 621 0
586 693 0
588 664 0
595 665 0
600 638 0
602 679 0
610 617 0
610 683 0
611 651 0
613 637 0
614 640 0
615 685 0
624 643 0
632 660 0
647 688 0
649 656 0
649 671 0
656 688 0
668 694 0
671 679 0
