1000 1191 0
1 8 0
2 505 0
3 111 0
3 278 0
3 430 0
3 568 0
4 453 0
4 495 0
4 793 0
5 190 0
5 249 0
5 721 0
5 808 0
6 99 0
7 14 0
7 551 0
7 789 0
8 731 0
8 838 0
8 958 0
9 590 0
10 899 0
11 539 0
12 180 0
12 667 0
12 929 0
12 946 0
13 275 0
13 621 0
13 643 0
13 929 0
14 72 0
14 365 0
14 646 0
15 530 0
16 119 0
16 145 0
16 265 0
16 524 0
16 693 0
16 744 0
17 335 0
17 595 0
17 681 0
18 544 0
19 843 0
20 82 0
20 83 0
20 704 0
20 891 0
20 968 0
21 253 0
21 294 0
21 691 0
21 786 0
22 134 0
22 205 0
22 786 0
22 857 0
23 740 0
24 487 0
25 194 0
26 326 0
27 369 0
27 519 0
27 721 0
27 896 0
28 292 0
29 38 0
29 135 0
29 572 0
29 824 0
30 227 0
30 252 0
30 273 0
30 352 0
31 425 0
32 73 0
32 420 0
32 693 0
32 742 0
33 598 0
34 251 0
35 150 0
35 253 0
35 614 0
35 809 0
35 919 0
36 107 0
36 249 0
36 423 0
36 646 0
36 890 0
37 969 0
39 419 0
40 574 0
41 573 0
42 108 0
42 371 0
42 888 0
42 924 0
43 398 0
43 403 0
43 527 0
43 811 0
44 174 0
44 620 0
44 717 0
44 732 0
45 635 0
46 359 0
47 432 0
48 458 0
48 615 0
48 982 0
49 336 0
49 473 0
49 483 0
49 641 0
49 650 0
50 64 0
51 64 0
52 448 0
52 626 0
52 800 0
52 915 0
53 474 0
54 172 0
54 304 0
54 500 0
54 699 0
55 474 0
56 218 0
56 862 0
56 886 0
57 188 0
57 239 0
57 433 0
57 629 0
58 565 0
59 635 0
60 311 0
60 514 0
60 586 0
60 806 0
60 871 0
61 603 0
62 330 0
62 460 0
62 553 0
62 968 0
63 590 0
64 605 0
64 980 0
65 843 0
66 100 0
66 415 0
66 426 0
66 777 0
67 104 0
67 281 0
67 725 0
67 932 0
68 74 0
68 172 0
68 648 0
68 981 0
69 151 0
70 720 0
71 113 0
71 147 0
71 604 0
71 608 0
71 827 0
73 652 0
73 728 0
73 852 0
74 166 0
74 208 0
74 885 0
75 966 0
76 576 0
77 940 0
78 727 0
79 148 0
79 189 0
79 403 0
79 930 0
80 996 0
81 355 0
82 492 0
82 826 0
84 541 0
84 562 0
84 736 0
84 997 0
84 999 0
85 593 0
86 466 0
86 501 0
86 728 0
87 379 0
88 364 0
88 842 0
88 981 0
89 271 0
90 331 0
90 492 0
90 509 0
90 557 0
90 592 0
90 719 0
91 871 0
92 483 0
93 479 0
93 542 0
93 681 0
94 489 0
94 617 0
94 902 0
94 963 0
95 331 0
95 443 0
95 636 0
95 700 0
95 764 0
96 593 0
97 167 0
97 249 0
97 273 0
97 707 0
98 167 0
98 185 0
98 827 0
98 875 0
99 468 0
99 533 0
99 976 0
100 142 0
100 290 0
100 542 0
100 873 0
101 213 0
101 363 0
101 528 0
102 708 0
103 127 0
104 856 0
104 950 0
105 883 0
106 125 0
107 157 0
107 213 0
107 530 0
109 871 0
110 634 0
112 720 0
114 348 0
114 389 0
114 684 0
114 807 0
115 287 0
115 382 0
115 576 0
115 815 0
116 906 0
117 990 0
118 297 0
119 495 0
119 615 0
119 829 0
120 188 0
121 358 0
122 442 0
122 678 0
122 769 0
122 790 0
123 413 0
124 560 0
125 286 0
125 441 0
125 867 0
126 272 0
127 163 0
127 410 0
127 853 0
128 179 0
128 775 0
128 938 0
128 994 0
129 319 0
130 218 0
131 672 0
132 793 0
133 272 0
133 420 0
133 551 0
133 584 0
133 629 0
134 158 0
134 619 0
134 628 0
134 920 0
136 952 0
137 542 0
137 560 0
137 586 0
137 681 0
138 612 0
139 182 0
139 273 0
139 417 0
139 907 0
140 806 0
141 633 0
141 651 0
141 654 0
141 773 0
142 194 0
142 943 0
143 515 0
143 573 0
143 683 0
144 706 0
145 324 0
145 672 0
145 870 0
146 167 0
146 276 0
146 504 0
146 508 0
149 810 0
151 265 0
151 386 0
151 644 0
152 466 0
153 956 0
154 342 0
154 354 0
154 533 0
154 966 0
155 325 0
155 493 0
155 564 0
155 650 0
155 800 0
156 457 0
157 246 0
157 744 0
157 794 0
157 849 0
159 547 0
160 213 0
161 336 0
162 355 0
162 647 0
162 682 0
162 990 0
164 170 0
164 359 0
164 474 0
164 495 0
165 565 0
167 319 0
167 431 0
168 940 0
169 727 0
170 209 0
170 295 0
170 510 0
171 188 0
172 597 0
172 800 0
173 205 0
173 262 0
173 761 0
173 844 0
175 629 0
176 447 0
176 684 0
176 752 0
176 935 0
177 869 0
178 368 0
178 455 0
178 726 0
178 777 0
181 319 0
183 431 0
183 449 0
183 684 0
183 822 0
183 995 0
184 843 0
186 271 0
187 756 0
188 580 0
188 617 0
188 917 0
190 581 0
190 592 0
190 965 0
190 983 0
191 391 0
192 299 0
192 593 0
192 983 0
193 852 0
194 231 0
194 528 0
195 430 0
195 437 0
195 619 0
195 754 0
196 316 0
196 753 0
196 780 0
197 629 0
198 216 0
198 416 0
198 424 0
198 486 0
199 511 0
200 394 0
200 539 0
200 763 0
201 445 0
201 754 0
201 890 0
201 959 0
202 299 0
203 287 0
204 359 0
205 655 0
205 874 0
205 962 0
205 1000 0
206 440 0
207 360 0
210 347 0
210 467 0
210 731 0
210 895 0
211 996 0
212 277 0
213 366 0
214 293 0
214 402 0
214 404 0
215 573 0
216 561 0
216 595 0
216 884 0
217 272 0
218 541 0
218 710 0
218 978 0
219 940 0
220 714 0
221 785 0
222 294 0
222 409 0
222 724 0
222 979 0
223 326 0
224 742 0
225 789 0
226 413 0
228 274 0
228 284 0
228 345 0
228 709 0
228 714 0
229 299 0
230 696 0
232 440 0
233 311 0
233 355 0
233 756 0
234 551 0
235 293 0
235 478 0
235 487 0
235 823 0
236 394 0
237 831 0
238 813 0
239 332 0
239 789 0
240 536 0
240 615 0
240 666 0
241 783 0
242 874 0
243 823 0
244 612 0
245 648 0
247 526 0
248 683 0
249 982 0
250 264 0
251 259 0
251 349 0
251 690 0
251 929 0
253 681 0
254 1000 0
255 660 0
256 753 0
257 323 0
258 534 0
258 555 0
258 729 0
258 797 0
258 918 0
260 770 0
261 343 0
262 394 0
262 565 0
262 634 0
263 936 0
264 308 0
264 781 0
264 792 0
264 886 0
265 413 0
265 816 0
265 837 0
266 737 0
267 612 0
268 740 0
269 373 0
270 635 0
271 905 0
271 924 0
272 849 0
272 912 0
273 496 0
273 650 0
274 476 0
274 625 0
274 739 0
274 800 0
277 349 0
277 669 0
277 819 0
279 576 0
280 647 0
282 491 0
282 574 0
282 682 0
282 947 0
282 996 0
283 692 0
284 647 0
284 652 0
285 304 0
287 465 0
287 719 0
287 934 0
288 500 0
289 904 0
290 393 0
290 441 0
290 567 0
290 653 0
290 970 0
291 484 0
291 602 0
291 725 0
291 850 0
292 434 0
292 774 0
292 844 0
293 335 0
293 947 0
294 456 0
294 887 0
296 299 0
297 494 0
297 679 0
297 808 0
298 404 0
299 564 0
299 583 0
299 600 0
300 765 0
301 603 0
302 402 0
302 421 0
302 765 0
302 795 0
303 360 0
304 631 0
304 864 0
304 892 0
305 955 0
306 404 0
307 780 0
309 358 0
310 474 0
311 639 0
311 848 0
311 989 0
312 364 0
313 561 0
314 681 0
315 413 0
316 345 0
316 518 0
316 844 0
317 483 0
318 373 0
319 705 0
320 728 0
321 332 0
321 432 0
321 727 0
321 815 0
322 765 0
323 397 0
323 423 0
323 540 0
323 588 0
324 575 0
324 743 0
324 909 0
326 405 0
326 779 0
326 886 0
327 590 0
328 826 0
329 551 0
331 535 0
332 350 0
332 977 0
333 429 0
333 789 0
333 793 0
334 435 0
335 408 0
335 546 0
335 738 0
335 795 0
336 414 0
336 921 0
337 906 0
338 981 0
339 560 0
340 542 0
341 408 0
342 344 0
342 362 0
342 669 0
342 796 0
343 381 0
343 572 0
343 689 0
345 899 0
346 683 0
349 425 0
350 567 0
350 708 0
351 483 0
352 433 0
352 790 0
352 850 0
353 648 0
354 592 0
354 706 0
355 472 0
355 661 0
356 571 0
357 869 0
358 636 0
358 749 0
359 376 0
359 602 0
360 732 0
360 927 0
361 590 0
361 603 0
361 804 0
361 940 0
363 488 0
363 595 0
363 756 0
363 816 0
363 904 0
364 378 0
364 501 0
364 631 0
364 771 0
367 870 0
370 720 0
372 965 0
373 441 0
373 502 0
374 837 0
375 598 0
377 806 0
379 579 0
379 859 0
379 934 0
379 968 0
380 955 0
382 493 0
382 546 0
382 677 0
382 834 0
383 672 0
384 810 0
385 440 0
387 692 0
388 581 0
390 492 0
390 536 0
390 583 0
390 636 0
391 462 0
391 669 0
391 674 0
392 545 0
394 400 0
395 458 0
395 584 0
395 763 0
395 786 0
395 950 0
396 992 0
397 419 0
397 967 0
399 640 0
401 561 0
401 648 0
401 862 0
402 452 0
402 577 0
402 701 0
403 795 0
403 831 0
404 654 0
404 872 0
406 419 0
407 505 0
408 446 0
408 659 0
410 660 0
410 805 0
410 846 0
410 887 0
411 511 0
412 565 0
418 464 0
419 698 0
419 972 0
420 438 0
420 753 0
421 550 0
421 556 0
421 908 0
422 894 0
423 457 0
423 862 0
425 592 0
425 767 0
425 938 0
427 791 0
428 458 0
428 591 0
428 595 0
428 795 0
429 531 0
429 534 0
429 835 0
430 435 0
430 742 0
431 438 0
431 603 0
432 507 0
432 751 0
433 646 0
433 703 0
433 985 0
435 782 0
435 914 0
436 965 0
437 458 0
437 709 0
437 804 0
438 1000 0
439 737 0
440 572 0
441 444 0
441 763 0
444 820 0
444 883 0
450 533 0
450 570 0
450 967 0
451 622 0
452 648 0
452 992 0
453 609 0
453 752 0
453 833 0
453 945 0
454 561 0
456 630 0
456 865 0
456 900 0
457 941 0
457 953 0
459 496 0
461 660 0
463 785 0
464 485 0
464 721 0
464 973 0
465 674 0
465 965 0
466 587 0
466 662 0
466 707 0
469 842 0
470 666 0
471 738 0
473 580 0
473 601 0
473 821 0
473 825 0
475 883 0
476 629 0
476 785 0
476 818 0
477 770 0
478 634 0
478 765 0
479 597 0
479 669 0
479 725 0
479 999 0
480 696 0
481 584 0
481 648 0
481 831 0
482 952 0
483 947 0
487 630 0
487 745 0
487 844 0
487 901 0
488 569 0
488 851 0
488 882 0
490 810 0
492 630 0
492 652 0
492 708 0
493 783 0
493 850 0
493 962 0
495 732 0
495 777 0
496 898 0
496 944 0
497 823 0
498 512 0
498 540 0
498 559 0
498 688 0
498 972 0
499 1000 0
500 715 0
500 735 0
501 571 0
501 709 0
501 936 0
503 561 0
504 731 0
504 966 0
505 596 0
505 762 0
506 936 0
511 636 0
511 686 0
513 791 0
514 654 0
514 666 0
515 540 0
515 599 0
515 707 0
515 846 0
516 806 0
517 671 0
520 870 0
521 728 0
522 755 0
523 623 0
523 773 0
523 792 0
523 942 0
523 997 0
524 652 0
524 887 0
525 660 0
526 528 0
526 657 0
526 711 0
528 584 0
528 823 0
529 535 0
530 680 0
530 798 0
532 847 0
533 623 0
533 641 0
533 843 0
533 949 0
533 997 0
534 591 0
534 852 0
535 583 0
535 618 0
535 846 0
535 905 0
536 682 0
536 887 0
536 982 0
537 862 0
538 856 0
539 628 0
539 713 0
539 754 0
541 674 0
541 849 0
541 890 0
541 949 0
542 918 0
543 755 0
544 570 0
544 658 0
544 830 0
545 649 0
545 702 0
545 721 0
546 629 0
547 632 0
547 817 0
547 913 0
548 770 0
549 785 0
551 600 0
552 949 0
554 793 0
558 714 0
560 579 0
560 916 0
563 883 0
564 763 0
565 567 0
566 593 0
566 622 0
566 815 0
566 956 0
567 990 0
570 829 0
570 842 0
570 894 0
571 663 0
571 781 0
572 950 0
573 857 0
573 931 0
574 880 0
574 923 0
576 778 0
578 943 0
579 810 0
580 894 0
581 674 0
581 910 0
581 939 0
582 894 0
583 813 0
584 938 0
585 699 0
586 752 0
586 761 0
586 779 0
589 949 0
590 602 0
591 684 0
591 968 0
593 638 0
594 805 0
595 929 0
597 615 0
597 971 0
598 776 0
598 779 0
600 647 0
602 937 0
605 728 0
605 780 0
605 908 0
605 950 0
606 952 0
607 969 0
608 804 0
608 826 0
608 869 0
609 628 0
609 763 0
609 789 0
609 969 0
610 692 0
610 940 0
610 966 0
611 813 0
612 790 0
613 699 0
615 761 0
616 884 0
617 666 0
617 971 0
619 810 0
619 906 0
622 741 0
622 832 0
623 823 0
624 956 0
627 840 0
631 753 0
631 827 0
634 993 0
635 693 0
636 713 0
637 655 0
640 668 0
640 762 0
640 818 0
640 962 0
641 857 0
641 908 0
641 982 0
642 647 0
645 990 0
646 753 0
647 889 0
650 873 0
652 797 0
654 740 0
654 971 0
655 734 0
655 768 0
656 791 0
664 967 0
665 949 0
668 874 0
668 956 0
670 759 0
671 790 0
671 873 0
671 925 0
672 960 0
673 906 0
675 992 0
676 965 0
681 948 0
682 696 0
683 861 0
683 978 0
685 740 0
687 987 0
692 777 0
692 937 0
693 793 0
693 992 0
694 813 0
695 943 0
696 954 0
697 699 0
706 754 0
706 788 0
707 720 0
708 881 0
708 975 0
709 792 0
709 809 0
712 793 0
713 815 0
714 809 0
714 905 0
714 918 0
716 820 0
718 826 0
719 987 0
722 852 0
723 738 0
723 823 0
723 871 0
725 820 0
727 803 0
730 943 0
731 887 0
731 987 0
732 847 0
733 805 0
737 924 0
737 991 0
738 876 0
738 878 0
742 964 0
744 840 0
746 847 0
747 981 0
748 904 0
750 862 0
752 797 0
755 757 0
755 792 0
756 802 0
758 899 0
759 787 0
759 812 0
759 857 0
760 789 0
761 815 0
762 899 0
762 971 0
763 790 0
765 868 0
766 884 0
770 817 0
772 831 0
773 806 0
779 840 0
780 854 0
780 911 0
781 966 0
783 845 0
783 857 0
783 951 0
784 992 0
785 808 0
789 799 0
791 978 0
801 884 0
804 924 0
805 816 0
808 967 0
809 818 0
809 955 0
813 886 0
814 842 0
817 829 0
817 856 0
820 836 0
823 877 0
828 936 0
829 972 0
837 897 0
837 957 0
839 899 0
840 903 0
841 996 0
847 986 0
852 928 0
855 955 0
856 863 0
856 988 0
858 862 0
860 874 0
866 969 0
869 998 0
870 933 0
874 974 0
879 983 0
883 938 0
893 983 0
904 922 0
926 987 0
934 967 0
937 972 0
943 999 0
950 978 0
952 972 0
961 987 0
966 999 0
981 984 0
