500 534 0
1 391 0
2 13 0
3 293 0
4 237 0
5 24 0
6 450 0
7 267 0
8 152 0
8 404 0
9 78 0
10 103 0
10 178 0
11 340 0
12 90 0
13 303 0
13 331 0
13 424 0
14 391 0
15 148 0
16 63 0
16 229 0
16 267 0
16 293 0
17 146 0
17 369 0
17 493 0
17 498 0
18 314 0
19 171 0
20 192 0
20 385 0
21 82 0
21 134 0
21 473 0
21 478 0
22 276 0
23 50 0
23 188 0
23 309 0
23 488 0
23 490 0
24 68 0
24 297 0
24 420 0
25 38 0
25 46 0
25 76 0
25 420 0
26 56 0
26 136 0
26 160 0
26 287 0
26 300 0
27 236 0
27 325 0
27 370 0
27 379 0
28 98 0
28 244 0
28 310 0
28 390 0
29 265 0
30 478 0
31 124 0
32 242 0
33 203 0
33 306 0
33 411 0
33 433 0
34 473 0
35 117 0
36 347 0
37 395 0
37 473 0
39 334 0
40 57 0
41 227 0
42 480 0
43 321 0
44 385 0
45 49 0
45 237 0
45 255 0
45 301 0
46 71 0
46 232 0
47 285 0
47 422 0
48 152 0
48 171 0
48 173 0
48 354 0
48 384 0
49 217 0
49 284 0
49 449 0
51 282 0
52 220 0
53 260 0
54 119 0
55 103 0
55 313 0
55 388 0
55 447 0
57 177 0
57 188 0
57 393 0
58 255 0
59 326 0
59 349 0
60 130 0
61 324 0
62 161 0
63 153 0
63 274 0
63 494 0
64 106 0
64 295 0
64 444 0
64 461 0
65 92 0
65 180 0
65 187 0
65 204 0
66 225 0
67 247 0
67 303 0
67 343 0
67 399 0
69 497 0
70 105 0
71 215 0
71 366 0
71 370 0
71 464 0
72 239 0
72 253 0
72 387 0
72 397 0
73 321 0
74 364 0
74 382 0
74 420 0
74 431 0
75 455 0
77 246 0
77 500 0
78 139 0
78 156 0
78 493 0
79 120 0
80 384 0
81 362 0
82 133 0
82 322 0
82 417 0
83 133 0
83 145 0
83 230 0
83 356 0
84 251 0
85 252 0
85 322 0
85 367 0
85 380 0
86 240 0
86 249 0
86 258 0
86 260 0
87 115 0
87 155 0
87 318 0
87 417 0
88 122 0
88 452 0
89 475 0
90 214 0
90 299 0
90 486 0
91 315 0
93 117 0
94 132 0
94 309 0
95 103 0
96 268 0
97 242 0
99 240 0
99 276 0
99 324 0
99 385 0
100 261 0
101 327 0
101 381 0
101 461 0
101 474 0
102 143 0
103 219 0
103 238 0
104 124 0
105 264 0
105 270 0
105 396 0
107 197 0
107 208 0
107 211 0
107 483 0
108 302 0
109 261 0
109 486 0
110 308 0
111 384 0
112 194 0
112 252 0
112 368 0
112 417 0
112 447 0
113 218 0
113 298 0
113 347 0
113 415 0
114 196 0
114 251 0
114 479 0
114 500 0
116 121 0
116 159 0
116 182 0
116 463 0
117 125 0
117 483 0
118 323 0
119 404 0
119 461 0
119 466 0
120 352 0
120 436 0
120 442 0
122 143 0
123 315 0
124 195 0
124 456 0
126 452 0
127 267 0
128 334 0
129 176 0
129 288 0
129 332 0
129 436 0
130 165 0
130 363 0
130 418 0
130 446 0
131 250 0
132 186 0
132 243 0
132 361 0
132 499 0
133 261 0
133 491 0
134 169 0
134 188 0
134 206 0
134 286 0
135 478 0
136 388 0
137 408 0
138 469 0
140 302 0
140 368 0
140 391 0
140 448 0
141 293 0
142 362 0
143 359 0
143 384 0
143 397 0
144 156 0
144 178 0
147 248 0
148 163 0
148 202 0
148 363 0
149 258 0
150 475 0
151 340 0
152 398 0
152 462 0
154 323 0
157 250 0
158 423 0
159 345 0
159 368 0
159 423 0
161 378 0
161 426 0
161 439 0
162 345 0
164 497 0
166 178 0
167 416 0
167 477 0
168 189 0
168 224 0
168 280 0
168 465 0
170 416 0
171 344 0
171 446 0
172 268 0
173 322 0
173 363 0
173 420 0
174 345 0
175 435 0
178 198 0
179 251 0
181 388 0
183 450 0
184 223 0
184 316 0
184 350 0
184 436 0
185 301 0
185 459 0
187 218 0
187 315 0
187 480 0
188 201 0
188 207 0
188 411 0
190 435 0
191 491 0
192 392 0
193 355 0
194 280 0
194 300 0
194 411 0
196 335 0
196 396 0
196 406 0
198 248 0
198 367 0
198 496 0
199 242 0
200 310 0
200 333 0
200 471 0
200 487 0
201 310 0
201 322 0
201 407 0
205 258 0
207 279 0
207 296 0
207 412 0
209 455 0
210 475 0
212 285 0
213 225 0
214 323 0
214 334 0
214 368 0
214 469 0
216 329 0
218 370 0
218 380 0
220 275 0
220 371 0
220 453 0
221 255 0
222 285 0
224 238 0
224 459 0
225 338 0
225 453 0
226 261 0
227 348 0
227 353 0
227 439 0
228 265 0
229 380 0
229 453 0
229 461 0
229 490 0
230 389 0
231 392 0
232 480 0
233 267 0
233 465 0
234 365 0
235 423 0
237 246 0
237 319 0
240 303 0
240 335 0
241 268 0
242 406 0
243 250 0
243 301 0
243 455 0
245 323 0
248 394 0
248 458 0
249 273 0
249 311 0
249 492 0
250 374 0
251 254 0
252 335 0
255 358 0
256 459 0
257 353 0
257 479 0
258 269 0
259 354 0
260 402 0
260 434 0
262 282 0
263 478 0
265 432 0
265 493 0
266 496 0
268 406 0
271 324 0
272 361 0
275 327 0
276 305 0
276 357 0
277 365 0
278 500 0
280 329 0
280 392 0
281 480 0
282 397 0
282 468 0
283 326 0
285 396 0
289 497 0
290 355 0
291 416 0
292 491 0
293 414 0
294 298 0
298 339 0
298 438 0
300 403 0
300 435 0
301 335 0
301 483 0
302 328 0
302 421 0
303 497 0
304 479 0
307 313 0
308 376 0
308 413 0
308 417 0
309 408 0
310 340 0
312 435 0
313 341 0
313 477 0
314 375 0
314 396 0
314 441 0
315 383 0
317 347 0
320 448 0
321 407 0
321 410 0
324 457 0
326 351 0
326 406 0
329 485 0
329 489 0
330 403 0
334 395 0
335 478 0
336 469 0
337 403 0
340 476 0
342 440 0
345 373 0
346 455 0
347 429 0
349 385 0
354 411 0
354 419 0
354 451 0
355 407 0
355 425 0
360 408 0
360 440 0
361 440 0
362 370 0
362 427 0
363 469 0
365 456 0
365 482 0
367 439 0
367 493 0
372 452 0
377 423 0
380 456 0
384 443 0
386 496 0
388 437 0
389 448 0
391 484 0
392 467 0
394 448 0
397 447 0
400 448 0
401 415 0
403 445 0
405 459 0
407 475 0
408 453 0
409 415 0
411 452 0
415 422 0
416 439 0
417 459 0
428 440 0
430 491 0
436 447 0
440 456 0
450 454 0
450 483 0
460 500 0
469 470 0
472 479 0
473 481 0
495 496 0
