1000 1191 0
1 753 0
2 541 0
3 878 0
4 384 0
4 678 0
4 783 0
5 534 0
6 729 0
7 69 0
7 100 0
7 423 0
7 914 0
8 12 0
9 723 0
10 50 0
10 375 0
10 546 0
11 209 0
12 142 0
12 548 0
12 549 0
13 34 0
14 882 0
15 621 0
16 210 0
17 487 0
18 50 0
19 307 0
19 679 0
19 700 0
19 921 0
20 448 0
21 76 0
21 588 0
21 643 0
21 735 0
22 91 0
22 180 0
22 204 0
22 704 0
22 771 0
23 614 0
24 791 0
25 436 0
26 288 0
27 462 0
27 555 0
27 797 0
28 868 0
29 153 0
30 77 0
30 414 0
30 490 0
30 723 0
31 457 0
31 738 0
31 787 0
31 992 0
32 837 0
33 915 0
34 113 0
34 697 0
34 867 0
35 498 0
36 62 0
36 176 0
36 635 0
36 748 0
37 347 0
38 194 0
38 218 0
38 441 0
38 601 0
38 604 0
39 377 0
39 510 0
39 772 0
40 578 0
41 98 0
41 103 0
41 497 0
41 732 0
42 868 0
43 969 0
44 753 0
45 67 0
45 220 0
45 536 0
45 879 0
45 929 0
46 179 0
47 552 0
48 175 0
48 450 0
48 685 0
48 716 0
48 985 0
49 659 0
49 667 0
49 795 0
49 889 0
50 93 0
50 126 0
50 429 0
51 456 0
52 914 0
53 347 0
54 733 0
55 242 0
55 245 0
55 637 0
55 741 0
55 750 0
55 886 0
56 81 0
56 156 0
56 422 0
56 906 0
57 104 0
57 249 0
57 327 0
57 727 0
58 322 0
58 341 0
58 703 0
58 902 0
59 943 0
60 247 0
60 300 0
60 582 0
60 658 0
60 844 0
61 100 0
61 593 0
61 609 0
61 839 0
63 184 0
64 961 0
65 834 0
66 74 0
66 485 0
66 601 0
66 660 0
66 777 0
67 123 0
67 366 0
67 792 0
67 845 0
68 439 0
68 443 0
68 481 0
68 725 0
69 598 0
69 684 0
69 715 0
70 347 0
70 482 0
70 662 0
70 954 0
71 915 0
72 291 0
73 827 0
75 940 0
76 475 0
76 592 0
77 160 0
77 165 0
77 515 0
77 527 0
78 147 0
78 352 0
78 585 0
78 731 0
79 300 0
80 661 0
81 436 0
81 507 0
81 528 0
82 447 0
83 215 0
84 267 0
85 809 0
86 420 0
87 578 0
88 587 0
88 599 0
88 862 0
88 870 0
89 528 0
90 681 0
91 94 0
91 504 0
91 821 0
92 363 0
93 763 0
93 892 0
93 956 0
94 122 0
94 429 0
94 626 0
95 440 0
95 706 0
95 837 0
96 871 0
97 205 0
97 243 0
97 460 0
97 701 0
98 329 0
98 403 0
98 457 0
99 618 0
100 500 0
100 728 0
100 872 0
101 389 0
102 241 0
102 375 0
102 961 0
105 563 0
106 277 0
107 128 0
107 575 0
107 592 0
107 781 0
108 638 0
109 573 0
110 256 0
110 281 0
110 383 0
110 755 0
111 285 0
111 697 0
111 992 0
112 306 0
112 346 0
112 538 0
112 767 0
112 791 0
114 897 0
115 529 0
116 896 0
117 131 0
117 185 0
117 247 0
117 348 0
118 436 0
119 212 0
119 736 0
119 776 0
119 809 0
119 918 0
120 230 0
121 195 0
123 198 0
123 273 0
123 418 0
124 164 0
124 530 0
124 675 0
124 775 0
125 215 0
127 314 0
127 473 0
127 785 0
127 816 0
127 872 0
129 487 0
129 749 0
129 905 0
130 471 0
132 970 0
133 260 0
134 752 0
135 976 0
136 647 0
137 520 0
137 909 0
137 972 0
138 154 0
138 238 0
138 376 0
138 638 0
138 823 0
139 597 0
140 215 0
141 471 0
142 437 0
142 529 0
142 733 0
143 240 0
143 331 0
143 468 0
143 674 0
144 272 0
145 182 0
145 578 0
145 724 0
145 871 0
146 890 0
148 299 0
148 434 0
148 543 0
148 783 0
149 540 0
150 893 0
151 159 0
152 199 0
152 233 0
152 417 0
152 594 0
152 842 0
153 334 0
153 503 0
153 608 0
154 186 0
154 756 0
155 746 0
157 300 0
158 228 0
158 248 0
158 370 0
158 831 0
159 412 0
159 806 0
159 963 0
160 316 0
160 752 0
161 589 0
161 724 0
161 910 0
161 942 0
162 457 0
162 659 0
162 876 0
162 918 0
163 277 0
164 425 0
164 487 0
164 917 0
166 361 0
166 441 0
166 691 0
166 735 0
166 745 0
167 188 0
167 269 0
167 464 0
167 505 0
167 531 0
167 995 0
168 863 0
169 254 0
170 396 0
171 969 0
172 420 0
173 195 0
174 230 0
174 301 0
174 420 0
174 973 0
175 327 0
175 621 0
175 845 0
175 970 0
176 414 0
176 555 0
177 559 0
178 827 0
179 183 0
179 364 0
179 656 0
181 621 0
182 434 0
182 490 0
183 248 0
183 667 0
184 188 0
184 455 0
184 462 0
186 254 0
186 313 0
186 475 0
187 226 0
188 316 0
188 875 0
188 947 0
189 329 0
189 717 0
189 862 0
190 510 0
191 729 0
192 756 0
193 307 0
193 533 0
193 862 0
195 862 0
195 919 0
196 451 0
196 643 0
196 896 0
196 949 0
197 943 0
199 367 0
199 934 0
200 289 0
200 431 0
200 669 0
201 909 0
202 638 0
203 811 0
203 837 0
203 876 0
203 976 0
206 915 0
207 871 0
208 323 0
208 465 0
208 475 0
208 482 0
208 658 0
208 985 0
209 384 0
209 932 0
209 993 0
210 221 0
210 238 0
210 742 0
211 934 0
212 386 0
212 522 0
212 692 0
213 399 0
213 441 0
213 821 0
213 920 0
214 359 0
215 435 0
216 658 0
217 323 0
217 600 0
217 798 0
217 999 0
219 713 0
221 838 0
221 862 0
222 809 0
223 800 0
224 354 0
224 620 0
224 645 0
224 739 0
225 917 0
226 245 0
226 309 0
226 802 0
227 759 0
228 299 0
228 477 0
228 801 0
229 292 0
229 385 0
229 439 0
229 491 0
229 991 0
230 804 0
230 877 0
231 241 0
232 555 0
233 569 0
233 823 0
233 824 0
234 976 0
235 403 0
236 521 0
237 394 0
237 560 0
237 659 0
237 730 0
237 735 0
238 288 0
238 377 0
238 437 0
239 359 0
240 335 0
240 451 0
240 883 0
241 332 0
241 480 0
241 982 0
242 521 0
242 797 0
242 973 0
243 471 0
243 994 0
243 1000 0
244 318 0
244 613 0
244 750 0
244 895 0
244 963 0
245 441 0
246 878 0
247 425 0
247 747 0
247 933 0
247 934 0
248 289 0
248 783 0
248 858 0
250 291 0
251 673 0
252 313 0
253 395 0
253 442 0
253 481 0
253 847 0
253 985 0
254 481 0
254 485 0
254 502 0
254 690 0
255 490 0
257 546 0
258 504 0
259 526 0
260 364 0
260 382 0
260 706 0
261 369 0
262 655 0
263 426 0
264 477 0
265 978 0
266 428 0
267 307 0
267 352 0
267 511 0
267 958 0
268 644 0
269 307 0
269 787 0
270 427 0
271 470 0
272 617 0
272 686 0
272 699 0
274 435 0
274 608 0
274 798 0
274 838 0
275 809 0
276 622 0
276 724 0
276 813 0
276 819 0
277 615 0
277 772 0
278 299 0
278 304 0
278 534 0
278 888 0
279 299 0
279 448 0
279 695 0
279 882 0
279 889 0
280 614 0
282 285 0
283 722 0
284 504 0
285 383 0
285 509 0
285 712 0
285 873 0
286 552 0
287 541 0
288 293 0
288 495 0
288 773 0
289 440 0
289 444 0
289 574 0
289 862 0
290 301 0
291 706 0
291 771 0
291 825 0
294 631 0
295 369 0
296 477 0
296 478 0
296 673 0
296 891 0
297 603 0
297 608 0
297 649 0
297 924 0
298 302 0
299 508 0
299 784 0
299 875 0
300 727 0
301 303 0
301 452 0
302 771 0
302 957 0
302 964 0
304 395 0
304 543 0
304 606 0
305 667 0
305 893 0
305 939 0
307 614 0
308 997 0
310 783 0
311 747 0
312 504 0
313 315 0
313 705 0
313 872 0
316 409 0
316 708 0
317 890 0
318 653 0
318 896 0
319 702 0
320 661 0
321 878 0
322 782 0
322 893 0
322 943 0
323 625 0
324 507 0
324 713 0
324 752 0
325 529 0
326 490 0
327 638 0
328 483 0
329 337 0
329 362 0
329 737 0
330 702 0
332 800 0
332 831 0
333 377 0
335 467 0
335 561 0
335 767 0
335 790 0
336 839 0
338 359 0
338 457 0
338 504 0
338 533 0
339 949 0
340 840 0
342 657 0
343 394 0
343 547 0
343 798 0
343 846 0
344 976 0
345 390 0
347 881 0
349 743 0
350 534 0
351 477 0
352 470 0
352 947 0
353 588 0
354 476 0
354 569 0
354 966 0
355 430 0
355 431 0
355 743 0
355 994 0
356 657 0
357 556 0
357 770 0
357 887 0
357 998 0
358 367 0
359 971 0
360 726 0
363 605 0
363 687 0
363 939 0
364 507 0
364 578 0
364 825 0
365 743 0
366 516 0
366 623 0
366 789 0
367 372 0
367 480 0
367 495 0
368 858 0
369 532 0
369 784 0
371 698 0
373 928 0
374 501 0
375 462 0
375 488 0
375 635 0
375 707 0
376 455 0
376 521 0
376 529 0
377 381 0
377 668 0
378 797 0
379 1000 0
380 526 0
383 437 0
383 571 0
384 631 0
384 720 0
384 878 0
384 973 0
385 533 0
385 678 0
387 759 0
388 544 0
388 680 0
388 836 0
388 998 0
389 805 0
389 852 0
389 965 0
390 711 0
390 727 0
390 832 0
391 609 0
392 597 0
393 559 0
394 678 0
395 928 0
396 435 0
396 590 0
396 634 0
396 937 0
397 834 0
398 722 0
400 717 0
401 934 0
402 405 0
402 654 0
402 678 0
402 916 0
403 641 0
403 975 0
404 922 0
406 897 0
407 858 0
408 428 0
410 722 0
411 834 0
413 966 0
414 519 0
414 592 0
414 921 0
415 643 0
416 756 0
419 520 0
420 828 0
421 456 0
423 663 0
423 683 0
423 980 0
424 483 0
424 489 0
424 493 0
424 559 0
424 994 0
425 508 0
425 601 0
426 449 0
426 524 0
426 852 0
427 463 0
427 672 0
427 680 0
427 728 0
428 481 0
428 866 0
429 454 0
429 535 0
430 553 0
430 720 0
430 854 0
431 801 0
431 814 0
432 661 0
433 681 0
434 506 0
434 735 0
435 997 0
436 440 0
437 444 0
438 871 0
439 541 0
439 961 0
440 760 0
443 478 0
443 535 0
443 667 0
444 667 0
444 973 0
445 643 0
446 891 0
447 551 0
447 892 0
447 950 0
448 595 0
448 651 0
451 500 0
451 617 0
453 528 0
454 564 0
454 780 0
454 794 0
454 933 0
455 569 0
456 892 0
456 986 0
458 662 0
459 673 0
461 483 0
462 521 0
465 627 0
465 757 0
465 930 0
466 702 0
469 824 0
470 818 0
470 907 0
471 514 0
472 718 0
472 767 0
472 791 0
472 962 0
474 922 0
475 913 0
476 572 0
476 835 0
476 926 0
477 826 0
478 749 0
478 892 0
478 920 0
479 529 0
480 827 0
480 845 0
482 519 0
482 666 0
482 724 0
483 568 0
483 803 0
484 992 0
485 569 0
486 655 0
487 857 0
489 861 0
489 875 0
489 981 0
490 591 0
492 563 0
493 567 0
493 1000 0
494 733 0
495 531 0
496 954 0
498 531 0
498 602 0
498 666 0
498 725 0
499 797 0
500 760 0
500 795 0
501 625 0
501 728 0
501 807 0
501 851 0
504 567 0
507 519 0
507 697 0
508 782 0
508 795 0
510 539 0
510 633 0
510 731 0
512 909 0
513 694 0
517 922 0
518 540 0
518 542 0
518 928 0
519 659 0
520 653 0
520 936 0
520 944 0
521 582 0
521 719 0
523 883 0
525 526 0
525 597 0
525 694 0
526 728 0
526 754 0
528 901 0
531 621 0
533 778 0
534 652 0
535 678 0
535 763 0
535 963 0
537 724 0
537 843 0
537 885 0
537 952 0
540 557 0
540 619 0
540 710 0
541 829 0
542 734 0
542 764 0
542 869 0
542 921 0
543 560 0
545 978 0
546 665 0
546 730 0
546 830 0
550 837 0
552 653 0
552 984 0
554 811 0
555 616 0
555 892 0
558 565 0
558 852 0
558 884 0
558 900 0
559 646 0
560 669 0
560 681 0
560 726 0
562 776 0
563 630 0
563 697 0
566 776 0
567 638 0
567 669 0
569 633 0
569 931 0
570 966 0
571 625 0
571 908 0
571 911 0
573 607 0
573 735 0
573 751 0
574 609 0
574 698 0
574 729 0
576 893 0
577 760 0
577 834 0
577 871 0
577 940 0
579 747 0
580 752 0
581 888 0
582 868 0
583 961 0
584 914 0
586 638 0
588 596 0
588 697 0
588 904 0
589 722 0
589 802 0
592 746 0
592 898 0
593 635 0
593 759 0
597 784 0
597 977 0
601 713 0
608 680 0
608 890 0
609 721 0
609 750 0
609 895 0
610 669 0
611 800 0
612 694 0
614 671 0
614 772 0
617 840 0
617 864 0
617 909 0
618 639 0
618 862 0
618 955 0
624 883 0
625 917 0
628 738 0
629 776 0
631 812 0
631 979 0
632 647 0
633 657 0
633 863 0
635 876 0
635 956 0
636 897 0
638 772 0
640 954 0
642 972 0
644 710 0
644 816 0
644 853 0
647 918 0
647 937 0
648 673 0
650 713 0
653 782 0
653 969 0
655 710 0
655 744 0
657 855 0
658 685 0
658 761 0
658 792 0
661 939 0
662 740 0
662 996 0
664 888 0
666 884 0
666 965 0
667 931 0
669 938 0
670 746 0
673 895 0
676 811 0
677 863 0
678 897 0
678 922 0
681 763 0
682 726 0
685 840 0
688 940 0
689 949 0
693 961 0
694 769 0
694 831 0
694 921 0
695 719 0
695 815 0
695 968 0
696 827 0
698 709 0
698 859 0
702 939 0
706 797 0
710 760 0
713 912 0
714 954 0
715 747 0
715 845 0
717 860 0
717 920 0
719 970 0
720 949 0
722 963 0
723 766 0
723 788 0
725 752 0
725 868 0
726 948 0
727 876 0
728 965 0
729 959 0
730 800 0
730 839 0
731 949 0
733 987 0
736 915 0
736 972 0
738 758 0
738 820 0
743 953 0
746 799 0
747 833 0
749 772 0
749 896 0
750 977 0
753 872 0
753 873 0
753 946 0
756 798 0
759 802 0
760 771 0
762 970 0
765 972 0
768 839 0
772 905 0
774 890 0
777 914 0
777 918 0
779 970 0
782 802 0
783 899 0
784 796 0
784 928 0
786 858 0
787 951 0
787 988 0
791 918 0
792 840 0
793 956 0
795 838 0
796 868 0
796 891 0
797 983 0
800 865 0
801 897 0
802 965 0
802 978 0
803 863 0
803 898 0
808 823 0
810 898 0
811 848 0
811 967 0
816 897 0
817 917 0
820 858 0
820 868 0
821 973 0
822 883 0
823 850 0
824 873 0
824 945 0
825 840 0
831 929 0
831 978 0
838 845 0
838 905 0
839 844 0
840 856 0
840 990 0
841 997 0
844 917 0
849 888 0
852 947 0
863 923 0
864 876 0
864 896 0
868 935 0
873 884 0
874 992 0
878 937 0
880 949 0
882 925 0
882 927 0
889 928 0
891 903 0
894 997 0
898 933 0
905 939 0
905 998 0
909 967 0
915 998 0
920 972 0
929 966 0
931 947 0
931 994 0
940 974 0
941 956 0
943 960 0
967 969 0
977 1000 0
978 989 0
