1000 1239 0
1 48 0
1 311 0
1 367 0
1 530 0
1 715 0
1 838 0
2 651 0
3 119 0
3 128 0
3 513 0
3 618 0
3 711 0
4 68 0
4 92 0
4 128 0
4 224 0
4 310 0
4 563 0
4 624 0
4 728 0
5 48 0
5 63 0
5 251 0
5 265 0
5 321 0
6 75 0
7 57 0
8 10 0
8 289 0
8 847 0
8 980 0
9 958 0
11 782 0
12 32 0
12 156 0
12 436 0
12 679 0
12 721 0
12 915 0
13 481 0
13 925 0
13 940 0
13 949 0
14 171 0
14 201 0
14 265 0
14 431 0
14 755 0
15 774 0
16 857 0
17 436 0
18 853 0
19 665 0
19 777 0
19 818 0
19 897 0
20 39 0
20 113 0
20 444 0
20 814 0
21 329 0
22 141 0
22 148 0
22 403 0
22 503 0
22 589 0
23 195 0
24 32 0
25 283 0
25 498 0
25 916 0
26 556 0
27 265 0
27 360 0
27 664 0
27 776 0
28 203 0
28 240 0
28 276 0
28 900 0
28 953 0
29 690 0
30 888 0
31 123 0
31 426 0
31 585 0
31 963 0
31 964 0
32 375 0
32 700 0
32 985 0
33 490 0
33 637 0
33 653 0
33 749 0
34 407 0
34 685 0
34 896 0
35 406 0
36 357 0
37 293 0
38 193 0
38 283 0
38 438 0
38 790 0
39 308 0
39 315 0
39 394 0
39 543 0
39 743 0
40 888 0
41 198 0
42 253 0
42 539 0
42 673 0
42 788 0
43 386 0
44 370 0
45 620 0
46 319 0
46 416 0
46 679 0
46 884 0
47 460 0
48 203 0
48 692 0
49 337 0
49 876 0
49 974 0
50 111 0
51 782 0
52 291 0
52 702 0
52 732 0
53 485 0
53 563 0
53 707 0
53 819 0
54 681 0
55 180 0
55 896 0
55 972 0
56 88 0
57 115 0
57 686 0
57 843 0
57 906 0
58 690 0
58 900 0
58 997 0
59 878 0
60 739 0
61 234 0
61 299 0
61 488 0
61 645 0
62 291 0
63 157 0
63 734 0
64 672 0
65 131 0
65 202 0
65 390 0
65 652 0
65 970 0
66 433 0
67 98 0
67 141 0
67 535 0
67 544 0
67 808 0
68 721 0
68 915 0
69 197 0
69 287 0
69 539 0
69 754 0
70 120 0
70 158 0
70 707 0
70 984 0
71 370 0
72 493 0
73 894 0
74 580 0
75 201 0
75 663 0
75 832 0
76 189 0
76 356 0
76 697 0
76 894 0
77 378 0
78 441 0
78 536 0
78 552 0
78 919 0
78 935 0
79 913 0
80 930 0
81 491 0
82 438 0
83 836 0
84 273 0
85 293 0
85 479 0
85 695 0
85 844 0
86 185 0
86 307 0
86 439 0
86 513 0
87 511 0
87 537 0
87 664 0
87 812 0
88 110 0
88 536 0
88 554 0
89 355 0
90 241 0
90 378 0
90 999 0
91 517 0
92 222 0
92 232 0
92 751 0
93 983 0
94 357 0
95 407 0
96 398 0
97 467 0
98 321 0
98 850 0
99 451 0
100 117 0
101 177 0
101 179 0
101 490 0
101 765 0
101 961 0
102 117 0
103 667 0
103 741 0
103 760 0
103 769 0
104 144 0
104 246 0
104 691 0
104 721 0
105 115 0
105 443 0
105 585 0
105 615 0
105 719 0
106 464 0
106 550 0
106 800 0
106 928 0
107 493 0
107 556 0
107 681 0
107 865 0
108 628 0
109 580 0
111 343 0
111 462 0
111 948 0
112 329 0
113 419 0
113 833 0
113 847 0
113 954 0
114 225 0
114 313 0
114 548 0
114 612 0
114 742 0
115 127 0
116 646 0
116 879 0
116 911 0
116 957 0
116 996 0
117 572 0
117 587 0
118 599 0
119 233 0
119 363 0
121 506 0
122 293 0
124 137 0
124 303 0
124 348 0
124 808 0
124 980 0
125 433 0
126 179 0
126 342 0
126 374 0
126 643 0
127 484 0
127 668 0
127 733 0
128 162 0
128 523 0
129 697 0
130 874 0
131 565 0
131 896 0
132 268 0
133 658 0
134 283 0
135 854 0
136 395 0
136 605 0
136 661 0
136 715 0
136 764 0
138 162 0
138 388 0
138 581 0
138 845 0
138 998 0
139 983 0
140 734 0
141 573 0
141 957 0
142 636 0
142 887 0
142 922 0
143 841 0
144 191 0
144 868 0
144 972 0
145 160 0
145 453 0
145 695 0
145 759 0
146 298 0
146 586 0
146 805 0
146 892 0
147 599 0
149 302 0
149 351 0
149 634 0
149 979 0
150 997 0
151 193 0
151 815 0
151 830 0
151 887 0
152 493 0
153 825 0
154 773 0
155 364 0
155 547 0
155 692 0
155 787 0
156 241 0
156 922 0
157 334 0
157 392 0
157 687 0
159 364 0
160 210 0
160 296 0
160 931 0
161 916 0
162 603 0
163 917 0
164 416 0
165 837 0
166 734 0
167 242 0
168 555 0
169 394 0
169 474 0
169 536 0
169 633 0
170 331 0
172 390 0
172 492 0
172 845 0
172 863 0
173 627 0
174 523 0
174 546 0
174 580 0
174 849 0
175 790 0
176 297 0
176 323 0
176 380 0
176 965 0
178 259 0
179 210 0
179 247 0
180 228 0
180 250 0
180 584 0
181 357 0
182 398 0
183 901 0
184 212 0
184 401 0
184 502 0
184 632 0
184 775 0
185 248 0
185 367 0
185 517 0
185 522 0
186 917 0
187 199 0
187 210 0
187 224 0
187 516 0
188 491 0
189 410 0
189 599 0
189 776 0
190 629 0
190 715 0
190 937 0
190 944 0
190 991 0
191 262 0
191 365 0
191 785 0
192 410 0
192 930 0
192 996 0
193 277 0
193 492 0
194 938 0
195 265 0
195 476 0
195 559 0
196 857 0
197 668 0
197 864 0
197 983 0
198 300 0
198 421 0
198 925 0
200 551 0
201 992 0
203 386 0
204 787 0
205 886 0
206 479 0
207 858 0
208 448 0
209 219 0
210 337 0
210 605 0
211 224 0
211 482 0
211 583 0
211 945 0
211 996 0
212 628 0
212 983 0
213 444 0
214 378 0
215 522 0
216 717 0
217 670 0
217 770 0
217 794 0
217 845 0
218 497 0
218 623 0
218 673 0
218 727 0
219 276 0
219 568 0
219 597 0
219 701 0
220 908 0
221 908 0
222 305 0
222 508 0
222 602 0
222 778 0
223 429 0
224 687 0
224 750 0
224 825 0
224 962 0
226 230 0
226 444 0
226 928 0
227 460 0
228 513 0
228 549 0
228 574 0
228 738 0
228 757 0
228 898 0
229 479 0
230 664 0
230 807 0
230 848 0
230 866 0
231 751 0
232 264 0
232 510 0
232 909 0
232 910 0
233 364 0
233 456 0
233 546 0
233 641 0
233 854 0
234 522 0
234 829 0
235 498 0
236 923 0
237 830 0
238 651 0
239 406 0
240 316 0
240 704 0
240 974 0
241 250 0
241 806 0
241 955 0
242 375 0
242 472 0
242 775 0
243 720 0
244 316 0
244 707 0
244 815 0
245 891 0
247 486 0
247 853 0
248 285 0
248 617 0
248 731 0
249 326 0
249 381 0
249 880 0
250 316 0
250 584 0
250 692 0
251 423 0
251 427 0
251 639 0
251 663 0
251 784 0
251 817 0
252 496 0
253 329 0
253 361 0
253 888 0
254 672 0
255 565 0
256 450 0
256 484 0
256 921 0
256 925 0
257 383 0
257 489 0
257 647 0
257 819 0
257 920 0
258 259 0
259 686 0
259 955 0
260 321 0
261 461 0
263 278 0
263 449 0
263 555 0
263 603 0
263 821 0
263 879 0
265 407 0
265 899 0
266 681 0
267 269 0
267 845 0
267 894 0
268 501 0
268 818 0
268 942 0
269 352 0
269 455 0
269 847 0
269 856 0
270 512 0
271 280 0
272 404 0
272 527 0
272 587 0
272 840 0
273 424 0
273 521 0
273 579 0
274 662 0
275 850 0
276 658 0
276 999 0
277 495 0
277 549 0
277 774 0
277 886 0
277 922 0
278 361 0
278 844 0
279 915 0
280 379 0
280 725 0
280 941 0
281 294 0
282 565 0
283 629 0
283 936 0
284 692 0
286 318 0
288 419 0
288 541 0
288 732 0
290 363 0
291 608 0
291 614 0
291 863 0
292 874 0
293 726 0
294 417 0
294 729 0
294 919 0
294 933 0
295 390 0
295 523 0
295 636 0
296 452 0
296 541 0
296 616 0
296 745 0
296 912 0
301 480 0
302 704 0
302 891 0
302 958 0
304 448 0
305 364 0
305 370 0
306 319 0
307 591 0
307 920 0
307 930 0
307 996 0
307 997 0
309 854 0
310 454 0
310 498 0
312 420 0
314 641 0
316 343 0
316 536 0
317 356 0
318 391 0
318 577 0
318 707 0
318 826 0
318 911 0
319 408 0
319 455 0
319 457 0
320 384 0
320 403 0
320 439 0
320 488 0
321 354 0
321 384 0
322 646 0
324 512 0
325 751 0
326 387 0
326 428 0
326 533 0
326 539 0
326 740 0
327 331 0
328 698 0
329 610 0
330 517 0
331 664 0
331 986 0
332 613 0
333 448 0
333 521 0
333 974 0
334 538 0
334 868 0
334 913 0
335 717 0
336 803 0
337 776 0
337 788 0
337 821 0
338 522 0
339 884 0
340 992 0
341 922 0
343 422 0
343 878 0
344 692 0
345 872 0
346 454 0
347 437 0
349 926 0
350 436 0
350 456 0
350 719 0
353 915 0
355 384 0
355 447 0
355 495 0
356 642 0
356 758 0
356 942 0
357 775 0
358 685 0
359 872 0
360 448 0
360 552 0
360 837 0
360 938 0
361 434 0
361 630 0
361 919 0
362 697 0
363 678 0
363 707 0
363 918 0
366 575 0
367 757 0
368 864 0
369 433 0
370 410 0
370 937 0
371 426 0
371 453 0
371 866 0
371 926 0
372 460 0
373 695 0
373 732 0
373 858 0
373 923 0
375 673 0
376 858 0
377 844 0
378 488 0
378 683 0
380 454 0
380 868 0
380 977 0
381 384 0
381 644 0
381 743 0
381 820 0
382 923 0
385 698 0
385 704 0
385 734 0
385 874 0
386 459 0
386 552 0
386 748 0
389 475 0
390 480 0
390 512 0
390 701 0
393 894 0
394 814 0
396 603 0
397 666 0
397 686 0
397 776 0
397 808 0
397 818 0
398 573 0
398 587 0
398 795 0
399 595 0
400 490 0
400 790 0
400 928 0
401 407 0
401 426 0
402 496 0
403 429 0
403 627 0
405 406 0
406 808 0
407 757 0
407 763 0
409 599 0
410 498 0
410 943 0
411 456 0
411 595 0
411 620 0
411 872 0
412 646 0
413 790 0
414 420 0
414 646 0
414 759 0
414 836 0
415 453 0
416 476 0
416 753 0
416 924 0
418 467 0
418 486 0
418 896 0
418 908 0
419 425 0
419 851 0
419 974 0
420 914 0
420 995 0
422 621 0
422 784 0
422 969 0
425 490 0
425 604 0
425 663 0
426 461 0
426 825 0
427 461 0
427 874 0
429 560 0
429 783 0
429 809 0
430 538 0
432 677 0
433 604 0
433 702 0
433 763 0
435 512 0
436 549 0
437 507 0
437 526 0
437 863 0
438 590 0
438 962 0
439 546 0
439 699 0
439 876 0
439 918 0
440 475 0
442 451 0
444 696 0
444 842 0
445 598 0
446 555 0
447 451 0
447 974 0
449 479 0
449 506 0
450 679 0
450 759 0
450 876 0
451 686 0
451 885 0
452 704 0
452 894 0
453 468 0
453 663 0
454 648 0
454 954 0
454 996 0
455 814 0
456 872 0
457 598 0
457 874 0
458 620 0
459 672 0
459 821 0
459 880 0
460 643 0
461 573 0
461 833 0
461 905 0
463 584 0
465 672 0
466 603 0
467 676 0
467 907 0
469 591 0
470 735 0
471 718 0
473 931 0
475 539 0
475 650 0
476 983 0
477 613 0
478 591 0
480 593 0
480 761 0
482 626 0
482 699 0
482 818 0
483 896 0
484 684 0
484 872 0
485 873 0
485 926 0
485 931 0
486 492 0
486 629 0
486 668 0
486 725 0
486 933 0
487 782 0
488 864 0
488 865 0
490 690 0
491 736 0
491 921 0
492 876 0
493 701 0
493 725 0
494 803 0
495 954 0
496 604 0
496 859 0
498 750 0
498 927 0
499 697 0
500 815 0
504 931 0
505 815 0
506 514 0
506 528 0
506 728 0
509 879 0
510 539 0
510 721 0
512 582 0
513 850 0
513 937 0
515 624 0
515 702 0
515 877 0
515 900 0
515 911 0
517 659 0
517 993 0
518 628 0
519 823 0
520 896 0
521 636 0
521 759 0
521 829 0
522 547 0
523 605 0
524 601 0
525 663 0
525 728 0
525 992 0
529 751 0
530 626 0
530 879 0
531 854 0
532 845 0
532 873 0
532 918 0
534 972 0
538 596 0
538 903 0
538 994 0
540 857 0
541 569 0
541 759 0
541 787 0
542 916 0
545 858 0
546 715 0
546 817 0
547 767 0
549 550 0
550 551 0
551 760 0
551 793 0
551 946 0
553 698 0
555 611 0
556 643 0
556 675 0
556 989 0
557 656 0
558 575 0
561 913 0
562 787 0
563 695 0
563 974 0
564 571 0
565 833 0
565 942 0
566 844 0
567 694 0
567 703 0
567 724 0
567 845 0
569 702 0
569 752 0
569 929 0
570 972 0
571 585 0
571 657 0
571 973 0
573 598 0
575 723 0
575 928 0
576 923 0
578 622 0
580 875 0
582 713 0
582 830 0
584 951 0
585 851 0
586 598 0
586 677 0
586 851 0
587 704 0
588 717 0
591 716 0
592 654 0
592 687 0
592 712 0
592 889 0
592 921 0
594 620 0
595 625 0
595 953 0
598 827 0
598 987 0
600 773 0
601 791 0
601 798 0
601 816 0
604 717 0
604 980 0
606 837 0
607 880 0
609 999 0
612 656 0
612 679 0
612 916 0
613 682 0
613 743 0
613 816 0
619 626 0
620 819 0
621 891 0
621 937 0
622 659 0
622 671 0
622 933 0
624 685 0
626 772 0
626 833 0
627 680 0
627 828 0
627 947 0
628 866 0
628 953 0
631 829 0
635 850 0
636 756 0
636 768 0
636 828 0
638 873 0
640 814 0
641 796 0
641 828 0
641 982 0
643 721 0
643 851 0
649 896 0
651 706 0
651 933 0
655 888 0
656 710 0
656 956 0
658 950 0
658 990 0
659 987 0
660 685 0
662 673 0
662 789 0
662 957 0
666 829 0
666 849 0
669 999 0
673 720 0
674 926 0
677 783 0
677 826 0
677 910 0
677 971 0
681 728 0
684 809 0
684 824 0
684 846 0
685 725 0
685 939 0
687 784 0
688 823 0
689 880 0
690 763 0
690 766 0
693 879 0
695 816 0
698 882 0
699 850 0
705 992 0
707 918 0
708 891 0
709 835 0
713 754 0
713 830 0
713 853 0
713 901 0
714 878 0
718 816 0
718 867 0
718 899 0
719 788 0
719 866 0
720 746 0
720 966 0
722 841 0
728 823 0
728 899 0
730 841 0
732 920 0
734 804 0
735 860 0
735 932 0
735 959 0
737 836 0
739 831 0
739 870 0
739 921 0
740 816 0
740 825 0
742 977 0
742 997 0
744 814 0
747 773 0
750 849 0
754 787 0
757 760 0
759 783 0
760 792 0
760 794 0
760 809 0
760 853 0
762 891 0
767 810 0
767 818 0
767 871 0
767 902 0
771 938 0
773 953 0
774 861 0
774 862 0
775 792 0
779 887 0
780 913 0
781 999 0
782 860 0
786 958 0
787 988 0
788 792 0
788 868 0
792 860 0
794 833 0
797 835 0
799 849 0
801 930 0
802 922 0
803 860 0
803 968 0
808 994 0
811 836 0
813 977 0
817 853 0
819 841 0
821 928 0
822 849 0
823 987 0
825 893 0
826 916 0
829 834 0
830 839 0
835 928 0
835 939 0
837 960 0
841 962 0
847 917 0
852 886 0
853 987 0
855 922 0
857 900 0
863 992 0
864 975 0
864 1000 0
865 901 0
868 910 0
869 878 0
873 883 0
879 981 0
881 958 0
884 967 0
884 978 0
886 954 0
887 976 0
890 917 0
895 938 0
900 901 0
904 908 0
913 939 0
925 983 0
934 997 0
952 977 0
955 996 0
983 994 0
