900 1034 0
1 11 0
1 93 0
1 402 0
1 497 0
1 524 0
2 620 0
3 280 0
4 333 0
4 452 0
4 513 0
4 760 0
4 899 0
5 623 0
6 206 0
6 217 0
6 806 0
7 122 0
7 534 0
7 574 0
7 696 0
8 352 0
9 174 0
9 501 0
9 505 0
9 649 0
10 762 0
10 835 0
10 849 0
11 78 0
11 133 0
11 898 0
12 109 0
12 126 0
12 636 0
13 835 0
14 443 0
15 546 0
16 128 0
17 97 0
17 466 0
17 504 0
17 532 0
18 851 0
19 418 0
20 208 0
21 542 0
22 176 0
22 311 0
22 543 0
22 768 0
23 150 0
24 143 0
25 84 0
26 660 0
27 419 0
28 456 0
28 511 0
28 726 0
28 802 0
29 238 0
30 425 0
31 100 0
32 272 0
33 425 0
33 444 0
33 630 0
34 425 0
35 396 0
36 254 0
36 394 0
36 574 0
37 895 0
38 531 0
39 623 0
40 661 0
41 79 0
41 123 0
41 477 0
41 864 0
42 89 0
42 405 0
42 525 0
43 861 0
44 162 0
45 617 0
46 542 0
47 267 0
48 542 0
49 165 0
49 207 0
49 489 0
49 564 0
49 784 0
50 666 0
51 120 0
52 130 0
52 143 0
52 723 0
52 896 0
53 143 0
53 607 0
53 666 0
54 326 0
55 154 0
55 308 0
55 309 0
55 757 0
56 896 0
57 551 0
58 129 0
58 156 0
58 517 0
58 654 0
58 827 0
59 606 0
60 263 0
60 640 0
60 773 0
61 134 0
61 147 0
61 741 0
62 140 0
63 360 0
64 235 0
65 146 0
65 173 0
65 328 0
65 657 0
66 750 0
67 767 0
68 516 0
69 795 0
70 341 0
71 127 0
71 764 0
71 868 0
72 127 0
73 94 0
74 212 0
74 324 0
74 536 0
74 840 0
75 139 0
76 241 0
77 106 0
78 185 0
78 229 0
78 708 0
80 302 0
81 516 0
82 697 0
83 762 0
84 501 0
84 819 0
84 858 0
85 260 0
86 413 0
86 511 0
86 600 0
86 705 0
87 213 0
88 144 0
88 278 0
88 821 0
88 864 0
89 520 0
89 541 0
89 577 0
89 702 0
89 802 0
90 217 0
91 655 0
92 658 0
93 98 0
93 109 0
94 283 0
94 530 0
94 679 0
95 223 0
95 404 0
95 464 0
95 618 0
96 825 0
97 107 0
97 723 0
97 777 0
97 900 0
98 468 0
98 569 0
98 574 0
98 794 0
99 205 0
99 414 0
99 581 0
99 601 0
99 757 0
100 112 0
100 281 0
100 560 0
100 789 0
101 345 0
102 518 0
103 394 0
103 448 0
103 476 0
103 882 0
104 329 0
105 764 0
106 188 0
106 812 0
106 884 0
107 224 0
107 372 0
107 728 0
108 240 0
108 322 0
108 409 0
108 688 0
109 111 0
109 171 0
109 334 0
109 358 0
109 498 0
109 579 0
110 203 0
111 568 0
111 612 0
111 712 0
113 898 0
114 433 0
114 448 0
114 516 0
114 617 0
115 127 0
115 362 0
115 380 0
115 430 0
116 523 0
117 531 0
118 450 0
119 246 0
119 312 0
119 711 0
119 797 0
119 814 0
120 506 0
120 829 0
120 883 0
121 152 0
121 300 0
121 637 0
121 779 0
121 807 0
124 213 0
125 129 0
125 170 0
125 172 0
125 537 0
126 161 0
126 566 0
126 601 0
126 734 0
126 871 0
127 833 0
128 482 0
128 501 0
128 590 0
128 648 0
129 553 0
129 856 0
130 303 0
130 582 0
130 627 0
131 523 0
132 740 0
133 166 0
133 171 0
133 173 0
133 815 0
134 329 0
134 434 0
134 436 0
134 861 0
135 845 0
136 656 0
137 486 0
137 603 0
137 772 0
137 897 0
138 396 0
139 244 0
139 671 0
139 809 0
140 188 0
140 563 0
140 571 0
141 673 0
142 244 0
142 422 0
142 513 0
142 589 0
142 806 0
143 164 0
145 480 0
147 423 0
147 555 0
147 766 0
147 814 0
148 149 0
148 163 0
148 263 0
148 367 0
148 673 0
149 549 0
149 616 0
150 350 0
150 526 0
150 675 0
151 725 0
153 622 0
155 492 0
157 670 0
158 329 0
159 553 0
160 183 0
161 250 0
161 443 0
162 243 0
162 377 0
162 421 0
163 374 0
163 426 0
163 635 0
163 866 0
166 405 0
166 723 0
166 841 0
167 608 0
167 751 0
167 844 0
167 859 0
168 656 0
169 334 0
170 356 0
170 436 0
171 618 0
171 670 0
171 811 0
173 195 0
173 351 0
175 351 0
177 733 0
177 787 0
177 848 0
177 889 0
178 427 0
178 541 0
178 624 0
178 776 0
179 345 0
180 739 0
181 567 0
182 301 0
182 597 0
182 668 0
182 684 0
183 202 0
183 386 0
183 528 0
184 747 0
186 849 0
187 896 0
188 284 0
188 706 0
188 857 0
189 369 0
189 609 0
189 705 0
190 631 0
190 660 0
190 718 0
190 773 0
191 334 0
192 546 0
193 514 0
193 736 0
193 802 0
193 807 0
194 418 0
195 598 0
195 758 0
195 781 0
195 869 0
196 730 0
197 660 0
198 828 0
199 211 0
200 881 0
201 374 0
201 458 0
201 648 0
201 880 0
202 590 0
202 622 0
202 655 0
202 799 0
203 239 0
203 356 0
203 555 0
204 530 0
204 559 0
204 582 0
204 732 0
204 738 0
206 369 0
206 655 0
206 718 0
208 489 0
208 491 0
208 543 0
209 539 0
210 355 0
210 369 0
210 370 0
211 388 0
211 607 0
211 755 0
213 271 0
213 279 0
213 477 0
214 597 0
215 335 0
215 369 0
215 442 0
215 581 0
215 636 0
216 436 0
217 323 0
217 376 0
217 757 0
218 522 0
219 221 0
219 272 0
219 701 0
219 799 0
220 436 0
220 507 0
220 741 0
221 474 0
221 500 0
221 832 0
222 716 0
223 367 0
223 374 0
223 674 0
223 825 0
225 406 0
226 479 0
227 713 0
228 456 0
228 741 0
228 849 0
228 856 0
230 777 0
231 616 0
232 527 0
232 670 0
232 716 0
232 764 0
233 710 0
234 743 0
235 279 0
235 382 0
235 852 0
236 697 0
237 419 0
238 281 0
238 637 0
238 645 0
238 789 0
241 557 0
241 572 0
241 605 0
242 621 0
243 265 0
243 656 0
243 678 0
243 813 0
244 674 0
245 335 0
247 433 0
248 835 0
249 895 0
250 313 0
250 488 0
250 806 0
251 701 0
252 750 0
253 881 0
254 307 0
254 562 0
255 662 0
256 713 0
257 662 0
258 881 0
259 795 0
260 277 0
260 570 0
260 711 0
260 736 0
261 361 0
261 400 0
261 765 0
261 823 0
261 893 0
262 449 0
263 346 0
263 798 0
263 894 0
264 828 0
265 315 0
265 460 0
265 600 0
266 673 0
267 432 0
267 641 0
267 811 0
268 874 0
269 518 0
270 340 0
272 357 0
272 403 0
273 345 0
273 549 0
273 684 0
273 767 0
273 804 0
274 450 0
275 616 0
276 636 0
279 449 0
279 723 0
280 287 0
280 588 0
280 672 0
281 518 0
281 899 0
282 669 0
284 384 0
284 767 0
285 498 0
286 471 0
287 446 0
287 527 0
287 697 0
288 609 0
289 647 0
290 419 0
291 433 0
292 851 0
293 539 0
294 710 0
295 304 0
295 453 0
295 554 0
295 737 0
296 498 0
297 878 0
298 407 0
299 344 0
301 412 0
301 717 0
301 886 0
302 533 0
302 544 0
302 685 0
305 773 0
306 713 0
307 442 0
307 508 0
307 666 0
310 825 0
312 479 0
312 584 0
312 664 0
314 407 0
314 836 0
314 888 0
315 325 0
315 332 0
315 789 0
315 791 0
316 513 0
316 561 0
316 613 0
316 763 0
317 492 0
318 340 0
319 878 0
320 407 0
321 743 0
326 499 0
326 847 0
326 871 0
327 851 0
329 659 0
330 617 0
331 449 0
334 682 0
335 596 0
335 885 0
336 762 0
337 380 0
338 804 0
339 725 0
340 493 0
340 736 0
341 589 0
341 698 0
341 749 0
342 362 0
343 447 0
343 805 0
343 851 0
343 876 0
344 583 0
344 618 0
344 830 0
344 893 0
345 654 0
347 480 0
348 621 0
349 394 0
350 418 0
350 713 0
350 875 0
351 441 0
351 515 0
351 601 0
352 354 0
352 642 0
352 836 0
353 360 0
355 390 0
355 398 0
355 736 0
356 541 0
356 684 0
356 876 0
358 447 0
358 590 0
358 874 0
359 598 0
359 674 0
359 854 0
360 700 0
360 807 0
362 399 0
362 481 0
363 876 0
364 740 0
365 668 0
366 477 0
366 512 0
366 547 0
366 589 0
366 693 0
367 387 0
367 520 0
367 864 0
368 666 0
369 817 0
370 396 0
370 529 0
370 662 0
370 875 0
371 449 0
373 668 0
375 533 0
375 710 0
375 739 0
376 546 0
376 597 0
378 450 0
379 381 0
380 766 0
380 782 0
380 873 0
381 611 0
381 744 0
381 809 0
383 630 0
384 514 0
384 727 0
384 785 0
384 853 0
385 387 0
385 472 0
385 705 0
385 748 0
385 766 0
387 777 0
389 393 0
389 573 0
389 801 0
389 836 0
391 888 0
392 825 0
394 482 0
394 521 0
394 593 0
395 725 0
396 843 0
397 854 0
401 888 0
402 621 0
402 762 0
403 539 0
403 636 0
403 681 0
405 422 0
405 818 0
406 473 0
406 574 0
406 855 0
407 776 0
408 762 0
410 467 0
410 487 0
410 788 0
410 815 0
411 617 0
413 740 0
413 888 0
415 867 0
416 882 0
417 845 0
418 769 0
419 611 0
419 806 0
420 662 0
422 619 0
422 875 0
424 529 0
425 663 0
425 791 0
425 807 0
428 773 0
429 661 0
430 434 0
430 442 0
430 525 0
430 544 0
431 465 0
431 506 0
431 699 0
431 731 0
433 650 0
434 603 0
434 607 0
435 567 0
436 638 0
436 831 0
437 701 0
438 723 0
438 739 0
438 878 0
439 597 0
440 511 0
442 893 0
443 644 0
443 796 0
443 880 0
444 579 0
444 581 0
444 640 0
444 691 0
444 739 0
445 485 0
445 608 0
445 726 0
445 900 0
446 676 0
446 746 0
446 771 0
447 506 0
447 818 0
447 880 0
448 525 0
448 705 0
450 784 0
450 834 0
451 600 0
454 777 0
455 887 0
456 774 0
456 800 0
456 863 0
457 471 0
459 606 0
460 506 0
460 597 0
461 767 0
462 876 0
463 895 0
469 503 0
470 523 0
471 735 0
471 809 0
475 674 0
476 482 0
476 484 0
476 719 0
476 754 0
478 861 0
479 633 0
479 891 0
480 603 0
480 687 0
483 498 0
489 804 0
490 691 0
492 641 0
492 780 0
494 604 0
495 522 0
496 661 0
501 841 0
502 764 0
503 510 0
503 775 0
503 868 0
506 762 0
507 543 0
507 689 0
507 759 0
509 741 0
511 690 0
513 867 0
514 747 0
514 887 0
516 565 0
518 823 0
518 871 0
519 658 0
520 579 0
520 684 0
520 869 0
522 591 0
522 806 0
523 753 0
523 791 0
525 718 0
527 784 0
527 802 0
529 585 0
529 860 0
530 551 0
530 678 0
531 602 0
531 815 0
533 539 0
533 866 0
533 875 0
533 888 0
535 668 0
536 600 0
536 743 0
536 841 0
538 604 0
539 652 0
540 674 0
541 834 0
542 868 0
543 857 0
544 572 0
545 636 0
546 868 0
548 660 0
549 662 0
549 741 0
549 811 0
550 750 0
551 752 0
551 822 0
552 631 0
553 580 0
553 651 0
555 684 0
555 828 0
556 887 0
558 584 0
567 598 0
567 608 0
567 643 0
572 620 0
572 710 0
572 856 0
574 742 0
575 813 0
576 743 0
577 664 0
577 678 0
577 799 0
578 623 0
579 809 0
581 654 0
582 662 0
584 783 0
584 792 0
586 647 0
587 739 0
589 895 0
592 882 0
594 747 0
595 854 0
596 597 0
596 889 0
598 898 0
599 656 0
600 810 0
603 658 0
604 745 0
604 893 0
606 695 0
606 815 0
607 630 0
607 854 0
608 799 0
609 610 0
609 737 0
609 816 0
611 876 0
614 887 0
615 691 0
616 880 0
619 757 0
619 868 0
619 871 0
620 707 0
620 770 0
621 836 0
622 686 0
622 756 0
623 641 0
625 854 0
626 666 0
628 639 0
628 784 0
628 850 0
628 872 0
629 747 0
630 683 0
631 709 0
631 834 0
632 730 0
634 706 0
637 742 0
640 646 0
640 681 0
640 761 0
641 841 0
647 753 0
647 865 0
648 845 0
653 777 0
655 714 0
655 837 0
658 892 0
661 690 0
664 688 0
664 737 0
665 716 0
667 673 0
669 688 0
669 702 0
669 824 0
670 862 0
677 835 0
678 836 0
680 730 0
681 773 0
681 869 0
688 740 0
690 835 0
690 857 0
691 842 0
692 828 0
694 701 0
697 826 0
702 898 0
703 896 0
704 716 0
705 725 0
705 845 0
706 879 0
706 890 0
711 804 0
715 805 0
718 776 0
718 789 0
720 741 0
721 849 0
722 805 0
724 882 0
729 861 0
730 776 0
737 874 0
739 838 0
740 899 0
742 753 0
742 818 0
742 889 0
750 889 0
753 878 0
764 793 0
764 900 0
778 845 0
786 876 0
790 804 0
795 877 0
795 889 0
802 857 0
803 813 0
805 870 0
808 867 0
813 823 0
814 888 0
818 856 0
820 874 0
839 898 0
846 867 0
849 866 0
864 881 0
