450 482 0
1 5 0
2 55 0
2 118 0
2 359 0
2 397 0
3 378 0
4 85 0
4 116 0
4 216 0
4 311 0
4 327 0
4 356 0
5 91 0
5 111 0
5 146 0
6 377 0
7 448 0
8 131 0
9 204 0
10 185 0
10 339 0
10 362 0
10 402 0
11 397 0
12 30 0
13 252 0
13 334 0
13 401 0
13 408 0
14 64 0
14 149 0
14 269 0
14 330 0
14 443 0
15 113 0
15 260 0
15 313 0
15 430 0
16 77 0
17 148 0
18 419 0
18 420 0
18 441 0
19 165 0
20 176 0
21 332 0
21 423 0
22 93 0
22 201 0
23 278 0
23 328 0
23 336 0
23 416 0
24 227 0
24 438 0
25 58 0
25 200 0
25 319 0
25 372 0
26 314 0
27 35 0
27 87 0
27 209 0
27 363 0
28 192 0
29 234 0
29 337 0
29 364 0
29 387 0
30 54 0
30 63 0
30 415 0
31 197 0
32 297 0
33 243 0
33 297 0
34 51 0
34 263 0
34 291 0
34 404 0
35 201 0
36 46 0
37 441 0
38 59 0
38 79 0
38 175 0
38 247 0
39 108 0
40 196 0
40 242 0
40 297 0
40 316 0
41 217 0
41 255 0
41 337 0
41 389 0
42 178 0
43 119 0
43 280 0
43 376 0
43 380 0
44 177 0
45 73 0
46 110 0
46 214 0
46 440 0
47 176 0
48 188 0
49 359 0
50 338 0
51 109 0
51 243 0
51 299 0
51 367 0
52 215 0
53 188 0
55 97 0
55 227 0
55 256 0
56 96 0
56 251 0
57 422 0
59 65 0
59 94 0
59 180 0
60 305 0
61 126 0
62 448 0
63 188 0
63 242 0
63 422 0
64 157 0
65 98 0
65 134 0
65 236 0
66 138 0
67 276 0
67 318 0
68 361 0
69 164 0
70 96 0
70 152 0
70 254 0
70 396 0
71 138 0
72 329 0
72 342 0
72 376 0
72 400 0
73 102 0
73 160 0
73 254 0
73 317 0
74 345 0
74 395 0
74 414 0
74 430 0
75 99 0
76 155 0
76 245 0
76 319 0
76 349 0
77 121 0
77 288 0
77 353 0
78 129 0
79 165 0
79 190 0
79 449 0
80 126 0
81 427 0
82 108 0
83 331 0
84 371 0
85 195 0
86 314 0
88 192 0
89 361 0
90 315 0
91 148 0
91 299 0
91 331 0
92 194 0
93 136 0
93 257 0
93 267 0
94 171 0
94 229 0
94 390 0
95 120 0
95 126 0
95 154 0
95 251 0
99 106 0
99 312 0
99 402 0
100 193 0
101 148 0
102 357 0
103 298 0
104 276 0
105 202 0
105 230 0
105 274 0
105 421 0
107 294 0
108 175 0
108 370 0
108 422 0
109 324 0
112 449 0
114 273 0
115 258 0
117 142 0
118 136 0
118 350 0
118 366 0
120 172 0
120 254 0
120 409 0
120 430 0
122 166 0
122 275 0
122 325 0
122 381 0
122 429 0
123 271 0
124 324 0
125 425 0
126 437 0
127 251 0
128 367 0
129 232 0
129 356 0
129 379 0
130 167 0
131 182 0
131 224 0
131 403 0
132 382 0
133 189 0
135 177 0
135 204 0
135 219 0
135 448 0
136 144 0
136 167 0
137 305 0
138 203 0
138 340 0
139 164 0
140 338 0
141 247 0
141 319 0
141 402 0
141 412 0
142 323 0
142 335 0
142 350 0
143 332 0
144 158 0
144 208 0
144 224 0
144 431 0
145 316 0
147 316 0
148 318 0
149 397 0
150 351 0
151 195 0
151 315 0
151 381 0
152 370 0
153 224 0
153 344 0
153 356 0
153 409 0
154 244 0
154 250 0
154 253 0
156 438 0
157 167 0
159 196 0
161 221 0
161 427 0
162 230 0
162 247 0
162 376 0
162 401 0
163 315 0
164 288 0
164 374 0
165 322 0
165 435 0
167 210 0
168 432 0
169 371 0
170 246 0
170 344 0
170 365 0
170 399 0
172 324 0
173 251 0
174 271 0
175 438 0
175 439 0
175 442 0
176 254 0
176 450 0
177 198 0
177 373 0
178 209 0
178 262 0
178 307 0
179 406 0
180 211 0
180 310 0
180 393 0
181 439 0
183 347 0
184 332 0
186 449 0
187 206 0
188 225 0
189 221 0
189 224 0
189 445 0
190 213 0
190 235 0
190 321 0
191 357 0
192 384 0
192 401 0
193 203 0
193 286 0
193 301 0
194 203 0
194 275 0
194 304 0
195 309 0
195 330 0
195 358 0
196 436 0
196 447 0
197 284 0
197 292 0
197 383 0
199 282 0
201 371 0
203 434 0
204 277 0
204 356 0
204 405 0
205 215 0
206 279 0
206 288 0
206 341 0
207 294 0
209 299 0
209 351 0
212 273 0
215 350 0
215 444 0
218 247 0
218 366 0
218 409 0
219 326 0
219 330 0
219 429 0
220 258 0
222 243 0
223 382 0
224 305 0
225 421 0
226 432 0
228 296 0
230 332 0
230 427 0
231 425 0
233 449 0
237 397 0
238 388 0
239 422 0
240 388 0
241 375 0
242 278 0
242 326 0
243 348 0
248 331 0
249 347 0
252 429 0
258 376 0
258 424 0
259 297 0
261 296 0
264 367 0
265 351 0
266 375 0
268 378 0
270 282 0
271 327 0
271 428 0
272 406 0
273 343 0
273 350 0
274 360 0
276 412 0
276 442 0
278 338 0
278 361 0
280 364 0
281 413 0
282 283 0
282 401 0
285 305 0
287 427 0
288 320 0
289 357 0
290 315 0
290 414 0
293 361 0
294 333 0
294 441 0
294 442 0
295 359 0
296 392 0
296 429 0
297 418 0
298 407 0
298 411 0
298 412 0
299 409 0
300 413 0
302 338 0
303 432 0
306 367 0
308 351 0
311 448 0
314 383 0
314 426 0
315 344 0
316 391 0
319 388 0
320 366 0
320 383 0
320 428 0
324 330 0
325 347 0
326 366 0
326 434 0
331 410 0
337 357 0
337 434 0
339 442 0
344 377 0
346 388 0
347 402 0
347 433 0
352 375 0
354 439 0
355 377 0
356 371 0
359 398 0
360 413 0
368 406 0
369 438 0
375 412 0
377 446 0
378 417 0
378 440 0
382 423 0
382 428 0
383 441 0
385 425 0
386 422 0
394 439 0
406 430 0
412 416 0
413 429 0
425 440 0
428 432 0
434 440 0
