140 157 0
1 62 0
1 77 0
1 78 0
1 81 0
1 103 0
2 5 0
2 25 0
2 33 0
2 135 0
3 15 0
3 57 0
3 66 0
3 90 0
4 14 0
6 14 0
6 23 0
6 35 0
6 74 0
6 121 0
7 96 0
8 96 0
9 68 0
10 108 0
11 105 0
12 26 0
12 45 0
12 128 0
12 133 0
13 30 0
13 92 0
13 101 0
13 132 0
14 32 0
14 55 0
15 67 0
15 73 0
15 74 0
15 98 0
15 121 0
16 108 0
17 21 0
17 75 0
17 116 0
18 133 0
19 87 0
20 52 0
21 121 0
22 86 0
23 34 0
23 46 0
23 123 0
24 73 0
26 31 0
26 38 0
26 41 0
27 108 0
28 121 0
29 35 0
31 76 0
31 77 0
31 118 0
33 73 0
33 95 0
33 122 0
33 134 0
35 104 0
35 120 0
36 52 0
37 121 0
38 74 0
38 134 0
39 91 0
39 96 0
40 112 0
40 133 0
41 47 0
41 109 0
41 126 0
42 109 0
43 87 0
44 45 0
45 85 0
45 89 0
46 70 0
47 54 0
47 93 0
47 108 0
47 115 0
48 97 0
48 100 0
48 105 0
48 117 0
48 122 0
49 128 0
50 91 0
51 60 0
51 95 0
51 101 0
52 59 0
52 76 0
53 56 0
53 63 0
53 87 0
53 134 0
56 103 0
56 124 0
56 127 0
58 96 0
58 119 0
60 88 0
61 116 0
63 72 0
63 94 0
63 98 0
64 67 0
64 127 0
65 95 0
67 107 0
67 112 0
68 84 0
68 117 0
68 131 0
69 73 0
70 133 0
71 87 0
73 83 0
74 117 0
75 91 0
76 88 0
76 116 0
77 96 0
77 105 0
79 105 0
80 95 0
82 111 0
82 128 0
86 117 0
86 130 0
86 136 0
88 114 0
88 138 0
91 92 0
92 108 0
92 134 0
99 109 0
102 118 0
105 111 0
106 118 0
106 119 0
109 139 0
110 128 0
113 118 0
116 137 0
125 126 0
126 129 0
126 140 0
137 140 0
