300 407 0
1 88 0
1 96 0
2 150 0
2 159 0
2 163 0
2 194 0
3 23 0
3 137 0
3 204 0
3 292 0
4 21 0
4 112 0
5 94 0
5 101 0
5 155 0
5 162 0
5 215 0
6 40 0
6 45 0
6 177 0
6 281 0
7 193 0
8 194 0
8 220 0
9 40 0
10 96 0
10 277 0
11 73 0
11 209 0
12 130 0
13 22 0
13 130 0
13 147 0
13 178 0
13 196 0
13 230 0
14 29 0
14 175 0
14 190 0
15 22 0
15 183 0
15 186 0
16 105 0
17 241 0
18 57 0
18 103 0
18 255 0
19 27 0
19 182 0
19 228 0
19 273 0
20 106 0
20 193 0
21 73 0
21 115 0
21 284 0
22 34 0
22 43 0
22 92 0
22 131 0
23 212 0
23 219 0
23 260 0
24 125 0
24 132 0
24 211 0
24 270 0
25 215 0
26 80 0
26 83 0
26 105 0
26 129 0
26 134 0
26 253 0
27 84 0
27 190 0
27 218 0
28 226 0
29 147 0
29 187 0
29 221 0
29 278 0
30 157 0
31 42 0
31 51 0
31 137 0
31 162 0
32 199 0
33 209 0
35 116 0
36 45 0
36 83 0
36 131 0
36 178 0
37 274 0
38 112 0
39 40 0
39 109 0
39 248 0
40 259 0
41 170 0
42 173 0
42 205 0
42 210 0
42 236 0
43 66 0
44 49 0
44 166 0
45 65 0
45 188 0
45 298 0
46 65 0
46 118 0
46 196 0
46 237 0
46 268 0
46 296 0
47 184 0
47 232 0
47 281 0
48 51 0
49 55 0
49 97 0
49 207 0
49 209 0
49 241 0
49 254 0
50 97 0
50 133 0
50 161 0
51 67 0
51 86 0
51 146 0
52 220 0
52 272 0
53 119 0
53 144 0
53 277 0
54 145 0
54 225 0
55 67 0
55 230 0
56 172 0
56 195 0
57 67 0
57 73 0
57 100 0
57 246 0
58 181 0
58 246 0
59 79 0
59 91 0
59 188 0
59 242 0
59 276 0
60 216 0
61 190 0
62 226 0
63 157 0
64 199 0
65 181 0
65 199 0
65 213 0
66 76 0
66 96 0
66 191 0
67 104 0
67 113 0
67 269 0
68 112 0
69 134 0
70 94 0
71 149 0
71 273 0
72 117 0
72 159 0
73 97 0
73 218 0
73 297 0
74 80 0
74 112 0
74 219 0
75 197 0
76 133 0
77 137 0
78 108 0
78 161 0
79 106 0
80 153 0
80 185 0
80 229 0
81 137 0
82 84 0
83 160 0
83 269 0
83 270 0
84 227 0
84 279 0
85 141 0
87 116 0
88 255 0
88 265 0
88 282 0
89 181 0
90 94 0
91 239 0
92 139 0
93 131 0
93 162 0
93 203 0
93 282 0
93 300 0
94 208 0
94 230 0
95 230 0
96 111 0
96 192 0
96 197 0
97 152 0
97 262 0
98 105 0
98 106 0
99 197 0
101 102 0
101 202 0
101 290 0
103 111 0
104 238 0
105 151 0
105 189 0
105 245 0
106 269 0
106 288 0
107 121 0
107 122 0
107 189 0
107 216 0
108 252 0
109 296 0
110 214 0
111 158 0
111 180 0
112 188 0
114 177 0
115 278 0
116 143 0
116 203 0
117 133 0
117 184 0
117 201 0
117 299 0
118 262 0
118 282 0
119 230 0
120 123 0
121 172 0
121 176 0
121 257 0
121 262 0
121 275 0
122 133 0
122 271 0
123 127 0
123 142 0
123 188 0
124 162 0
124 169 0
124 171 0
124 175 0
124 219 0
125 133 0
126 253 0
127 155 0
127 168 0
127 245 0
128 190 0
129 157 0
130 236 0
130 263 0
130 269 0
130 289 0
131 152 0
133 279 0
134 261 0
134 285 0
135 198 0
135 241 0
136 297 0
137 186 0
138 144 0
139 281 0
140 271 0
141 270 0
141 272 0
141 280 0
142 269 0
143 256 0
144 164 0
144 183 0
144 213 0
144 282 0
145 179 0
145 184 0
145 243 0
146 213 0
147 172 0
147 192 0
147 252 0
148 241 0
149 168 0
149 262 0
149 283 0
151 271 0
152 188 0
152 192 0
152 218 0
153 241 0
154 193 0
155 253 0
156 161 0
156 175 0
156 276 0
157 203 0
159 178 0
159 226 0
159 296 0
160 252 0
160 259 0
161 200 0
161 201 0
163 227 0
165 224 0
166 240 0
166 266 0
166 269 0
167 205 0
167 209 0
167 225 0
168 204 0
170 174 0
170 183 0
170 196 0
172 249 0
172 250 0
174 178 0
174 251 0
174 283 0
177 258 0
177 286 0
178 183 0
181 198 0
183 193 0
183 220 0
184 218 0
184 274 0
186 214 0
192 219 0
193 241 0
193 287 0
195 254 0
197 247 0
199 204 0
200 218 0
200 224 0
200 277 0
201 212 0
203 253 0
205 225 0
205 244 0
205 262 0
205 267 0
205 275 0
206 226 0
207 253 0
209 243 0
214 219 0
214 245 0
215 231 0
215 295 0
216 235 0
216 270 0
217 296 0
219 271 0
220 223 0
222 296 0
224 233 0
224 264 0
228 271 0
230 239 0
232 254 0
234 296 0
234 297 0
237 298 0
238 297 0
242 294 0
248 252 0
249 252 0
251 281 0
254 291 0
256 292 0
269 288 0
274 293 0
274 300 0
277 294 0
282 292 0
292 298 0
292 299 0
