80 93 0
1 65 0
2 13 0
3 32 0
4 32 0
5 20 0
5 22 0
5 32 0
5 35 0
5 73 0
5 80 0
6 11 0
7 13 0
8 11 0
9 18 0
9 41 0
9 60 0
9 69 0
10 29 0
11 21 0
11 74 0
11 77 0
11 78 0
12 25 0
12 48 0
12 77 0
13 28 0
13 34 0
13 36 0
14 36 0
14 38 0
14 48 0
14 67 0
14 79 0
15 16 0
16 37 0
16 49 0
16 74 0
17 38 0
17 68 0
19 32 0
19 76 0
20 47 0
21 29 0
22 41 0
23 47 0
23 48 0
24 39 0
25 28 0
25 35 0
25 60 0
26 29 0
27 34 0
27 51 0
28 51 0
28 68 0
29 37 0
30 75 0
31 76 0
32 37 0
32 42 0
33 39 0
34 52 0
35 39 0
35 64 0
35 76 0
37 48 0
39 58 0
40 56 0
43 68 0
44 54 0
45 46 0
46 75 0
47 60 0
47 66 0
48 75 0
50 56 0
51 59 0
51 72 0
52 61 0
52 70 0
52 77 0
53 54 0
54 64 0
54 77 0
55 56 0
56 60 0
56 61 0
57 65 0
62 76 0
63 68 0
64 78 0
65 71 0
65 75 0
