350 378 0
1 313 0
2 221 0
3 116 0
3 123 0
3 186 0
3 249 0
3 318 0
4 228 0
5 17 0
5 35 0
5 153 0
5 349 0
6 58 0
6 105 0
6 217 0
6 271 0
6 272 0
7 144 0
8 14 0
8 42 0
8 210 0
8 289 0
9 94 0
9 229 0
9 238 0
9 299 0
10 233 0
11 55 0
11 59 0
11 130 0
11 265 0
11 290 0
11 340 0
12 99 0
13 113 0
14 49 0
14 111 0
14 134 0
14 148 0
14 285 0
15 317 0
16 48 0
16 100 0
16 209 0
16 322 0
17 74 0
17 125 0
17 237 0
18 73 0
18 87 0
18 117 0
19 81 0
19 118 0
19 165 0
19 330 0
20 218 0
21 215 0
22 125 0
23 317 0
24 25 0
25 59 0
25 112 0
25 203 0
25 254 0
26 70 0
26 274 0
26 320 0
26 328 0
27 120 0
28 49 0
28 51 0
28 93 0
28 220 0
29 124 0
29 132 0
29 227 0
29 323 0
30 174 0
31 79 0
32 175 0
33 221 0
34 247 0
36 38 0
37 180 0
38 69 0
38 199 0
38 273 0
39 80 0
39 155 0
39 259 0
39 328 0
40 82 0
41 90 0
43 122 0
43 191 0
43 222 0
43 284 0
44 62 0
45 264 0
46 203 0
46 292 0
47 203 0
48 54 0
48 170 0
48 298 0
50 135 0
52 134 0
53 234 0
56 320 0
57 74 0
57 89 0
57 115 0
57 306 0
59 80 0
59 178 0
60 120 0
61 70 0
62 127 0
62 129 0
62 142 0
62 305 0
63 237 0
64 121 0
65 257 0
66 147 0
66 165 0
67 279 0
68 73 0
69 73 0
69 267 0
69 326 0
70 168 0
70 236 0
71 95 0
71 116 0
71 159 0
71 161 0
71 162 0
72 86 0
72 138 0
72 177 0
72 232 0
73 137 0
74 108 0
74 242 0
75 248 0
76 176 0
77 237 0
78 233 0
79 109 0
79 179 0
79 246 0
79 256 0
80 105 0
80 300 0
82 114 0
82 122 0
82 261 0
83 141 0
83 216 0
83 250 0
83 337 0
84 88 0
85 326 0
87 348 0
88 119 0
88 226 0
88 227 0
88 297 0
90 116 0
90 241 0
90 251 0
91 180 0
92 96 0
92 104 0
92 108 0
92 220 0
94 161 0
94 315 0
94 341 0
96 99 0
96 193 0
96 257 0
97 121 0
98 128 0
98 227 0
98 304 0
98 314 0
99 133 0
99 158 0
100 190 0
100 208 0
100 270 0
101 313 0
102 161 0
103 218 0
103 233 0
103 248 0
103 322 0
104 120 0
104 264 0
104 277 0
105 176 0
105 313 0
106 211 0
106 295 0
106 301 0
106 347 0
107 268 0
108 155 0
108 267 0
109 224 0
109 296 0
109 328 0
110 332 0
111 139 0
111 333 0
111 350 0
113 140 0
113 333 0
113 338 0
116 267 0
116 290 0
117 326 0
120 267 0
120 281 0
121 302 0
121 333 0
122 244 0
122 259 0
122 332 0
125 183 0
125 192 0
126 279 0
128 251 0
131 234 0
134 197 0
134 342 0
135 223 0
135 268 0
135 285 0
135 350 0
136 315 0
139 155 0
139 322 0
139 341 0
141 221 0
141 259 0
141 303 0
142 247 0
142 267 0
142 292 0
143 193 0
144 242 0
145 218 0
146 171 0
147 173 0
147 288 0
147 295 0
148 151 0
148 235 0
148 307 0
149 343 0
150 303 0
152 237 0
154 203 0
156 313 0
157 317 0
158 229 0
158 303 0
160 292 0
161 311 0
161 331 0
163 233 0
164 257 0
166 326 0
167 231 0
169 296 0
171 300 0
171 324 0
171 340 0
172 257 0
174 177 0
174 263 0
174 329 0
175 205 0
175 287 0
175 330 0
176 250 0
176 334 0
176 345 0
177 327 0
177 328 0
178 297 0
178 312 0
178 316 0
180 189 0
180 220 0
181 292 0
182 185 0
182 230 0
182 300 0
182 310 0
184 327 0
187 224 0
188 209 0
193 269 0
193 336 0
194 247 0
195 315 0
196 303 0
198 253 0
198 279 0
200 332 0
201 303 0
202 225 0
203 330 0
203 346 0
204 224 0
206 234 0
207 242 0
209 266 0
209 276 0
211 319 0
212 215 0
213 228 0
214 296 0
215 291 0
215 295 0
218 262 0
219 296 0
220 317 0
221 243 0
224 271 0
225 258 0
225 280 0
225 308 0
227 341 0
228 290 0
228 300 0
231 248 0
231 280 0
231 282 0
231 339 0
232 258 0
234 269 0
234 280 0
239 274 0
240 320 0
242 348 0
244 327 0
245 248 0
246 277 0
247 286 0
248 305 0
252 268 0
253 348 0
255 332 0
259 330 0
260 327 0
264 283 0
264 325 0
268 333 0
268 335 0
274 294 0
274 321 0
275 343 0
277 293 0
277 318 0
278 320 0
279 350 0
280 322 0
281 350 0
295 341 0
309 315 0
319 343 0
343 350 0
344 348 0
