80 147 0
1 19 0
1 40 0
1 43 0
1 64 0
1 74 0
2 5 0
2 17 0
2 21 0
2 28 0
2 49 0
2 51 0
3 5 0
3 15 0
3 31 0
4 13 0
4 35 0
4 39 0
4 57 0
4 66 0
5 16 0
5 44 0
5 70 0
6 10 0
7 17 0
7 59 0
8 80 0
9 23 0
9 30 0
9 76 0
10 15 0
10 35 0
10 44 0
10 47 0
11 33 0
11 57 0
11 58 0
11 63 0
12 54 0
12 80 0
13 19 0
13 44 0
13 65 0
14 31 0
15 30 0
15 55 0
15 74 0
16 23 0
16 51 0
17 20 0
17 23 0
17 27 0
17 39 0
18 30 0
18 42 0
18 65 0
18 66 0
18 74 0
19 67 0
19 72 0
19 77 0
20 25 0
20 31 0
20 47 0
21 24 0
22 27 0
22 31 0
22 43 0
23 55 0
23 65 0
23 80 0
24 36 0
24 43 0
24 72 0
24 78 0
25 72 0
25 76 0
26 67 0
28 44 0
28 70 0
29 53 0
29 55 0
29 72 0
30 47 0
31 66 0
31 80 0
32 52 0
32 60 0
32 71 0
33 62 0
34 54 0
34 71 0
35 41 0
35 71 0
35 78 0
36 39 0
36 52 0
36 67 0
36 71 0
37 41 0
38 43 0
39 68 0
39 76 0
40 71 0
41 46 0
41 69 0
43 52 0
43 65 0
43 66 0
44 58 0
44 69 0
44 80 0
45 54 0
45 72 0
45 78 0
46 72 0
47 74 0
48 72 0
49 72 0
50 53 0
51 52 0
51 74 0
52 76 0
53 56 0
53 58 0
53 59 0
54 58 0
54 60 0
54 73 0
55 67 0
55 71 0
55 80 0
56 75 0
57 73 0
58 62 0
61 72 0
62 68 0
64 77 0
67 75 0
68 70 0
68 79 0
71 77 0
72 76 0
72 79 0
74 77 0
74 79 0
76 77 0
78 80 0
