120 136 0
1 64 0
2 22 0
2 45 0
2 65 0
2 92 0
3 11 0
3 27 0
3 48 0
3 54 0
3 108 0
4 28 0
4 33 0
4 104 0
4 114 0
5 83 0
6 63 0
7 10 0
8 64 0
9 83 0
10 16 0
10 54 0
10 96 0
11 42 0
11 51 0
11 53 0
12 110 0
13 42 0
14 71 0
15 77 0
17 39 0
18 84 0
19 22 0
19 44 0
19 72 0
19 82 0
19 95 0
20 29 0
21 43 0
22 69 0
22 83 0
22 86 0
23 90 0
24 117 0
25 56 0
25 91 0
25 98 0
25 112 0
26 115 0
27 57 0
27 86 0
28 39 0
28 50 0
28 57 0
29 52 0
29 87 0
29 109 0
30 76 0
30 84 0
31 57 0
31 77 0
31 90 0
31 113 0
32 110 0
34 53 0
35 101 0
35 105 0
36 71 0
37 57 0
37 64 0
37 84 0
37 106 0
38 73 0
38 77 0
39 43 0
39 74 0
39 103 0
39 104 0
40 71 0
41 51 0
42 100 0
42 108 0
42 118 0
43 47 0
43 67 0
43 109 0
44 45 0
46 110 0
47 90 0
48 63 0
48 71 0
48 86 0
48 110 0
49 53 0
50 58 0
50 76 0
50 88 0
51 66 0
51 116 0
53 94 0
54 101 0
54 117 0
55 113 0
57 78 0
59 101 0
60 97 0
61 101 0
62 73 0
63 68 0
63 105 0
64 95 0
69 106 0
70 77 0
72 115 0
73 78 0
73 91 0
75 113 0
76 118 0
77 93 0
79 113 0
80 97 0
81 117 0
83 119 0
84 93 0
84 111 0
85 117 0
86 91 0
86 109 0
87 119 0
89 115 0
90 99 0
90 102 0
91 115 0
97 109 0
100 115 0
106 107 0
106 120 0
