40 92 0
1 7 0
1 20 0
1 31 0
2 10 0
2 12 0
2 14 0
2 17 0
2 22 0
2 24 0
2 25 0
2 28 0
2 35 0
3 19 0
3 20 0
3 27 0
3 33 0
3 37 0
4 12 0
4 16 0
4 17 0
4 25 0
4 29 0
4 33 0
4 34 0
5 28 0
6 33 0
7 9 0
7 18 0
7 34 0
8 10 0
8 21 0
8 22 0
8 40 0
9 11 0
9 12 0
9 16 0
9 19 0
9 21 0
9 24 0
11 36 0
12 20 0
12 27 0
12 35 0
13 17 0
13 22 0
13 23 0
13 35 0
13 40 0
14 20 0
14 32 0
15 28 0
15 31 0
15 38 0
16 31 0
16 33 0
17 24 0
17 29 0
17 32 0
17 36 0
17 38 0
17 40 0
18 20 0
18 23 0
18 25 0
18 30 0
18 31 0
18 35 0
19 29 0
20 29 0
20 35 0
20 39 0
21 25 0
21 26 0
21 35 0
22 38 0
23 37 0
25 30 0
25 34 0
25 38 0
26 28 0
27 28 0
27 35 0
28 29 0
28 39 0
28 40 0
29 38 0
30 31 0
30 38 0
31 34 0
33 37 0
36 38 0
38 40 0
