900 1034 0
1 58 0
1 85 0
1 251 0
1 483 0
1 489 0
2 14 0
2 696 0
2 753 0
3 162 0
3 170 0
3 759 0
3 807 0
4 758 0
5 272 0
6 475 0
7 184 0
8 182 0
8 241 0
8 353 0
8 393 0
9 537 0
9 646 0
9 687 0
10 339 0
11 92 0
11 96 0
11 457 0
11 758 0
11 834 0
12 621 0
12 727 0
12 761 0
12 831 0
13 236 0
13 365 0
13 517 0
13 707 0
13 857 0
14 134 0
14 323 0
14 343 0
14 573 0
15 300 0
15 530 0
15 536 0
15 618 0
16 347 0
16 356 0
16 368 0
17 112 0
17 208 0
17 226 0
17 366 0
18 62 0
19 181 0
20 320 0
21 738 0
22 158 0
22 552 0
22 610 0
22 641 0
22 648 0
23 736 0
24 58 0
24 408 0
24 595 0
24 604 0
25 896 0
26 510 0
26 697 0
26 895 0
27 48 0
27 207 0
27 605 0
27 805 0
27 839 0
28 570 0
29 738 0
30 45 0
31 555 0
32 680 0
33 492 0
34 85 0
34 128 0
34 220 0
34 518 0
34 586 0
34 808 0
35 113 0
36 39 0
36 59 0
36 194 0
36 875 0
37 350 0
38 347 0
39 109 0
39 245 0
39 886 0
40 276 0
40 328 0
40 381 0
40 635 0
41 895 0
42 284 0
42 518 0
42 548 0
42 847 0
43 896 0
44 119 0
44 514 0
44 628 0
44 739 0
45 435 0
45 551 0
45 796 0
46 308 0
46 394 0
46 540 0
46 566 0
46 684 0
47 427 0
48 335 0
48 521 0
49 82 0
49 632 0
49 698 0
50 863 0
51 375 0
52 475 0
52 633 0
52 808 0
53 607 0
54 492 0
54 775 0
54 800 0
55 351 0
55 394 0
55 537 0
56 175 0
56 422 0
56 508 0
56 527 0
56 835 0
57 363 0
57 386 0
57 387 0
57 768 0
57 775 0
58 183 0
58 511 0
60 327 0
60 776 0
60 898 0
61 387 0
62 142 0
62 413 0
62 600 0
62 850 0
63 431 0
64 245 0
65 831 0
66 195 0
66 497 0
66 590 0
66 597 0
67 132 0
67 287 0
67 538 0
67 790 0
68 363 0
69 113 0
70 743 0
71 180 0
71 196 0
71 409 0
72 521 0
73 589 0
74 289 0
74 494 0
74 548 0
74 673 0
74 899 0
75 367 0
75 626 0
75 669 0
75 726 0
76 469 0
77 898 0
78 238 0
79 635 0
80 663 0
81 697 0
82 752 0
82 836 0
82 900 0
83 118 0
83 250 0
83 580 0
83 809 0
84 339 0
85 686 0
86 189 0
86 440 0
86 461 0
86 867 0
87 824 0
88 428 0
89 832 0
90 354 0
91 147 0
92 164 0
92 338 0
93 543 0
94 540 0
95 887 0
96 253 0
96 441 0
96 504 0
97 718 0
98 119 0
98 333 0
98 470 0
98 574 0
99 414 0
99 476 0
99 520 0
99 527 0
99 645 0
100 278 0
101 423 0
102 209 0
103 261 0
103 494 0
103 498 0
104 427 0
104 700 0
104 785 0
105 587 0
106 121 0
107 550 0
107 557 0
107 621 0
108 511 0
109 176 0
109 371 0
109 714 0
109 876 0
110 222 0
111 667 0
112 151 0
112 368 0
112 768 0
113 814 0
113 830 0
114 736 0
115 305 0
115 548 0
115 587 0
115 768 0
115 887 0
116 352 0
117 125 0
117 263 0
117 632 0
117 668 0
119 190 0
119 354 0
120 195 0
120 432 0
120 585 0
120 840 0
121 162 0
121 622 0
121 731 0
122 358 0
123 534 0
124 785 0
126 321 0
127 392 0
128 153 0
128 633 0
128 762 0
129 534 0
130 700 0
131 394 0
133 525 0
133 647 0
133 746 0
133 843 0
134 697 0
134 853 0
135 352 0
136 422 0
137 452 0
137 469 0
137 571 0
138 457 0
139 706 0
140 512 0
141 177 0
141 225 0
141 794 0
141 808 0
141 894 0
142 166 0
142 281 0
142 309 0
143 753 0
144 422 0
145 149 0
146 370 0
147 155 0
147 264 0
147 442 0
148 163 0
148 576 0
148 693 0
148 868 0
149 203 0
149 232 0
149 640 0
149 677 0
150 533 0
150 581 0
150 598 0
150 693 0
151 488 0
151 623 0
151 787 0
152 284 0
152 309 0
152 409 0
152 438 0
153 464 0
153 482 0
153 544 0
154 364 0
154 566 0
154 667 0
156 745 0
157 422 0
159 871 0
160 446 0
161 845 0
162 332 0
162 378 0
162 409 0
164 473 0
164 494 0
164 528 0
165 186 0
165 191 0
165 319 0
165 812 0
165 837 0
166 178 0
166 266 0
166 288 0
167 550 0
167 692 0
167 853 0
167 855 0
168 457 0
169 240 0
169 510 0
169 553 0
169 563 0
171 694 0
172 510 0
173 457 0
174 871 0
175 382 0
175 642 0
175 691 0
179 709 0
180 249 0
180 696 0
180 790 0
180 821 0
181 405 0
181 436 0
181 836 0
183 249 0
183 331 0
183 564 0
183 869 0
184 248 0
184 336 0
184 398 0
184 564 0
185 368 0
187 214 0
187 259 0
187 390 0
187 780 0
187 810 0
188 781 0
190 205 0
190 386 0
190 418 0
191 667 0
191 679 0
191 895 0
192 213 0
193 521 0
195 446 0
195 886 0
196 524 0
196 707 0
196 862 0
197 761 0
198 781 0
199 582 0
200 537 0
201 264 0
201 377 0
201 571 0
201 581 0
201 681 0
202 553 0
204 715 0
204 817 0
204 845 0
206 620 0
209 273 0
209 823 0
209 851 0
210 449 0
211 706 0
212 593 0
213 280 0
213 602 0
213 862 0
215 259 0
215 492 0
215 505 0
216 898 0
217 895 0
218 347 0
219 331 0
219 419 0
219 738 0
220 311 0
220 570 0
220 781 0
221 290 0
221 333 0
221 749 0
221 793 0
222 531 0
222 571 0
222 783 0
222 823 0
223 540 0
224 375 0
225 381 0
225 553 0
227 267 0
227 593 0
227 607 0
227 619 0
228 718 0
229 349 0
230 747 0
231 656 0
232 534 0
232 589 0
232 679 0
233 831 0
234 532 0
235 356 0
237 553 0
238 316 0
238 611 0
238 888 0
239 762 0
240 462 0
240 809 0
240 823 0
242 378 0
242 438 0
242 639 0
242 699 0
242 797 0
242 871 0
243 541 0
243 620 0
243 835 0
243 896 0
244 400 0
245 376 0
245 766 0
246 272 0
247 354 0
249 440 0
249 518 0
249 862 0
252 687 0
254 896 0
255 425 0
255 611 0
255 767 0
255 827 0
256 758 0
257 417 0
258 364 0
258 715 0
258 718 0
258 898 0
259 475 0
259 860 0
260 354 0
261 285 0
261 310 0
261 338 0
261 407 0
261 419 0
262 612 0
264 316 0
264 328 0
264 468 0
264 706 0
265 555 0
267 353 0
267 461 0
267 462 0
268 563 0
269 391 0
270 308 0
271 591 0
272 517 0
272 527 0
273 871 0
273 886 0
274 311 0
275 470 0
275 599 0
275 734 0
275 777 0
275 801 0
276 337 0
276 546 0
276 820 0
277 327 0
277 375 0
277 508 0
278 374 0
278 586 0
278 696 0
279 582 0
281 650 0
281 682 0
281 750 0
282 500 0
282 652 0
282 672 0
282 830 0
283 747 0
284 505 0
284 557 0
284 672 0
286 358 0
289 504 0
289 541 0
291 391 0
292 785 0
293 583 0
294 866 0
295 853 0
296 332 0
296 558 0
296 632 0
297 594 0
298 305 0
299 797 0
301 445 0
302 471 0
303 654 0
304 587 0
305 720 0
305 834 0
306 554 0
307 358 0
308 799 0
308 854 0
309 367 0
309 693 0
311 408 0
311 754 0
311 856 0
312 451 0
313 692 0
314 619 0
315 747 0
316 667 0
317 326 0
318 715 0
320 708 0
320 760 0
320 816 0
321 322 0
321 421 0
321 816 0
324 535 0
324 676 0
324 719 0
324 810 0
325 541 0
326 459 0
326 652 0
326 724 0
327 575 0
327 592 0
327 721 0
327 803 0
328 662 0
328 712 0
329 471 0
330 860 0
331 490 0
331 700 0
331 709 0
331 772 0
332 378 0
332 784 0
333 562 0
333 755 0
334 381 0
335 359 0
335 447 0
335 791 0
338 518 0
338 743 0
339 495 0
339 564 0
340 543 0
341 410 0
341 470 0
341 490 0
341 838 0
342 718 0
344 619 0
345 624 0
346 582 0
347 790 0
348 351 0
348 552 0
348 554 0
349 379 0
349 573 0
349 658 0
350 509 0
350 649 0
350 655 0
351 373 0
351 710 0
351 805 0
352 647 0
352 879 0
353 569 0
353 884 0
355 762 0
356 406 0
356 486 0
356 645 0
357 445 0
358 500 0
359 438 0
359 646 0
359 656 0
360 745 0
361 445 0
362 391 0
363 397 0
363 479 0
364 536 0
364 573 0
364 574 0
367 400 0
367 502 0
368 801 0
368 842 0
368 859 0
369 687 0
370 675 0
370 704 0
370 809 0
372 502 0
375 470 0
375 702 0
375 834 0
380 387 0
381 786 0
381 806 0
383 654 0
384 399 0
385 452 0
386 391 0
387 630 0
388 511 0
389 449 0
391 757 0
392 559 0
392 810 0
392 870 0
394 802 0
395 755 0
396 450 0
398 635 0
398 845 0
398 897 0
399 670 0
399 789 0
399 821 0
400 711 0
400 813 0
401 700 0
401 727 0
401 811 0
402 620 0
403 860 0
404 427 0
408 735 0
409 494 0
409 645 0
411 583 0
412 633 0
415 428 0
415 508 0
415 582 0
416 646 0
417 573 0
417 616 0
417 770 0
419 427 0
419 566 0
419 583 0
420 824 0
423 625 0
423 713 0
423 808 0
424 865 0
426 589 0
427 683 0
428 572 0
428 809 0
429 709 0
430 686 0
431 460 0
431 632 0
431 849 0
433 680 0
434 654 0
435 438 0
435 492 0
435 864 0
437 745 0
438 600 0
439 565 0
440 761 0
443 498 0
444 866 0
445 862 0
446 614 0
446 617 0
446 684 0
448 841 0
449 611 0
449 764 0
450 609 0
450 699 0
450 817 0
451 606 0
451 717 0
451 751 0
452 652 0
452 740 0
452 828 0
453 663 0
454 873 0
455 624 0
456 694 0
457 803 0
458 607 0
461 680 0
461 824 0
462 490 0
462 575 0
462 660 0
462 847 0
463 884 0
465 824 0
466 467 0
467 608 0
467 647 0
467 844 0
468 540 0
468 632 0
469 500 0
469 688 0
471 485 0
471 717 0
472 504 0
472 557 0
472 632 0
472 810 0
474 537 0
475 504 0
477 591 0
478 692 0
480 871 0
481 563 0
484 727 0
487 624 0
491 797 0
492 539 0
493 687 0
494 554 0
496 887 0
498 728 0
498 830 0
499 644 0
500 663 0
501 587 0
502 763 0
502 795 0
503 853 0
504 612 0
505 521 0
505 565 0
506 656 0
507 554 0
508 631 0
508 733 0
508 877 0
509 521 0
509 660 0
509 785 0
510 714 0
510 882 0
511 774 0
512 529 0
512 742 0
512 817 0
512 891 0
513 885 0
515 698 0
516 698 0
517 863 0
517 872 0
518 768 0
519 848 0
521 825 0
522 570 0
523 761 0
526 562 0
527 812 0
532 549 0
532 690 0
532 808 0
534 610 0
536 555 0
536 707 0
536 860 0
537 685 0
537 892 0
541 852 0
542 612 0
543 558 0
543 748 0
545 776 0
547 633 0
550 665 0
550 869 0
552 686 0
552 800 0
552 855 0
552 873 0
554 627 0
555 703 0
556 667 0
557 566 0
557 886 0
558 566 0
558 594 0
558 735 0
560 736 0
561 758 0
562 833 0
562 878 0
563 579 0
564 698 0
564 699 0
565 693 0
565 846 0
567 873 0
568 639 0
569 788 0
569 861 0
569 874 0
570 773 0
571 824 0
573 725 0
574 679 0
574 847 0
575 727 0
577 594 0
578 686 0
581 866 0
582 821 0
583 661 0
583 784 0
584 589 0
586 797 0
588 864 0
591 792 0
591 805 0
593 651 0
593 801 0
594 634 0
594 811 0
596 776 0
600 698 0
601 785 0
602 871 0
602 872 0
603 619 0
607 812 0
610 624 0
611 621 0
611 857 0
612 891 0
613 865 0
615 709 0
620 744 0
621 712 0
621 757 0
624 823 0
629 753 0
632 747 0
633 729 0
635 678 0
635 705 0
636 735 0
637 853 0
638 865 0
639 664 0
639 675 0
639 897 0
640 697 0
640 700 0
643 864 0
644 798 0
644 815 0
644 816 0
645 758 0
646 769 0
647 872 0
652 687 0
653 781 0
654 892 0
656 732 0
657 832 0
659 761 0
660 817 0
660 892 0
662 743 0
662 841 0
662 885 0
663 804 0
663 891 0
666 841 0
671 755 0
672 855 0
672 872 0
674 873 0
675 698 0
679 816 0
680 778 0
684 762 0
689 841 0
692 858 0
694 800 0
694 817 0
695 860 0
696 736 0
696 753 0
697 803 0
701 884 0
706 722 0
712 835 0
712 847 0
712 857 0
714 797 0
715 782 0
715 890 0
716 885 0
717 845 0
717 886 0
723 866 0
725 887 0
730 832 0
735 811 0
735 880 0
737 775 0
738 790 0
741 831 0
743 765 0
745 892 0
753 893 0
755 883 0
756 884 0
757 811 0
757 832 0
757 848 0
771 863 0
775 889 0
776 779 0
776 830 0
784 830 0
785 869 0
800 860 0
803 872 0
805 855 0
818 864 0
819 863 0
821 865 0
822 848 0
826 885 0
829 895 0
835 836 0
836 866 0
848 881 0
884 897 0
