250 273 0
1 66 0
1 74 0
1 159 0
1 242 0
2 87 0
3 79 0
3 81 0
4 102 0
4 153 0
4 178 0
4 215 0
5 203 0
6 49 0
7 164 0
8 249 0
9 85 0
9 104 0
9 108 0
9 111 0
9 234 0
10 32 0
10 56 0
10 120 0
10 228 0
11 89 0
12 106 0
13 73 0
14 192 0
15 44 0
15 163 0
15 169 0
15 198 0
16 52 0
17 58 0
17 177 0
18 152 0
18 173 0
19 70 0
20 34 0
21 168 0
22 239 0
23 47 0
23 99 0
23 111 0
23 245 0
24 33 0
24 76 0
24 137 0
24 177 0
25 229 0
26 81 0
26 84 0
27 199 0
27 238 0
28 138 0
28 183 0
28 220 0
28 244 0
29 239 0
30 108 0
30 122 0
30 208 0
30 238 0
31 227 0
33 138 0
34 162 0
34 195 0
34 244 0
35 73 0
36 229 0
37 90 0
37 141 0
37 171 0
37 221 0
38 100 0
38 193 0
38 196 0
38 210 0
39 235 0
40 56 0
40 124 0
40 212 0
40 236 0
41 204 0
42 83 0
43 126 0
43 134 0
44 48 0
44 50 0
44 227 0
45 60 0
46 167 0
48 68 0
48 101 0
48 205 0
48 232 0
49 80 0
49 143 0
49 155 0
50 140 0
50 158 0
50 222 0
51 72 0
51 80 0
51 139 0
51 226 0
52 130 0
52 133 0
52 170 0
53 79 0
53 102 0
53 248 0
54 106 0
55 233 0
56 127 0
56 173 0
57 87 0
58 109 0
58 110 0
58 118 0
59 60 0
60 146 0
60 176 0
61 225 0
62 191 0
63 114 0
63 127 0
63 175 0
63 204 0
64 134 0
65 199 0
66 71 0
67 248 0
68 121 0
68 167 0
68 185 0
69 168 0
70 113 0
70 122 0
70 243 0
71 204 0
73 76 0
73 96 0
75 114 0
76 127 0
76 249 0
77 233 0
78 203 0
79 132 0
80 89 0
80 97 0
81 156 0
81 176 0
82 167 0
83 94 0
83 122 0
83 205 0
84 88 0
84 116 0
84 181 0
84 246 0
86 145 0
86 185 0
87 176 0
87 230 0
89 188 0
89 202 0
91 192 0
92 121 0
93 132 0
95 106 0
97 111 0
97 118 0
97 194 0
98 151 0
101 103 0
101 194 0
103 128 0
103 129 0
103 210 0
105 179 0
106 137 0
106 181 0
107 227 0
111 218 0
112 132 0
112 225 0
114 123 0
114 136 0
115 199 0
117 132 0
118 119 0
118 164 0
119 147 0
119 200 0
119 209 0
121 144 0
121 184 0
122 200 0
122 219 0
125 185 0
126 145 0
126 166 0
126 180 0
126 232 0
127 194 0
128 170 0
128 242 0
128 244 0
129 176 0
129 181 0
129 192 0
131 134 0
132 134 0
132 141 0
132 174 0
134 210 0
135 249 0
141 219 0
141 233 0
142 192 0
142 235 0
148 214 0
149 168 0
150 233 0
151 207 0
151 242 0
151 250 0
152 227 0
153 191 0
153 219 0
153 239 0
154 172 0
154 218 0
157 204 0
160 248 0
161 225 0
164 172 0
164 216 0
165 185 0
165 195 0
165 248 0
167 217 0
168 232 0
170 203 0
170 229 0
173 182 0
173 206 0
174 235 0
175 189 0
175 231 0
175 247 0
179 181 0
179 224 0
179 241 0
186 191 0
187 229 0
190 249 0
191 197 0
192 235 0
194 219 0
196 247 0
199 242 0
201 214 0
202 222 0
203 240 0
210 225 0
211 218 0
213 214 0
214 244 0
218 223 0
232 248 0
237 239 0
