120 202 0
1 111 0
2 55 0
2 69 0
2 91 0
3 19 0
3 26 0
3 71 0
3 77 0
3 82 0
4 49 0
4 92 0
4 106 0
4 114 0
5 27 0
5 36 0
5 40 0
5 70 0
6 22 0
6 24 0
6 30 0
6 67 0
6 96 0
6 97 0
6 108 0
7 43 0
7 113 0
8 47 0
8 106 0
8 119 0
9 30 0
9 54 0
9 91 0
9 97 0
9 113 0
10 47 0
10 92 0
10 117 0
11 49 0
11 101 0
12 21 0
12 36 0
12 83 0
12 102 0
13 31 0
13 50 0
13 53 0
13 87 0
14 40 0
15 70 0
15 110 0
16 24 0
16 38 0
16 44 0
16 45 0
16 102 0
17 37 0
18 41 0
18 103 0
19 20 0
19 46 0
19 76 0
19 100 0
19 114 0
19 118 0
20 30 0
20 34 0
20 57 0
20 111 0
21 49 0
21 58 0
22 68 0
22 89 0
22 112 0
23 67 0
24 44 0
25 70 0
26 60 0
26 63 0
26 103 0
26 115 0
27 29 0
27 32 0
27 45 0
27 102 0
27 114 0
28 33 0
28 71 0
28 72 0
28 76 0
28 99 0
29 30 0
29 73 0
29 115 0
30 83 0
31 66 0
31 93 0
32 101 0
32 103 0
34 69 0
34 85 0
34 98 0
34 105 0
35 97 0
35 110 0
36 95 0
36 98 0
37 51 0
37 56 0
37 99 0
37 114 0
38 40 0
38 42 0
38 45 0
38 97 0
39 71 0
39 78 0
40 74 0
40 86 0
41 47 0
41 95 0
42 52 0
42 71 0
42 104 0
43 117 0
43 120 0
45 78 0
46 47 0
46 48 0
46 70 0
46 101 0
47 76 0
47 114 0
48 117 0
49 92 0
51 106 0
51 119 0
53 63 0
53 64 0
53 101 0
53 115 0
54 67 0
55 67 0
55 119 0
56 114 0
57 78 0
57 103 0
57 115 0
57 119 0
58 62 0
58 80 0
58 102 0
58 113 0
59 65 0
59 91 0
60 119 0
61 103 0
63 96 0
64 65 0
64 84 0
64 90 0
64 96 0
65 109 0
66 67 0
66 86 0
66 104 0
67 96 0
70 116 0
70 118 0
70 120 0
71 106 0
71 115 0
71 120 0
72 87 0
73 101 0
74 80 0
74 116 0
75 81 0
75 117 0
77 82 0
78 110 0
79 101 0
79 103 0
79 119 0
81 111 0
82 101 0
82 103 0
83 103 0
84 110 0
84 118 0
88 111 0
88 115 0
91 94 0
93 97 0
95 112 0
96 108 0
96 120 0
97 107 0
97 109 0
97 112 0
102 117 0
109 113 0
113 116 0
