450 548 0
1 57 0
2 322 0
3 78 0
3 192 0
3 330 0
4 81 0
4 229 0
5 409 0
6 150 0
6 321 0
7 412 0
8 311 0
9 106 0
10 436 0
11 34 0
11 71 0
11 147 0
11 385 0
12 369 0
13 406 0
14 31 0
14 39 0
14 110 0
14 216 0
14 361 0
15 161 0
15 171 0
16 27 0
16 104 0
17 196 0
17 349 0
17 421 0
18 229 0
18 399 0
19 20 0
19 168 0
20 31 0
20 117 0
20 121 0
20 164 0
20 206 0
20 392 0
21 141 0
22 128 0
22 218 0
22 306 0
23 425 0
24 436 0
24 450 0
25 184 0
25 401 0
26 35 0
26 47 0
26 205 0
26 308 0
26 371 0
27 225 0
28 172 0
28 195 0
28 204 0
28 425 0
28 427 0
29 34 0
29 300 0
29 302 0
29 332 0
29 339 0
30 141 0
31 252 0
31 267 0
31 270 0
31 355 0
32 69 0
32 74 0
32 173 0
32 176 0
33 283 0
33 356 0
34 81 0
34 180 0
34 334 0
34 358 0
35 57 0
35 243 0
36 110 0
36 119 0
36 251 0
36 359 0
37 405 0
38 72 0
38 255 0
40 351 0
41 398 0
42 229 0
43 185 0
43 280 0
43 424 0
43 447 0
44 98 0
44 167 0
44 224 0
44 233 0
44 408 0
45 105 0
45 116 0
45 310 0
45 336 0
46 169 0
46 211 0
46 429 0
46 439 0
48 181 0
48 284 0
49 290 0
50 59 0
51 135 0
52 208 0
53 330 0
53 411 0
54 432 0
55 393 0
56 136 0
56 425 0
57 144 0
57 381 0
58 342 0
59 95 0
59 137 0
59 177 0
59 219 0
60 303 0
61 138 0
61 282 0
61 300 0
61 446 0
62 157 0
63 393 0
64 327 0
65 204 0
65 356 0
66 306 0
67 107 0
67 183 0
67 276 0
67 332 0
68 225 0
68 274 0
68 301 0
68 326 0
70 162 0
70 279 0
70 293 0
70 433 0
71 176 0
72 97 0
72 125 0
72 308 0
73 435 0
75 190 0
75 382 0
75 429 0
75 442 0
76 143 0
77 301 0
78 90 0
78 123 0
78 175 0
78 186 0
78 292 0
79 99 0
79 229 0
80 271 0
80 402 0
81 298 0
81 364 0
82 225 0
83 160 0
83 191 0
83 221 0
83 260 0
84 333 0
85 300 0
85 315 0
85 339 0
86 397 0
87 440 0
88 333 0
89 153 0
91 204 0
92 130 0
93 406 0
94 136 0
94 332 0
94 338 0
94 390 0
95 375 0
95 417 0
96 287 0
99 207 0
99 250 0
99 291 0
100 366 0
101 198 0
101 414 0
102 161 0
102 206 0
102 280 0
102 358 0
103 141 0
103 427 0
104 212 0
104 344 0
104 415 0
106 401 0
106 411 0
106 424 0
108 283 0
109 435 0
110 195 0
110 229 0
111 326 0
112 118 0
112 232 0
112 328 0
112 441 0
113 402 0
114 199 0
114 353 0
114 415 0
114 437 0
115 259 0
115 267 0
115 279 0
115 314 0
115 413 0
117 342 0
117 377 0
117 396 0
120 375 0
122 393 0
123 189 0
123 340 0
123 397 0
124 266 0
126 342 0
127 141 0
127 182 0
127 184 0
127 337 0
128 247 0
129 208 0
130 187 0
130 289 0
130 310 0
130 429 0
131 189 0
132 277 0
133 277 0
134 145 0
135 200 0
135 352 0
135 360 0
135 418 0
137 389 0
139 178 0
139 244 0
139 260 0
139 284 0
140 432 0
141 450 0
142 228 0
143 344 0
143 410 0
143 448 0
144 274 0
144 399 0
144 438 0
145 245 0
145 295 0
145 351 0
145 360 0
145 400 0
146 398 0
148 316 0
149 409 0
150 153 0
151 228 0
152 199 0
152 219 0
152 286 0
152 429 0
152 441 0
153 388 0
153 433 0
154 319 0
154 438 0
155 397 0
156 366 0
156 379 0
156 406 0
157 166 0
157 169 0
157 193 0
157 419 0
158 331 0
159 440 0
160 210 0
160 274 0
160 340 0
161 403 0
163 303 0
164 180 0
164 405 0
165 425 0
166 287 0
166 333 0
166 393 0
166 396 0
168 267 0
168 394 0
168 407 0
170 285 0
170 307 0
170 345 0
171 248 0
171 251 0
171 255 0
171 297 0
172 437 0
173 210 0
173 228 0
173 358 0
174 387 0
175 237 0
175 254 0
175 255 0
175 263 0
178 226 0
178 313 0
178 318 0
179 377 0
180 275 0
180 368 0
180 380 0
181 427 0
182 236 0
182 238 0
182 246 0
184 278 0
184 354 0
187 439 0
188 321 0
189 285 0
189 417 0
190 234 0
191 207 0
191 310 0
191 344 0
191 371 0
192 316 0
193 388 0
194 210 0
194 321 0
194 398 0
194 405 0
195 203 0
195 302 0
195 424 0
197 247 0
198 260 0
198 322 0
198 362 0
198 387 0
198 409 0
199 221 0
199 337 0
199 396 0
201 403 0
202 377 0
203 358 0
204 239 0
204 443 0
206 376 0
206 450 0
207 249 0
207 316 0
208 227 0
208 400 0
209 432 0
210 408 0
213 228 0
214 327 0
214 442 0
215 403 0
217 351 0
218 262 0
218 271 0
218 441 0
219 247 0
219 367 0
219 432 0
220 366 0
221 302 0
222 244 0
223 311 0
224 260 0
224 266 0
224 303 0
224 423 0
225 316 0
225 445 0
229 323 0
229 383 0
229 443 0
230 265 0
230 342 0
231 287 0
234 306 0
235 316 0
235 317 0
239 301 0
240 406 0
241 326 0
242 287 0
242 380 0
243 412 0
244 264 0
244 273 0
244 384 0
246 425 0
247 288 0
249 317 0
249 329 0
249 428 0
253 301 0
253 334 0
255 404 0
255 437 0
256 369 0
257 414 0
258 266 0
259 266 0
261 409 0
262 428 0
265 284 0
266 395 0
266 422 0
267 396 0
268 351 0
268 414 0
269 331 0
272 387 0
274 433 0
277 296 0
277 308 0
281 306 0
281 337 0
281 351 0
281 406 0
283 367 0
283 408 0
284 350 0
284 373 0
286 322 0
287 424 0
290 362 0
290 365 0
290 418 0
294 402 0
295 401 0
299 353 0
300 307 0
300 403 0
302 404 0
303 325 0
304 340 0
304 369 0
304 375 0
304 414 0
305 405 0
306 416 0
307 320 0
307 350 0
308 337 0
309 330 0
310 311 0
310 349 0
311 348 0
312 438 0
315 344 0
315 356 0
315 360 0
317 322 0
318 410 0
319 423 0
321 449 0
322 338 0
322 420 0
324 438 0
326 431 0
327 349 0
327 384 0
328 334 0
330 408 0
331 374 0
331 434 0
332 440 0
333 389 0
334 398 0
335 399 0
335 419 0
339 397 0
340 374 0
341 349 0
342 400 0
343 358 0
344 368 0
345 387 0
346 427 0
347 375 0
351 379 0
353 357 0
353 433 0
354 431 0
363 369 0
363 421 0
366 441 0
370 399 0
372 436 0
374 412 0
374 435 0
376 423 0
377 444 0
378 423 0
381 411 0
384 402 0
386 435 0
390 423 0
391 412 0
396 401 0
400 402 0
400 404 0
404 418 0
408 411 0
418 436 0
422 437 0
426 440 0
430 437 0
