900 1124 0
1 50 0
1 189 0
1 286 0
1 427 0
1 657 0
1 742 0
2 21 0
2 325 0
2 494 0
2 526 0
2 577 0
2 856 0
3 13 0
3 120 0
3 803 0
3 882 0
4 58 0
4 152 0
4 409 0
4 707 0
5 495 0
6 25 0
6 80 0
6 513 0
6 727 0
7 840 0
8 788 0
9 599 0
10 381 0
10 429 0
10 768 0
10 883 0
11 221 0
11 644 0
11 676 0
12 160 0
12 639 0
12 818 0
12 846 0
14 745 0
15 396 0
16 305 0
17 867 0
18 862 0
19 291 0
19 746 0
19 748 0
19 873 0
20 211 0
20 269 0
20 276 0
20 673 0
20 736 0
21 68 0
21 620 0
21 670 0
21 859 0
22 207 0
23 167 0
23 524 0
23 623 0
23 893 0
24 148 0
24 244 0
24 266 0
24 276 0
24 815 0
24 842 0
25 112 0
25 613 0
25 716 0
26 757 0
27 88 0
27 263 0
27 534 0
27 654 0
28 182 0
28 210 0
28 423 0
28 714 0
29 37 0
30 114 0
30 171 0
30 632 0
31 614 0
32 278 0
33 224 0
33 321 0
33 323 0
33 329 0
33 686 0
34 358 0
34 430 0
34 511 0
34 689 0
35 205 0
35 760 0
35 788 0
36 144 0
36 219 0
36 875 0
36 880 0
37 288 0
37 501 0
37 609 0
38 99 0
38 198 0
38 520 0
38 639 0
39 359 0
40 131 0
40 141 0
40 362 0
40 365 0
40 390 0
40 684 0
41 143 0
41 243 0
41 838 0
41 885 0
42 156 0
42 170 0
42 472 0
42 655 0
42 877 0
43 465 0
43 727 0
43 842 0
44 135 0
44 162 0
44 293 0
44 829 0
44 844 0
45 669 0
46 260 0
47 511 0
48 171 0
48 537 0
48 717 0
49 760 0
50 235 0
50 384 0
51 274 0
51 384 0
51 525 0
52 545 0
53 751 0
54 625 0
55 650 0
56 109 0
57 598 0
57 609 0
57 819 0
57 886 0
58 377 0
58 710 0
58 896 0
59 186 0
59 422 0
59 780 0
59 818 0
59 888 0
60 63 0
60 265 0
60 392 0
60 503 0
61 218 0
61 227 0
61 527 0
61 808 0
61 827 0
62 90 0
62 145 0
62 292 0
62 498 0
62 815 0
62 838 0
63 338 0
63 513 0
63 580 0
64 291 0
65 88 0
65 363 0
65 751 0
66 674 0
67 146 0
67 293 0
67 550 0
67 607 0
67 724 0
68 208 0
68 247 0
68 411 0
68 542 0
69 491 0
70 197 0
71 790 0
72 836 0
73 668 0
74 95 0
75 117 0
75 285 0
75 372 0
75 656 0
76 689 0
77 384 0
78 174 0
78 340 0
78 380 0
78 515 0
79 472 0
79 616 0
79 735 0
79 778 0
79 814 0
80 379 0
80 427 0
80 436 0
80 568 0
80 670 0
80 768 0
80 783 0
81 535 0
82 415 0
83 748 0
84 352 0
85 188 0
85 488 0
85 570 0
85 603 0
86 474 0
87 855 0
88 112 0
88 242 0
88 717 0
88 881 0
89 894 0
90 166 0
90 879 0
91 859 0
92 740 0
93 431 0
94 897 0
95 221 0
95 346 0
95 562 0
96 214 0
97 412 0
98 190 0
100 266 0
100 339 0
100 406 0
100 474 0
101 620 0
102 727 0
102 746 0
102 783 0
103 220 0
103 244 0
103 601 0
103 675 0
104 275 0
105 583 0
106 671 0
107 395 0
108 836 0
109 133 0
109 551 0
109 755 0
110 689 0
111 801 0
112 599 0
112 701 0
112 715 0
112 813 0
113 259 0
114 344 0
114 347 0
114 646 0
114 677 0
114 728 0
114 732 0
115 748 0
116 674 0
117 272 0
117 420 0
117 519 0
118 214 0
119 678 0
120 595 0
120 664 0
120 709 0
121 491 0
122 545 0
123 592 0
124 221 0
124 320 0
124 758 0
125 723 0
126 474 0
127 414 0
128 239 0
128 324 0
128 391 0
129 503 0
129 813 0
129 843 0
130 596 0
131 232 0
131 349 0
131 677 0
132 765 0
133 163 0
133 376 0
133 663 0
133 671 0
134 590 0
135 374 0
135 709 0
136 391 0
136 706 0
136 790 0
137 213 0
137 339 0
137 801 0
138 207 0
139 398 0
140 899 0
142 333 0
146 214 0
146 371 0
146 726 0
147 192 0
148 337 0
148 432 0
148 672 0
149 197 0
150 421 0
151 667 0
152 153 0
152 677 0
152 814 0
153 260 0
153 324 0
153 466 0
154 556 0
154 642 0
154 698 0
154 702 0
154 841 0
155 828 0
157 201 0
157 222 0
157 498 0
157 613 0
157 701 0
158 517 0
159 176 0
160 359 0
160 592 0
160 790 0
161 867 0
163 276 0
163 362 0
163 504 0
163 505 0
163 587 0
164 840 0
165 167 0
166 427 0
166 643 0
166 647 0
167 399 0
167 574 0
167 812 0
168 275 0
169 301 0
169 375 0
169 550 0
169 626 0
169 841 0
171 617 0
171 639 0
172 595 0
172 620 0
172 727 0
173 364 0
173 776 0
173 881 0
175 209 0
176 379 0
176 444 0
176 494 0
176 501 0
176 688 0
177 192 0
177 315 0
177 374 0
177 519 0
177 676 0
178 614 0
179 182 0
179 221 0
179 286 0
179 325 0
179 446 0
180 329 0
180 446 0
180 471 0
180 785 0
180 841 0
181 318 0
182 384 0
182 548 0
182 749 0
183 217 0
184 702 0
184 715 0
184 783 0
185 304 0
185 442 0
185 533 0
186 239 0
186 323 0
187 197 0
190 367 0
190 383 0
190 505 0
191 899 0
192 298 0
192 434 0
192 787 0
193 828 0
194 385 0
194 548 0
194 696 0
194 713 0
195 268 0
196 278 0
197 274 0
197 632 0
199 205 0
199 533 0
199 545 0
200 640 0
202 426 0
202 479 0
202 818 0
203 708 0
204 661 0
205 296 0
205 494 0
206 230 0
206 540 0
206 627 0
206 743 0
207 362 0
207 777 0
208 433 0
208 554 0
209 347 0
209 385 0
209 456 0
209 703 0
209 736 0
211 320 0
211 338 0
211 405 0
212 490 0
212 613 0
212 641 0
212 835 0
213 221 0
213 702 0
213 705 0
214 483 0
215 275 0
216 709 0
217 348 0
217 609 0
217 887 0
218 241 0
218 628 0
220 264 0
220 387 0
220 418 0
220 458 0
220 662 0
220 673 0
221 638 0
221 708 0
223 758 0
225 826 0
226 292 0
226 339 0
226 569 0
226 595 0
226 665 0
227 333 0
227 372 0
227 417 0
227 450 0
227 615 0
228 366 0
229 294 0
229 419 0
229 557 0
229 805 0
231 259 0
232 544 0
232 766 0
232 791 0
233 537 0
234 338 0
235 778 0
235 781 0
235 865 0
236 711 0
237 758 0
238 308 0
238 517 0
238 860 0
239 308 0
239 550 0
239 834 0
239 858 0
240 599 0
241 303 0
241 702 0
241 815 0
242 801 0
242 860 0
244 718 0
244 804 0
245 601 0
246 843 0
248 466 0
249 671 0
250 708 0
251 395 0
252 672 0
253 826 0
254 272 0
255 867 0
256 418 0
256 467 0
256 649 0
256 799 0
257 290 0
258 600 0
258 862 0
259 295 0
259 849 0
259 891 0
260 532 0
260 572 0
261 708 0
262 366 0
264 333 0
264 831 0
266 323 0
266 776 0
267 433 0
268 438 0
268 488 0
268 719 0
270 675 0
271 371 0
272 624 0
272 645 0
273 412 0
274 421 0
274 894 0
275 658 0
276 881 0
277 593 0
278 306 0
278 457 0
278 515 0
278 783 0
279 510 0
279 573 0
279 607 0
279 609 0
279 875 0
280 466 0
281 830 0
282 830 0
283 661 0
284 715 0
286 644 0
287 640 0
289 373 0
289 526 0
289 800 0
289 848 0
290 368 0
290 373 0
290 486 0
290 503 0
290 646 0
291 385 0
291 521 0
291 569 0
292 398 0
292 748 0
293 319 0
293 674 0
294 415 0
294 583 0
294 879 0
295 744 0
295 745 0
296 339 0
296 749 0
297 650 0
298 442 0
298 711 0
299 370 0
299 461 0
299 700 0
300 304 0
302 517 0
304 632 0
304 771 0
304 898 0
305 323 0
305 379 0
305 794 0
306 311 0
306 559 0
307 378 0
308 535 0
308 681 0
309 744 0
310 589 0
311 658 0
311 699 0
311 847 0
312 337 0
313 681 0
314 340 0
314 398 0
314 884 0
315 634 0
315 860 0
316 370 0
317 439 0
317 525 0
317 618 0
317 694 0
318 528 0
318 747 0
318 792 0
318 898 0
318 900 0
319 448 0
319 629 0
319 782 0
320 462 0
320 613 0
322 868 0
323 370 0
323 498 0
324 351 0
324 394 0
324 445 0
324 503 0
324 816 0
325 459 0
325 548 0
325 727 0
326 625 0
327 559 0
328 338 0
329 471 0
329 724 0
329 813 0
330 596 0
331 744 0
332 339 0
333 684 0
333 690 0
333 762 0
334 474 0
335 749 0
336 431 0
337 543 0
337 754 0
338 833 0
339 469 0
339 567 0
339 898 0
340 623 0
340 723 0
340 801 0
341 545 0
342 415 0
343 894 0
345 625 0
347 669 0
349 638 0
349 826 0
350 760 0
351 395 0
351 583 0
352 460 0
352 510 0
352 532 0
352 555 0
353 666 0
354 855 0
355 537 0
356 843 0
357 707 0
358 508 0
358 767 0
358 892 0
359 447 0
359 621 0
360 433 0
361 899 0
362 651 0
363 407 0
363 534 0
363 576 0
363 682 0
366 452 0
366 639 0
366 692 0
367 590 0
367 623 0
367 855 0
369 491 0
370 622 0
371 463 0
371 798 0
372 776 0
373 537 0
374 425 0
374 577 0
374 637 0
374 877 0
376 442 0
376 899 0
378 697 0
378 713 0
378 837 0
382 763 0
384 870 0
386 495 0
386 675 0
386 748 0
388 790 0
389 786 0
390 392 0
390 446 0
391 400 0
391 646 0
391 804 0
391 823 0
391 872 0
392 474 0
392 748 0
393 667 0
395 900 0
396 660 0
396 721 0
396 799 0
397 535 0
398 416 0
398 507 0
398 658 0
401 855 0
402 431 0
403 651 0
404 533 0
405 524 0
405 663 0
406 428 0
406 606 0
406 683 0
408 695 0
409 770 0
409 795 0
409 832 0
410 537 0
412 448 0
412 470 0
412 818 0
413 511 0
414 480 0
414 568 0
414 702 0
414 857 0
414 872 0
415 739 0
417 421 0
417 751 0
418 504 0
420 717 0
420 720 0
420 731 0
421 577 0
421 718 0
421 759 0
424 583 0
426 592 0
426 740 0
426 900 0
427 706 0
430 486 0
430 587 0
430 700 0
430 900 0
431 445 0
431 630 0
431 804 0
432 539 0
432 594 0
432 730 0
433 452 0
433 504 0
435 871 0
436 592 0
436 676 0
437 868 0
440 466 0
441 893 0
442 502 0
442 673 0
442 743 0
443 495 0
445 871 0
446 545 0
446 751 0
448 776 0
449 634 0
450 658 0
450 743 0
450 814 0
451 788 0
452 524 0
452 655 0
453 638 0
454 831 0
455 535 0
455 705 0
455 867 0
455 873 0
459 505 0
459 713 0
459 736 0
459 852 0
461 519 0
461 744 0
461 786 0
461 840 0
461 844 0
462 600 0
462 702 0
464 828 0
465 587 0
465 607 0
465 814 0
466 847 0
468 746 0
470 595 0
470 745 0
471 595 0
472 537 0
472 647 0
472 740 0
473 726 0
474 856 0
475 651 0
476 676 0
477 524 0
478 615 0
479 753 0
479 779 0
479 818 0
480 671 0
480 826 0
481 676 0
482 726 0
484 668 0
485 746 0
486 495 0
486 514 0
486 844 0
487 634 0
488 860 0
488 873 0
489 761 0
491 569 0
491 875 0
492 661 0
493 590 0
494 763 0
495 553 0
496 723 0
497 554 0
499 535 0
500 554 0
500 718 0
500 859 0
501 711 0
504 533 0
504 667 0
506 760 0
508 623 0
508 862 0
509 600 0
510 745 0
510 871 0
511 612 0
512 672 0
513 632 0
513 838 0
514 516 0
514 821 0
514 866 0
515 681 0
517 531 0
517 630 0
517 775 0
517 799 0
518 671 0
519 846 0
522 599 0
523 666 0
524 895 0
525 589 0
525 664 0
525 836 0
526 826 0
526 868 0
528 583 0
528 600 0
529 668 0
530 871 0
532 658 0
533 588 0
533 756 0
534 596 0
534 633 0
536 802 0
538 600 0
541 709 0
544 666 0
544 765 0
544 879 0
546 706 0
547 706 0
549 695 0
550 669 0
552 802 0
554 635 0
554 677 0
554 722 0
558 580 0
559 602 0
559 716 0
559 839 0
560 600 0
561 765 0
563 707 0
564 884 0
565 675 0
565 760 0
565 826 0
566 589 0
568 761 0
571 687 0
573 663 0
573 818 0
574 601 0
574 715 0
575 757 0
578 580 0
579 813 0
580 712 0
580 863 0
581 765 0
582 593 0
584 595 0
585 672 0
585 758 0
585 897 0
586 615 0
587 623 0
589 610 0
590 693 0
590 881 0
591 810 0
592 611 0
592 820 0
593 729 0
593 779 0
593 869 0
595 724 0
596 605 0
597 840 0
600 776 0
601 809 0
604 788 0
607 873 0
608 650 0
614 735 0
614 878 0
615 684 0
616 644 0
616 658 0
619 893 0
620 680 0
625 713 0
628 711 0
628 758 0
628 799 0
630 715 0
631 678 0
632 668 0
633 702 0
633 846 0
633 849 0
634 778 0
636 674 0
638 850 0
640 659 0
640 716 0
640 779 0
644 768 0
647 706 0
648 884 0
650 778 0
651 725 0
652 758 0
653 813 0
655 801 0
657 667 0
657 868 0
661 783 0
663 876 0
664 799 0
664 842 0
665 689 0
665 831 0
666 691 0
667 877 0
669 863 0
670 678 0
672 733 0
675 824 0
676 872 0
677 897 0
678 869 0
679 706 0
681 737 0
681 789 0
681 849 0
685 831 0
687 851 0
687 852 0
687 854 0
695 769 0
695 804 0
700 783 0
700 786 0
701 726 0
704 757 0
705 750 0
705 773 0
705 775 0
707 774 0
711 717 0
711 852 0
716 828 0
718 884 0
718 894 0
723 864 0
726 825 0
727 846 0
734 786 0
735 830 0
735 862 0
736 831 0
738 897 0
740 784 0
741 763 0
743 802 0
744 811 0
745 856 0
749 806 0
749 807 0
752 860 0
757 768 0
758 869 0
760 875 0
761 822 0
761 852 0
763 796 0
764 859 0
765 847 0
772 894 0
775 836 0
776 861 0
783 899 0
788 838 0
793 830 0
797 810 0
801 890 0
802 889 0
810 853 0
810 900 0
817 893 0
826 888 0
841 863 0
842 879 0
843 849 0
845 868 0
862 874 0
869 879 0
872 888 0
