60 71 0
1 7 0
1 20 0
1 24 0
1 35 0
1 51 0
1 55 0
2 46 0
3 28 0
3 43 0
4 51 0
5 33 0
5 46 0
6 7 0
6 24 0
7 16 0
7 21 0
8 35 0
9 58 0
10 18 0
10 30 0
10 57 0
11 29 0
11 32 0
12 15 0
12 20 0
12 42 0
12 60 0
13 16 0
13 26 0
13 53 0
13 54 0
14 43 0
16 43 0
16 46 0
17 46 0
18 21 0
18 29 0
18 40 0
19 46 0
19 58 0
20 21 0
20 39 0
20 45 0
21 33 0
21 58 0
22 45 0
23 43 0
24 49 0
24 50 0
25 36 0
25 52 0
27 39 0
28 51 0
31 39 0
32 33 0
32 41 0
32 44 0
32 45 0
33 52 0
33 58 0
34 45 0
35 37 0
35 47 0
35 55 0
36 52 0
37 46 0
38 51 0
39 59 0
45 47 0
48 58 0
52 56 0
