300 434 0
1 9 0
1 73 0
1 111 0
1 150 0
1 180 0
1 204 0
2 212 0
2 217 0
2 274 0
3 17 0
4 105 0
4 217 0
5 262 0
5 291 0
6 62 0
6 255 0
7 95 0
7 129 0
7 178 0
8 173 0
8 243 0
9 38 0
9 79 0
9 96 0
9 218 0
10 111 0
10 158 0
11 77 0
11 83 0
11 186 0
12 59 0
12 255 0
13 41 0
13 53 0
13 205 0
13 259 0
13 262 0
13 289 0
14 45 0
15 111 0
16 95 0
16 190 0
17 83 0
17 263 0
17 268 0
18 29 0
18 77 0
18 88 0
18 243 0
19 150 0
19 236 0
20 89 0
20 143 0
21 30 0
21 101 0
21 167 0
21 188 0
21 213 0
22 54 0
22 72 0
22 165 0
22 194 0
23 170 0
24 94 0
24 171 0
24 238 0
24 252 0
25 33 0
25 164 0
25 191 0
25 207 0
26 89 0
26 219 0
27 49 0
27 151 0
28 214 0
28 220 0
28 265 0
29 102 0
29 233 0
30 158 0
30 197 0
31 242 0
32 77 0
32 250 0
33 42 0
33 110 0
33 119 0
33 222 0
34 46 0
34 253 0
35 127 0
35 152 0
35 175 0
35 187 0
35 206 0
36 211 0
36 226 0
36 268 0
37 128 0
38 119 0
38 129 0
39 105 0
40 119 0
41 162 0
41 217 0
41 241 0
42 48 0
42 168 0
43 265 0
44 81 0
44 128 0
44 195 0
44 226 0
44 241 0
45 53 0
45 115 0
45 151 0
45 268 0
46 224 0
47 170 0
47 254 0
48 122 0
48 220 0
49 141 0
50 226 0
50 264 0
51 121 0
51 155 0
51 171 0
51 239 0
51 242 0
51 281 0
52 265 0
54 87 0
54 170 0
54 173 0
55 81 0
55 186 0
56 69 0
57 70 0
57 72 0
57 206 0
57 208 0
58 104 0
58 113 0
58 165 0
58 184 0
59 80 0
59 138 0
59 208 0
60 86 0
61 127 0
61 142 0
61 172 0
62 219 0
62 240 0
62 244 0
62 288 0
63 217 0
64 203 0
65 217 0
66 194 0
66 277 0
67 71 0
67 151 0
67 156 0
67 182 0
68 84 0
69 149 0
69 183 0
69 190 0
69 194 0
70 224 0
70 227 0
70 272 0
71 86 0
72 132 0
72 195 0
72 280 0
73 164 0
73 234 0
73 299 0
74 239 0
74 271 0
75 158 0
75 229 0
76 88 0
76 165 0
76 176 0
76 198 0
76 289 0
77 124 0
77 283 0
78 148 0
78 231 0
81 131 0
81 159 0
81 163 0
81 224 0
82 203 0
83 137 0
84 196 0
84 221 0
84 254 0
84 276 0
85 101 0
85 300 0
86 106 0
86 180 0
86 283 0
87 127 0
87 179 0
87 186 0
88 116 0
88 231 0
88 232 0
88 286 0
88 299 0
89 219 0
89 249 0
90 211 0
90 216 0
90 231 0
90 296 0
91 264 0
91 271 0
92 118 0
92 134 0
92 188 0
93 101 0
93 158 0
94 132 0
94 238 0
94 241 0
94 251 0
94 264 0
95 107 0
95 122 0
95 252 0
96 215 0
97 101 0
97 146 0
98 162 0
98 182 0
99 164 0
99 291 0
100 294 0
101 161 0
101 228 0
102 103 0
103 180 0
103 208 0
103 221 0
103 257 0
104 105 0
105 157 0
105 160 0
107 222 0
107 298 0
108 250 0
109 226 0
110 197 0
110 204 0
110 221 0
110 229 0
111 189 0
112 162 0
113 222 0
114 274 0
115 159 0
115 191 0
115 218 0
116 136 0
117 192 0
117 256 0
117 268 0
117 277 0
117 287 0
118 224 0
118 240 0
119 277 0
119 279 0
120 136 0
120 214 0
121 179 0
121 193 0
121 296 0
123 282 0
124 143 0
124 186 0
124 247 0
124 252 0
124 286 0
125 146 0
126 274 0
127 237 0
128 260 0
128 273 0
129 272 0
130 255 0
132 204 0
133 294 0
134 200 0
134 252 0
134 258 0
135 162 0
135 217 0
135 250 0
136 204 0
136 250 0
137 173 0
138 223 0
139 253 0
140 150 0
140 260 0
141 266 0
141 275 0
141 290 0
142 217 0
143 226 0
144 220 0
145 146 0
146 228 0
147 214 0
148 154 0
148 206 0
148 239 0
149 201 0
149 205 0
150 155 0
150 183 0
150 250 0
150 278 0
151 266 0
151 298 0
153 282 0
154 241 0
156 213 0
156 250 0
158 195 0
159 172 0
159 294 0
160 174 0
160 274 0
160 280 0
162 165 0
163 281 0
165 203 0
165 269 0
166 243 0
169 195 0
170 210 0
170 238 0
171 226 0
171 277 0
172 221 0
172 236 0
173 199 0
173 209 0
174 182 0
174 197 0
174 246 0
177 242 0
178 229 0
179 220 0
180 216 0
181 277 0
184 237 0
185 271 0
188 255 0
188 264 0
188 271 0
190 223 0
190 245 0
190 266 0
193 277 0
194 253 0
194 282 0
195 293 0
198 213 0
201 230 0
201 242 0
202 205 0
202 207 0
202 265 0
203 248 0
204 219 0
205 208 0
206 294 0
207 253 0
208 220 0
208 243 0
212 220 0
214 231 0
214 295 0
215 224 0
219 250 0
222 227 0
223 295 0
225 233 0
227 284 0
227 285 0
228 233 0
228 241 0
229 251 0
230 291 0
231 264 0
233 269 0
234 238 0
234 267 0
234 300 0
235 272 0
235 288 0
237 253 0
237 271 0
238 265 0
238 291 0
240 276 0
242 283 0
243 246 0
243 261 0
244 279 0
250 275 0
253 299 0
254 264 0
255 297 0
262 265 0
264 283 0
266 280 0
268 280 0
270 272 0
276 282 0
292 294 0
