800 1017 0
1 50 0
2 71 0
2 131 0
2 221 0
2 305 0
2 388 0
2 647 0
3 75 0
4 48 0
4 137 0
4 244 0
4 614 0
4 800 0
5 36 0
5 240 0
5 324 0
5 427 0
5 705 0
6 12 0
6 27 0
6 161 0
6 722 0
7 387 0
8 60 0
8 104 0
8 473 0
8 678 0
8 732 0
9 97 0
9 104 0
9 415 0
9 587 0
10 253 0
10 442 0
10 676 0
10 729 0
11 162 0
11 305 0
11 642 0
12 162 0
12 281 0
13 780 0
14 392 0
15 90 0
15 108 0
15 456 0
15 700 0
16 723 0
17 94 0
17 417 0
17 585 0
17 684 0
18 228 0
19 794 0
20 711 0
21 392 0
22 298 0
23 138 0
23 296 0
23 531 0
23 540 0
23 724 0
24 201 0
25 434 0
26 354 0
28 711 0
29 169 0
29 301 0
29 334 0
29 594 0
30 146 0
30 229 0
30 471 0
30 505 0
30 623 0
30 626 0
30 663 0
31 515 0
31 553 0
31 767 0
32 511 0
33 255 0
33 344 0
33 520 0
33 630 0
34 233 0
34 342 0
34 626 0
34 748 0
35 696 0
36 75 0
36 326 0
36 398 0
37 209 0
37 585 0
37 700 0
38 254 0
38 614 0
38 756 0
39 292 0
39 359 0
39 387 0
39 502 0
40 412 0
41 238 0
42 526 0
43 600 0
44 277 0
44 312 0
44 407 0
44 474 0
45 92 0
46 89 0
47 351 0
47 425 0
47 584 0
47 712 0
48 110 0
48 211 0
48 569 0
48 718 0
49 64 0
49 204 0
49 421 0
49 564 0
50 114 0
50 344 0
50 601 0
51 187 0
51 355 0
51 498 0
51 529 0
52 430 0
52 484 0
52 561 0
52 641 0
53 268 0
53 561 0
53 780 0
53 788 0
54 105 0
54 194 0
54 752 0
55 772 0
56 744 0
57 103 0
58 794 0
59 354 0
61 237 0
62 166 0
63 96 0
63 225 0
63 752 0
64 156 0
64 479 0
64 590 0
65 117 0
65 224 0
65 686 0
65 798 0
66 664 0
67 77 0
68 78 0
69 295 0
69 343 0
69 401 0
69 436 0
70 92 0
71 252 0
71 571 0
72 708 0
73 223 0
73 226 0
73 460 0
73 607 0
74 93 0
74 535 0
74 737 0
74 750 0
74 784 0
75 282 0
75 528 0
75 748 0
75 758 0
76 87 0
76 102 0
76 615 0
76 684 0
77 346 0
77 685 0
77 721 0
78 393 0
78 558 0
78 583 0
78 668 0
79 412 0
79 416 0
79 571 0
80 153 0
80 229 0
80 320 0
81 95 0
82 571 0
83 384 0
84 598 0
85 126 0
86 268 0
87 100 0
87 411 0
87 747 0
88 352 0
88 572 0
88 580 0
88 639 0
89 177 0
89 216 0
89 222 0
89 445 0
89 519 0
90 379 0
90 654 0
90 708 0
91 103 0
91 412 0
91 685 0
92 539 0
92 683 0
94 216 0
94 275 0
94 334 0
94 798 0
95 239 0
95 261 0
95 638 0
96 239 0
96 492 0
96 517 0
98 259 0
98 506 0
98 584 0
99 792 0
101 347 0
102 110 0
102 234 0
102 343 0
102 381 0
102 503 0
103 172 0
103 326 0
103 764 0
104 351 0
105 351 0
105 382 0
105 508 0
105 563 0
105 711 0
106 165 0
106 438 0
106 640 0
106 649 0
107 780 0
108 218 0
108 246 0
108 536 0
108 782 0
108 783 0
109 531 0
110 153 0
111 241 0
112 260 0
112 425 0
112 502 0
113 175 0
115 130 0
115 337 0
115 770 0
115 775 0
116 742 0
118 145 0
118 185 0
118 402 0
118 475 0
118 660 0
119 293 0
120 379 0
121 299 0
122 789 0
123 197 0
124 377 0
125 548 0
125 674 0
125 769 0
125 771 0
126 171 0
126 619 0
126 623 0
126 702 0
127 495 0
128 481 0
128 552 0
128 560 0
128 653 0
129 199 0
129 528 0
129 550 0
129 697 0
132 495 0
132 563 0
132 584 0
133 196 0
134 600 0
135 260 0
135 499 0
135 661 0
136 744 0
137 192 0
137 518 0
138 142 0
138 611 0
139 783 0
140 142 0
140 266 0
140 466 0
141 308 0
141 653 0
141 674 0
142 153 0
142 208 0
142 367 0
142 402 0
142 458 0
142 502 0
143 490 0
144 516 0
145 194 0
145 299 0
145 725 0
146 466 0
146 553 0
146 752 0
147 376 0
148 698 0
149 182 0
149 221 0
149 266 0
149 364 0
149 546 0
149 703 0
149 731 0
150 345 0
150 357 0
150 540 0
150 781 0
151 157 0
151 489 0
151 694 0
152 467 0
152 709 0
152 773 0
153 286 0
153 508 0
154 392 0
155 772 0
156 205 0
156 234 0
156 235 0
156 599 0
157 238 0
157 277 0
157 327 0
158 202 0
158 680 0
158 723 0
159 219 0
159 355 0
159 434 0
160 455 0
162 404 0
162 449 0
162 540 0
162 552 0
163 495 0
163 633 0
163 637 0
163 664 0
164 293 0
164 489 0
164 633 0
166 221 0
166 363 0
166 625 0
166 779 0
167 616 0
168 664 0
170 210 0
172 361 0
172 429 0
172 433 0
173 226 0
173 470 0
173 580 0
173 605 0
173 706 0
174 377 0
175 275 0
175 618 0
175 796 0
176 397 0
178 410 0
178 525 0
178 541 0
178 574 0
178 790 0
179 499 0
180 724 0
181 489 0
183 792 0
184 238 0
186 232 0
188 508 0
189 225 0
189 255 0
189 414 0
189 418 0
190 598 0
191 265 0
191 323 0
191 409 0
191 620 0
192 342 0
192 463 0
192 592 0
192 748 0
193 562 0
194 660 0
194 665 0
194 782 0
195 787 0
196 301 0
196 372 0
196 447 0
197 309 0
197 406 0
197 681 0
198 399 0
198 543 0
198 583 0
198 612 0
200 425 0
201 541 0
201 705 0
201 777 0
202 209 0
202 531 0
202 755 0
203 562 0
205 434 0
205 644 0
206 789 0
207 800 0
208 240 0
208 522 0
209 308 0
209 496 0
209 691 0
210 282 0
210 314 0
210 339 0
210 781 0
212 589 0
213 615 0
214 268 0
215 531 0
216 228 0
216 350 0
216 427 0
217 218 0
218 494 0
218 626 0
218 731 0
219 514 0
219 544 0
219 656 0
220 680 0
222 515 0
222 639 0
225 408 0
225 525 0
225 634 0
225 761 0
226 387 0
226 443 0
226 583 0
226 661 0
227 397 0
228 542 0
228 754 0
229 293 0
229 698 0
230 755 0
231 506 0
232 493 0
232 669 0
232 719 0
234 246 0
234 596 0
236 455 0
237 275 0
237 428 0
237 453 0
238 676 0
238 739 0
239 298 0
239 432 0
239 445 0
239 642 0
240 266 0
240 344 0
240 536 0
241 337 0
241 422 0
241 486 0
241 688 0
242 254 0
242 377 0
242 616 0
242 641 0
242 725 0
243 467 0
244 342 0
244 625 0
244 628 0
244 691 0
245 288 0
245 318 0
245 341 0
245 644 0
246 382 0
246 586 0
247 430 0
247 524 0
247 547 0
247 602 0
247 728 0
248 402 0
248 560 0
248 789 0
249 499 0
250 584 0
251 752 0
252 407 0
252 436 0
252 441 0
252 798 0
254 413 0
254 593 0
254 655 0
255 511 0
256 373 0
257 717 0
258 292 0
259 496 0
259 525 0
259 587 0
259 674 0
260 283 0
260 449 0
260 497 0
260 656 0
260 657 0
260 775 0
262 384 0
263 299 0
263 518 0
263 531 0
264 268 0
266 277 0
266 466 0
266 596 0
267 384 0
267 481 0
267 526 0
267 554 0
268 416 0
269 612 0
270 304 0
271 680 0
272 308 0
272 449 0
272 620 0
272 668 0
273 800 0
274 344 0
274 496 0
274 639 0
274 719 0
275 767 0
276 741 0
277 786 0
278 715 0
279 712 0
280 292 0
281 604 0
281 628 0
281 711 0
282 312 0
284 489 0
285 788 0
286 448 0
286 456 0
286 652 0
286 687 0
287 375 0
289 516 0
290 585 0
290 591 0
290 703 0
291 800 0
292 639 0
293 641 0
293 648 0
293 674 0
294 361 0
296 392 0
296 563 0
297 518 0
298 300 0
298 321 0
298 385 0
299 310 0
299 538 0
299 688 0
299 751 0
301 553 0
301 604 0
301 647 0
302 495 0
302 563 0
302 734 0
303 560 0
304 331 0
304 608 0
304 798 0
305 351 0
305 560 0
305 566 0
306 582 0
306 719 0
306 740 0
306 791 0
307 788 0
308 443 0
308 481 0
308 637 0
308 651 0
308 716 0
309 432 0
309 612 0
309 780 0
311 615 0
312 700 0
312 703 0
312 722 0
313 694 0
315 646 0
315 688 0
315 713 0
315 719 0
316 333 0
316 371 0
316 427 0
316 430 0
316 454 0
316 624 0
317 510 0
319 742 0
320 370 0
320 695 0
320 756 0
322 360 0
323 489 0
323 554 0
325 360 0
326 528 0
327 343 0
327 389 0
327 613 0
327 722 0
327 735 0
328 526 0
329 395 0
329 443 0
329 451 0
330 407 0
332 350 0
333 418 0
333 760 0
334 355 0
335 490 0
336 633 0
337 417 0
337 787 0
338 616 0
339 734 0
339 748 0
340 510 0
342 397 0
344 514 0
344 516 0
347 353 0
347 359 0
347 534 0
348 742 0
349 741 0
350 423 0
350 617 0
351 700 0
353 356 0
353 600 0
353 647 0
353 651 0
353 794 0
354 394 0
354 779 0
355 489 0
355 611 0
355 627 0
355 725 0
356 414 0
356 430 0
356 685 0
358 390 0
359 455 0
359 642 0
360 365 0
360 544 0
361 480 0
361 610 0
362 744 0
366 511 0
368 377 0
369 433 0
370 479 0
370 584 0
373 431 0
373 502 0
373 504 0
374 633 0
375 549 0
375 709 0
375 768 0
376 402 0
376 452 0
376 579 0
376 685 0
377 602 0
378 554 0
379 622 0
379 635 0
380 387 0
382 578 0
383 715 0
384 445 0
385 451 0
385 741 0
386 584 0
387 730 0
390 521 0
390 701 0
390 703 0
391 755 0
392 784 0
395 700 0
395 752 0
395 788 0
396 467 0
396 487 0
396 627 0
396 703 0
397 535 0
398 472 0
398 689 0
398 705 0
398 765 0
400 562 0
401 402 0
401 584 0
403 717 0
405 717 0
406 554 0
406 781 0
407 441 0
407 650 0
412 437 0
412 555 0
412 776 0
414 429 0
414 585 0
414 725 0
416 531 0
416 578 0
416 637 0
417 644 0
417 756 0
418 443 0
418 666 0
418 674 0
419 690 0
420 654 0
421 547 0
421 755 0
424 794 0
425 774 0
426 767 0
429 705 0
429 709 0
430 547 0
432 553 0
432 585 0
433 491 0
433 636 0
434 464 0
434 576 0
434 678 0
435 438 0
435 444 0
435 507 0
435 523 0
435 782 0
436 467 0
436 523 0
436 661 0
436 717 0
437 522 0
437 684 0
437 789 0
438 661 0
438 694 0
439 590 0
440 788 0
441 773 0
446 708 0
449 696 0
450 589 0
451 573 0
451 597 0
451 709 0
455 528 0
455 749 0
456 515 0
456 562 0
457 616 0
459 515 0
461 530 0
461 596 0
461 644 0
461 710 0
462 690 0
465 723 0
466 469 0
466 513 0
467 673 0
468 783 0
474 567 0
474 603 0
474 720 0
476 566 0
477 760 0
478 526 0
479 676 0
479 691 0
479 702 0
481 607 0
481 656 0
481 735 0
481 779 0
481 784 0
482 560 0
483 512 0
483 753 0
483 781 0
483 793 0
485 789 0
487 500 0
487 575 0
487 692 0
487 703 0
488 615 0
489 675 0
490 544 0
490 727 0
492 528 0
492 615 0
496 661 0
499 798 0
501 708 0
502 684 0
502 690 0
505 566 0
505 711 0
506 662 0
506 668 0
506 776 0
508 570 0
508 642 0
509 792 0
510 667 0
510 683 0
511 559 0
511 709 0
514 685 0
515 797 0
516 609 0
518 659 0
518 676 0
522 565 0
522 704 0
523 535 0
523 563 0
525 715 0
527 591 0
528 637 0
528 716 0
532 578 0
533 602 0
533 623 0
533 629 0
533 670 0
533 702 0
536 755 0
537 783 0
540 678 0
541 563 0
544 553 0
545 611 0
547 699 0
551 654 0
552 755 0
554 693 0
554 726 0
556 787 0
557 604 0
561 584 0
562 606 0
562 607 0
563 746 0
563 778 0
566 766 0
568 589 0
571 779 0
577 590 0
577 637 0
577 653 0
578 736 0
578 759 0
580 639 0
581 696 0
587 589 0
587 723 0
588 694 0
590 762 0
591 707 0
591 756 0
595 712 0
598 639 0
598 645 0
600 743 0
604 733 0
604 757 0
606 611 0
606 744 0
612 651 0
614 621 0
614 714 0
620 680 0
620 724 0
625 633 0
627 696 0
628 653 0
628 734 0
628 741 0
631 734 0
632 787 0
643 734 0
644 755 0
651 785 0
653 799 0
654 751 0
658 715 0
660 767 0
664 672 0
668 744 0
671 760 0
677 767 0
678 699 0
678 788 0
679 773 0
680 682 0
683 699 0
683 742 0
684 735 0
685 775 0
685 792 0
690 795 0
691 699 0
698 702 0
698 738 0
699 781 0
712 763 0
716 772 0
722 773 0
724 745 0
731 780 0
751 756 0
755 776 0
756 772 0
760 784 0
