300 407 0
1 160 0
1 292 0
2 189 0
3 95 0
3 174 0
4 246 0
5 23 0
5 133 0
5 167 0
5 241 0
6 22 0
6 252 0
7 179 0
7 187 0
7 226 0
7 233 0
8 28 0
9 23 0
9 51 0
9 132 0
9 210 0
9 253 0
10 184 0
10 244 0
11 117 0
11 154 0
12 35 0
12 227 0
13 104 0
13 251 0
14 32 0
14 267 0
15 286 0
16 36 0
16 117 0
16 199 0
16 203 0
17 126 0
17 137 0
17 276 0
17 286 0
18 224 0
19 169 0
20 25 0
20 116 0
20 255 0
21 125 0
21 283 0
22 118 0
22 215 0
23 192 0
24 36 0
24 165 0
24 177 0
24 217 0
24 292 0
25 108 0
25 139 0
25 141 0
25 229 0
26 119 0
26 181 0
27 94 0
27 217 0
28 204 0
28 226 0
28 254 0
29 169 0
29 180 0
30 35 0
30 229 0
31 171 0
31 198 0
32 192 0
32 199 0
33 86 0
33 107 0
33 199 0
34 264 0
35 66 0
35 290 0
36 222 0
36 225 0
37 293 0
38 65 0
38 162 0
39 51 0
39 96 0
40 203 0
40 206 0
40 232 0
41 95 0
41 174 0
42 177 0
43 46 0
43 64 0
43 71 0
43 114 0
43 115 0
43 157 0
43 243 0
44 121 0
44 141 0
44 151 0
44 166 0
45 126 0
45 129 0
46 251 0
47 181 0
48 57 0
48 90 0
48 96 0
48 152 0
49 76 0
49 224 0
50 264 0
51 75 0
51 114 0
51 138 0
52 221 0
53 84 0
53 114 0
53 154 0
53 164 0
53 300 0
54 107 0
54 232 0
54 252 0
54 276 0
55 174 0
56 110 0
56 131 0
56 152 0
56 206 0
57 61 0
57 195 0
57 230 0
58 203 0
58 244 0
59 129 0
59 183 0
59 243 0
60 248 0
61 193 0
61 217 0
62 94 0
62 267 0
63 86 0
64 189 0
64 216 0
65 74 0
66 162 0
66 242 0
66 246 0
67 208 0
67 228 0
67 240 0
67 261 0
68 96 0
69 249 0
70 232 0
70 291 0
71 114 0
71 141 0
71 167 0
71 222 0
72 198 0
72 283 0
73 127 0
73 192 0
73 205 0
73 237 0
73 273 0
74 99 0
74 212 0
74 266 0
76 238 0
77 93 0
78 119 0
79 92 0
80 117 0
81 162 0
81 223 0
81 265 0
82 90 0
83 98 0
83 194 0
83 219 0
83 226 0
85 178 0
85 223 0
86 263 0
86 274 0
86 291 0
87 189 0
88 246 0
89 286 0
90 120 0
90 134 0
90 214 0
91 119 0
92 130 0
92 170 0
92 281 0
92 288 0
93 142 0
93 207 0
93 288 0
94 95 0
95 159 0
95 226 0
95 239 0
95 289 0
96 100 0
97 217 0
98 207 0
99 181 0
99 200 0
99 201 0
99 276 0
100 251 0
101 248 0
101 273 0
102 221 0
102 272 0
103 118 0
104 185 0
104 216 0
104 275 0
104 288 0
105 137 0
106 116 0
106 203 0
107 180 0
107 190 0
108 142 0
109 129 0
110 178 0
110 249 0
110 267 0
111 169 0
112 159 0
112 223 0
113 238 0
114 238 0
116 201 0
117 156 0
117 233 0
117 253 0
118 139 0
119 167 0
119 257 0
119 276 0
120 243 0
120 284 0
120 292 0
122 221 0
122 227 0
123 283 0
124 144 0
124 154 0
124 249 0
125 203 0
126 171 0
126 258 0
126 287 0
127 129 0
127 174 0
127 269 0
128 181 0
129 153 0
129 200 0
131 222 0
131 225 0
131 259 0
132 236 0
135 188 0
135 197 0
135 238 0
136 196 0
137 163 0
137 191 0
137 258 0
139 152 0
139 189 0
139 292 0
140 165 0
141 161 0
141 226 0
141 264 0
143 256 0
143 283 0
144 237 0
145 150 0
145 247 0
145 256 0
145 265 0
146 197 0
147 249 0
148 193 0
148 286 0
149 202 0
149 251 0
152 198 0
155 183 0
155 299 0
157 220 0
157 272 0
158 217 0
159 252 0
159 280 0
160 162 0
161 172 0
161 231 0
161 284 0
162 210 0
162 215 0
164 182 0
164 188 0
164 274 0
164 285 0
165 175 0
165 207 0
165 273 0
165 287 0
167 293 0
168 252 0
169 220 0
171 197 0
172 208 0
173 181 0
174 202 0
174 255 0
176 191 0
176 232 0
177 250 0
177 297 0
178 218 0
178 225 0
178 282 0
179 219 0
179 245 0
183 225 0
183 295 0
184 237 0
184 253 0
186 213 0
186 240 0
186 270 0
186 272 0
189 289 0
193 236 0
196 289 0
196 298 0
196 299 0
197 234 0
197 247 0
197 296 0
198 215 0
199 211 0
199 262 0
199 284 0
201 209 0
201 278 0
202 243 0
202 244 0
206 244 0
206 248 0
206 283 0
212 257 0
215 290 0
220 221 0
220 227 0
220 237 0
222 269 0
223 247 0
223 294 0
224 240 0
224 279 0
225 238 0
225 251 0
226 269 0
227 240 0
227 259 0
227 289 0
228 276 0
232 235 0
233 298 0
235 250 0
236 238 0
236 257 0
236 274 0
237 280 0
242 247 0
242 259 0
242 288 0
244 263 0
245 292 0
246 253 0
248 277 0
259 276 0
260 293 0
264 271 0
265 294 0
267 281 0
268 293 0
269 274 0
