120 185 0
1 15 0
1 65 0
2 6 0
2 67 0
2 71 0
2 81 0
2 113 0
3 34 0
4 14 0
4 52 0
4 65 0
4 85 0
4 105 0
4 118 0
5 48 0
6 11 0
6 15 0
6 34 0
6 107 0
6 108 0
7 16 0
7 119 0
8 52 0
8 84 0
8 99 0
9 13 0
9 20 0
9 75 0
10 32 0
10 37 0
10 57 0
10 66 0
10 97 0
11 21 0
11 29 0
11 117 0
12 18 0
12 30 0
12 54 0
12 62 0
12 78 0
12 85 0
12 108 0
13 16 0
13 51 0
13 108 0
14 48 0
14 54 0
15 30 0
15 65 0
15 68 0
15 70 0
15 83 0
15 101 0
16 70 0
17 25 0
17 87 0
18 81 0
19 28 0
19 59 0
20 29 0
20 37 0
20 65 0
20 108 0
21 28 0
21 41 0
21 112 0
22 42 0
22 61 0
23 37 0
23 63 0
23 74 0
23 90 0
23 94 0
23 117 0
24 109 0
25 33 0
25 41 0
25 79 0
25 84 0
25 107 0
26 109 0
27 107 0
28 75 0
28 99 0
29 71 0
30 35 0
30 79 0
31 36 0
31 41 0
31 78 0
31 111 0
34 55 0
34 68 0
34 106 0
34 107 0
35 81 0
36 120 0
37 48 0
37 86 0
37 114 0
38 116 0
39 42 0
39 61 0
40 101 0
40 109 0
41 50 0
41 54 0
42 97 0
42 98 0
43 96 0
44 119 0
45 83 0
46 113 0
47 109 0
47 113 0
48 49 0
48 77 0
49 104 0
51 94 0
52 64 0
52 66 0
52 97 0
52 102 0
52 103 0
52 107 0
52 117 0
53 83 0
53 107 0
55 116 0
56 114 0
58 112 0
59 105 0
59 119 0
60 83 0
60 99 0
61 103 0
61 111 0
63 107 0
64 69 0
64 98 0
65 109 0
65 116 0
66 88 0
67 72 0
67 82 0
67 87 0
69 98 0
70 87 0
71 79 0
71 84 0
71 111 0
73 120 0
74 76 0
74 89 0
74 104 0
74 111 0
76 79 0
77 83 0
78 104 0
78 106 0
79 96 0
79 120 0
80 114 0
81 100 0
82 107 0
83 111 0
83 118 0
84 94 0
85 106 0
86 112 0
88 113 0
88 117 0
90 111 0
91 120 0
92 107 0
93 96 0
94 117 0
95 116 0
95 118 0
98 108 0
104 106 0
110 114 0
112 115 0
117 119 0
