700 821 0
1 334 0
2 16 0
3 110 0
3 500 0
3 618 0
3 631 0
4 206 0
5 266 0
6 222 0
6 223 0
6 244 0
6 617 0
7 150 0
7 204 0
7 247 0
7 670 0
7 685 0
8 282 0
9 327 0
9 384 0
9 555 0
9 635 0
10 213 0
11 670 0
12 21 0
12 247 0
12 451 0
12 660 0
13 92 0
14 16 0
15 114 0
15 160 0
15 426 0
15 634 0
16 55 0
16 301 0
16 514 0
17 109 0
18 108 0
18 242 0
18 365 0
19 242 0
19 287 0
19 448 0
19 676 0
20 67 0
20 111 0
20 229 0
20 334 0
21 31 0
21 276 0
21 448 0
22 148 0
22 242 0
22 285 0
22 675 0
23 157 0
23 239 0
23 670 0
24 277 0
24 299 0
24 609 0
24 655 0
25 670 0
26 30 0
26 228 0
26 468 0
26 504 0
27 183 0
28 71 0
28 227 0
28 263 0
28 299 0
28 554 0
29 155 0
29 388 0
29 654 0
31 192 0
31 313 0
32 53 0
32 201 0
32 241 0
32 267 0
33 561 0
34 663 0
35 669 0
36 201 0
36 601 0
36 678 0
37 495 0
38 237 0
39 124 0
39 522 0
39 627 0
39 643 0
40 447 0
41 204 0
41 252 0
41 297 0
41 329 0
41 628 0
41 649 0
42 301 0
42 404 0
42 507 0
43 488 0
44 78 0
44 456 0
44 465 0
44 481 0
44 525 0
45 46 0
46 55 0
46 77 0
46 210 0
46 251 0
46 550 0
47 224 0
47 254 0
47 271 0
47 415 0
48 110 0
48 136 0
48 448 0
48 604 0
49 116 0
49 305 0
49 359 0
49 494 0
49 615 0
50 103 0
50 131 0
50 275 0
50 365 0
50 379 0
50 572 0
51 250 0
51 301 0
51 509 0
51 532 0
51 672 0
52 625 0
54 696 0
55 475 0
56 368 0
57 502 0
58 235 0
59 78 0
59 361 0
59 506 0
59 694 0
60 501 0
61 173 0
62 195 0
62 489 0
62 517 0
62 598 0
62 676 0
63 73 0
63 171 0
63 290 0
63 310 0
63 387 0
64 111 0
65 202 0
66 146 0
67 389 0
67 421 0
67 483 0
67 686 0
68 237 0
69 284 0
70 279 0
71 186 0
71 330 0
72 161 0
74 146 0
74 394 0
74 484 0
75 622 0
76 447 0
78 383 0
78 633 0
79 474 0
80 223 0
80 313 0
80 544 0
80 550 0
81 451 0
81 573 0
81 594 0
81 688 0
82 520 0
83 427 0
84 187 0
84 201 0
84 440 0
84 547 0
85 172 0
85 349 0
85 574 0
85 599 0
86 173 0
86 185 0
86 608 0
87 444 0
87 495 0
87 559 0
87 561 0
88 677 0
89 273 0
90 282 0
91 124 0
92 133 0
92 160 0
92 292 0
92 596 0
93 589 0
94 663 0
95 149 0
95 362 0
95 415 0
95 519 0
96 117 0
97 394 0
98 210 0
98 215 0
98 243 0
98 379 0
99 239 0
100 338 0
101 379 0
101 423 0
101 475 0
102 186 0
103 119 0
103 182 0
103 252 0
104 335 0
104 516 0
104 579 0
104 682 0
105 671 0
106 475 0
107 553 0
108 171 0
108 425 0
108 439 0
109 242 0
109 449 0
109 470 0
110 315 0
110 376 0
111 567 0
111 659 0
112 132 0
112 477 0
112 551 0
112 575 0
113 172 0
115 479 0
116 242 0
116 457 0
117 140 0
117 168 0
117 415 0
118 367 0
118 518 0
118 550 0
118 629 0
120 156 0
120 318 0
120 459 0
120 660 0
121 191 0
122 357 0
122 571 0
122 574 0
122 588 0
122 647 0
123 624 0
124 255 0
124 359 0
124 410 0
124 462 0
125 614 0
126 302 0
127 349 0
128 162 0
128 422 0
128 521 0
128 592 0
129 390 0
130 299 0
130 509 0
130 558 0
130 591 0
131 521 0
131 666 0
134 259 0
135 202 0
136 345 0
136 501 0
136 671 0
137 213 0
138 671 0
139 213 0
139 223 0
139 589 0
141 520 0
141 546 0
141 605 0
142 486 0
143 434 0
144 338 0
145 471 0
146 170 0
146 641 0
147 193 0
147 194 0
147 423 0
147 605 0
147 666 0
151 501 0
152 206 0
153 633 0
154 173 0
154 488 0
154 559 0
154 657 0
155 257 0
155 321 0
155 437 0
156 223 0
156 643 0
157 237 0
157 315 0
157 396 0
157 479 0
158 202 0
159 486 0
160 276 0
160 640 0
161 174 0
161 201 0
161 386 0
163 571 0
164 423 0
165 475 0
166 176 0
166 413 0
166 521 0
166 590 0
166 700 0
167 369 0
169 624 0
170 276 0
170 374 0
170 507 0
170 601 0
171 205 0
171 624 0
172 258 0
172 264 0
173 291 0
173 536 0
175 236 0
175 359 0
175 670 0
177 406 0
178 570 0
179 358 0
180 345 0
181 520 0
183 222 0
183 261 0
183 332 0
183 606 0
184 580 0
185 212 0
185 333 0
185 402 0
185 468 0
186 271 0
186 667 0
188 229 0
188 346 0
188 447 0
188 480 0
189 274 0
189 301 0
189 322 0
189 460 0
189 621 0
190 546 0
191 214 0
191 372 0
191 451 0
192 212 0
192 224 0
192 296 0
193 212 0
193 219 0
193 535 0
194 210 0
194 679 0
196 501 0
197 654 0
198 564 0
199 208 0
200 406 0
201 400 0
202 419 0
203 446 0
204 657 0
205 448 0
205 484 0
205 528 0
206 216 0
206 535 0
207 464 0
208 254 0
208 541 0
208 585 0
209 236 0
210 330 0
211 679 0
212 229 0
213 402 0
213 430 0
215 283 0
215 330 0
215 479 0
217 366 0
218 637 0
219 236 0
219 239 0
219 546 0
220 647 0
221 447 0
222 581 0
223 394 0
223 622 0
224 283 0
224 698 0
225 566 0
226 322 0
226 340 0
226 341 0
226 612 0
229 301 0
229 584 0
230 346 0
231 511 0
232 365 0
233 502 0
234 288 0
235 384 0
235 583 0
235 601 0
236 325 0
237 549 0
237 660 0
238 434 0
239 291 0
240 273 0
240 646 0
240 666 0
242 520 0
244 646 0
244 698 0
245 338 0
246 471 0
247 575 0
247 696 0
248 566 0
249 273 0
249 423 0
249 660 0
251 447 0
251 535 0
252 696 0
253 266 0
254 408 0
254 589 0
255 404 0
255 599 0
256 507 0
259 307 0
259 384 0
259 668 0
260 288 0
262 643 0
265 316 0
265 373 0
265 575 0
265 607 0
266 418 0
266 445 0
268 408 0
269 564 0
270 336 0
271 556 0
271 627 0
272 523 0
273 308 0
273 324 0
273 429 0
275 281 0
275 310 0
275 687 0
276 384 0
278 376 0
279 309 0
279 445 0
279 700 0
280 339 0
281 315 0
281 565 0
282 297 0
282 581 0
282 697 0
283 516 0
283 612 0
284 287 0
284 552 0
284 563 0
286 358 0
287 368 0
287 391 0
287 403 0
288 321 0
288 548 0
289 302 0
289 427 0
289 474 0
289 698 0
291 677 0
292 357 0
292 362 0
292 611 0
293 529 0
294 400 0
294 406 0
294 475 0
294 609 0
294 663 0
295 608 0
296 383 0
296 400 0
296 574 0
297 300 0
297 389 0
297 391 0
297 464 0
297 698 0
298 376 0
299 572 0
300 368 0
300 511 0
301 509 0
302 364 0
302 431 0
302 609 0
303 443 0
304 605 0
306 671 0
308 572 0
308 646 0
310 661 0
311 444 0
312 561 0
313 559 0
313 572 0
313 689 0
314 622 0
315 355 0
315 598 0
317 495 0
319 654 0
320 679 0
321 383 0
321 565 0
322 396 0
322 502 0
323 505 0
324 443 0
324 511 0
324 574 0
324 650 0
326 443 0
328 502 0
330 405 0
330 515 0
330 576 0
331 661 0
333 390 0
333 486 0
333 679 0
334 665 0
334 674 0
336 451 0
336 472 0
336 656 0
337 523 0
338 456 0
338 660 0
339 454 0
339 484 0
339 527 0
342 556 0
343 605 0
344 511 0
345 433 0
345 531 0
346 485 0
346 620 0
347 580 0
348 406 0
349 467 0
349 510 0
350 366 0
351 647 0
352 570 0
353 446 0
354 633 0
356 678 0
357 587 0
357 645 0
357 651 0
358 516 0
358 537 0
359 669 0
359 698 0
360 369 0
362 365 0
363 654 0
365 420 0
365 600 0
366 603 0
366 676 0
368 513 0
369 604 0
369 648 0
370 427 0
371 511 0
374 476 0
374 497 0
374 644 0
375 380 0
375 521 0
375 522 0
375 630 0
376 626 0
377 568 0
378 556 0
379 614 0
381 625 0
382 624 0
383 445 0
383 473 0
385 423 0
388 391 0
388 516 0
388 597 0
388 619 0
389 695 0
390 469 0
390 691 0
390 700 0
392 571 0
393 669 0
394 458 0
394 562 0
394 650 0
395 669 0
396 488 0
397 529 0
398 580 0
398 654 0
398 657 0
399 457 0
400 522 0
400 606 0
401 520 0
402 580 0
402 677 0
403 493 0
403 658 0
403 684 0
404 502 0
404 559 0
404 570 0
407 408 0
408 530 0
409 622 0
411 646 0
412 561 0
412 643 0
412 666 0
414 611 0
414 643 0
414 695 0
415 625 0
416 670 0
417 640 0
419 559 0
419 654 0
419 661 0
424 464 0
427 636 0
428 507 0
432 565 0
434 468 0
434 498 0
435 599 0
436 605 0
438 695 0
441 443 0
442 657 0
444 524 0
444 539 0
444 581 0
445 601 0
445 608 0
446 508 0
446 606 0
450 699 0
452 553 0
453 505 0
455 571 0
456 556 0
457 533 0
457 612 0
461 646 0
463 637 0
464 584 0
466 666 0
468 678 0
471 490 0
471 604 0
473 572 0
473 677 0
474 689 0
474 692 0
478 663 0
479 545 0
479 683 0
480 569 0
480 578 0
480 632 0
482 608 0
484 505 0
484 529 0
486 525 0
486 650 0
487 523 0
488 662 0
491 566 0
492 695 0
495 534 0
496 568 0
499 661 0
502 612 0
503 614 0
505 593 0
512 696 0
521 572 0
522 598 0
523 544 0
525 606 0
526 640 0
528 614 0
528 646 0
528 699 0
529 664 0
535 553 0
535 643 0
538 553 0
539 553 0
539 671 0
540 627 0
542 637 0
543 633 0
544 611 0
544 637 0
546 653 0
550 570 0
550 588 0
553 693 0
557 564 0
560 661 0
561 586 0
564 575 0
564 584 0
565 602 0
565 690 0
566 676 0
568 588 0
568 606 0
577 614 0
581 657 0
582 696 0
589 639 0
595 699 0
599 613 0
604 695 0
608 681 0
610 625 0
610 661 0
610 689 0
611 642 0
616 647 0
623 643 0
627 693 0
638 678 0
640 652 0
647 693 0
671 689 0
673 699 0
677 680 0
