250 369 0
1 86 0
1 213 0
2 151 0
3 11 0
4 11 0
4 27 0
4 33 0
4 122 0
4 136 0
4 190 0
5 61 0
5 111 0
5 112 0
5 146 0
5 160 0
6 138 0
6 200 0
7 197 0
8 64 0
8 179 0
9 219 0
10 100 0
10 116 0
11 51 0
11 119 0
12 86 0
13 64 0
13 109 0
13 164 0
14 196 0
15 71 0
16 67 0
16 217 0
17 41 0
17 43 0
17 49 0
17 180 0
17 187 0
17 219 0
18 200 0
19 31 0
19 53 0
19 91 0
19 200 0
19 234 0
20 92 0
21 59 0
21 68 0
21 139 0
21 205 0
21 241 0
22 26 0
22 70 0
22 138 0
22 229 0
22 231 0
23 30 0
23 90 0
23 124 0
23 154 0
24 222 0
25 78 0
25 109 0
25 220 0
26 98 0
26 127 0
26 135 0
27 29 0
27 159 0
27 185 0
27 244 0
28 184 0
28 212 0
29 63 0
29 113 0
29 155 0
29 219 0
30 64 0
30 70 0
30 141 0
31 40 0
31 78 0
31 230 0
31 237 0
32 190 0
33 136 0
34 217 0
35 63 0
36 82 0
36 219 0
37 232 0
37 236 0
38 85 0
38 184 0
38 188 0
38 236 0
38 249 0
39 103 0
39 247 0
40 138 0
40 178 0
40 206 0
40 241 0
41 156 0
42 57 0
42 130 0
42 191 0
43 143 0
43 230 0
44 197 0
45 78 0
45 100 0
45 162 0
46 200 0
47 63 0
48 77 0
48 124 0
49 72 0
49 192 0
49 223 0
49 231 0
50 228 0
52 196 0
52 205 0
53 75 0
53 83 0
53 248 0
54 185 0
54 222 0
55 204 0
55 212 0
55 233 0
56 71 0
56 120 0
56 183 0
57 63 0
58 155 0
59 60 0
59 66 0
59 159 0
59 211 0
60 172 0
60 196 0
60 197 0
60 241 0
61 238 0
62 73 0
62 89 0
62 114 0
62 239 0
64 93 0
64 156 0
64 221 0
65 77 0
65 104 0
65 179 0
65 234 0
66 82 0
66 174 0
66 247 0
67 172 0
67 209 0
68 178 0
68 191 0
68 202 0
69 86 0
70 85 0
70 105 0
70 183 0
70 231 0
71 125 0
71 141 0
72 102 0
72 142 0
72 166 0
73 101 0
74 91 0
75 98 0
76 91 0
76 156 0
77 95 0
77 126 0
77 144 0
77 201 0
78 132 0
79 143 0
80 122 0
80 147 0
81 91 0
82 108 0
82 176 0
82 186 0
83 166 0
83 244 0
84 87 0
84 114 0
84 151 0
84 184 0
84 234 0
85 116 0
85 136 0
85 158 0
85 162 0
86 106 0
86 117 0
87 131 0
87 182 0
87 199 0
88 151 0
89 113 0
89 156 0
90 183 0
90 198 0
90 224 0
91 117 0
91 123 0
91 125 0
91 212 0
91 242 0
92 153 0
92 171 0
92 196 0
92 210 0
92 244 0
93 146 0
93 215 0
93 240 0
93 250 0
94 143 0
96 147 0
97 223 0
99 104 0
99 208 0
100 132 0
100 191 0
100 197 0
101 122 0
101 207 0
101 209 0
102 156 0
102 187 0
103 174 0
104 145 0
104 177 0
105 159 0
105 202 0
106 232 0
107 154 0
109 111 0
109 120 0
109 245 0
110 143 0
110 218 0
111 147 0
111 203 0
111 231 0
112 241 0
113 132 0
113 139 0
113 203 0
113 209 0
113 239 0
114 149 0
114 208 0
114 221 0
115 197 0
116 165 0
116 170 0
116 188 0
117 202 0
117 231 0
117 232 0
118 141 0
118 191 0
119 135 0
121 228 0
124 168 0
124 192 0
125 127 0
127 210 0
128 195 0
129 174 0
130 178 0
130 211 0
131 161 0
131 215 0
133 136 0
134 219 0
136 175 0
137 151 0
138 146 0
138 210 0
140 223 0
141 180 0
141 222 0
141 228 0
143 211 0
146 194 0
147 225 0
148 222 0
149 243 0
150 232 0
151 240 0
152 176 0
152 200 0
152 248 0
153 249 0
154 206 0
154 238 0
155 204 0
155 213 0
156 217 0
156 244 0
157 229 0
158 179 0
159 234 0
160 187 0
161 178 0
162 186 0
162 194 0
163 179 0
164 195 0
165 239 0
167 216 0
169 228 0
171 195 0
172 181 0
172 202 0
172 227 0
172 242 0
173 195 0
174 189 0
175 237 0
178 201 0
178 248 0
179 208 0
180 233 0
181 209 0
182 212 0
184 190 0
185 229 0
185 236 0
188 229 0
190 193 0
190 220 0
193 218 0
194 247 0
195 211 0
196 203 0
196 214 0
200 225 0
202 209 0
204 223 0
208 231 0
209 212 0
210 225 0
211 217 0
212 215 0
216 218 0
216 227 0
216 244 0
217 246 0
219 222 0
219 226 0
219 232 0
223 243 0
228 248 0
233 247 0
235 247 0
