450 581 0
1 7 0
1 113 0
1 154 0
1 189 0
1 342 0
2 26 0
3 93 0
3 166 0
3 193 0
3 298 0
3 359 0
3 422 0
4 12 0
4 250 0
4 392 0
4 400 0
4 439 0
5 234 0
6 169 0
6 262 0
7 82 0
7 128 0
7 195 0
7 368 0
8 83 0
8 141 0
8 217 0
8 400 0
8 441 0
9 177 0
10 111 0
10 152 0
10 167 0
10 271 0
11 51 0
11 187 0
11 354 0
12 160 0
12 322 0
13 79 0
13 89 0
13 264 0
13 338 0
13 358 0
14 84 0
14 354 0
15 202 0
15 389 0
16 356 0
16 433 0
17 365 0
17 431 0
18 141 0
18 205 0
19 50 0
19 57 0
19 187 0
19 266 0
20 48 0
20 435 0
21 193 0
21 226 0
21 320 0
21 373 0
21 445 0
22 105 0
22 142 0
23 107 0
23 190 0
23 233 0
23 268 0
23 276 0
23 437 0
24 34 0
24 244 0
24 254 0
24 393 0
24 430 0
25 161 0
26 60 0
26 170 0
26 221 0
27 403 0
27 433 0
28 105 0
28 249 0
28 380 0
28 416 0
29 119 0
29 175 0
29 258 0
29 266 0
30 171 0
30 391 0
31 111 0
31 136 0
31 260 0
32 202 0
32 214 0
32 370 0
32 395 0
33 211 0
33 281 0
33 307 0
34 36 0
34 224 0
34 233 0
34 366 0
34 447 0
35 152 0
35 215 0
35 231 0
35 410 0
36 305 0
36 321 0
36 372 0
37 97 0
37 100 0
37 103 0
37 287 0
38 65 0
39 389 0
40 121 0
41 44 0
41 136 0
41 382 0
41 406 0
42 120 0
42 145 0
42 225 0
42 333 0
43 285 0
43 367 0
44 79 0
44 160 0
44 201 0
44 293 0
45 116 0
45 197 0
45 256 0
45 413 0
45 421 0
46 87 0
46 102 0
47 126 0
47 376 0
47 412 0
48 370 0
48 428 0
49 194 0
51 369 0
52 406 0
53 449 0
54 132 0
54 203 0
54 218 0
54 330 0
55 385 0
55 448 0
56 423 0
58 162 0
59 446 0
61 135 0
61 449 0
62 138 0
62 146 0
63 352 0
64 105 0
64 150 0
64 193 0
64 421 0
65 186 0
65 219 0
65 313 0
65 323 0
65 371 0
66 80 0
67 251 0
68 204 0
68 255 0
68 338 0
68 418 0
69 265 0
70 428 0
71 103 0
71 217 0
71 302 0
71 376 0
72 142 0
73 377 0
74 356 0
75 166 0
76 189 0
76 285 0
77 171 0
77 269 0
77 355 0
77 445 0
78 169 0
79 224 0
79 225 0
79 226 0
79 295 0
80 168 0
80 284 0
80 326 0
80 331 0
81 249 0
81 276 0
82 126 0
82 408 0
84 105 0
84 107 0
84 318 0
84 344 0
85 382 0
86 94 0
86 122 0
86 129 0
86 174 0
86 299 0
86 328 0
87 91 0
87 98 0
87 322 0
88 189 0
90 137 0
90 148 0
90 178 0
90 201 0
90 275 0
90 374 0
91 205 0
91 277 0
91 446 0
92 173 0
93 398 0
94 164 0
95 307 0
96 446 0
99 312 0
101 113 0
101 138 0
101 226 0
102 112 0
102 250 0
102 399 0
102 440 0
103 388 0
103 423 0
104 144 0
105 435 0
106 164 0
106 376 0
108 297 0
109 308 0
110 181 0
110 190 0
110 259 0
111 150 0
112 280 0
113 238 0
113 324 0
113 326 0
114 188 0
114 301 0
115 249 0
115 311 0
116 377 0
117 142 0
118 158 0
118 262 0
120 121 0
120 356 0
120 428 0
121 127 0
121 242 0
121 263 0
122 426 0
123 319 0
124 367 0
125 251 0
126 160 0
126 253 0
126 323 0
128 217 0
129 391 0
130 159 0
130 395 0
131 262 0
133 141 0
133 277 0
133 308 0
133 377 0
134 149 0
135 156 0
135 180 0
135 325 0
136 155 0
136 384 0
138 261 0
138 293 0
138 300 0
139 144 0
139 214 0
139 352 0
139 377 0
140 367 0
141 228 0
141 279 0
141 344 0
141 409 0
142 163 0
142 346 0
142 442 0
143 307 0
144 315 0
144 332 0
144 397 0
145 149 0
145 265 0
145 290 0
146 308 0
147 406 0
148 194 0
149 282 0
149 336 0
150 224 0
150 277 0
150 334 0
151 377 0
152 273 0
152 342 0
153 250 0
153 333 0
153 375 0
153 427 0
153 442 0
154 179 0
154 210 0
154 288 0
156 161 0
156 327 0
156 360 0
157 370 0
158 166 0
158 263 0
159 173 0
160 170 0
160 247 0
160 319 0
160 429 0
161 252 0
161 296 0
161 450 0
162 208 0
162 291 0
162 445 0
163 167 0
163 290 0
164 191 0
164 382 0
165 265 0
166 278 0
166 346 0
167 283 0
168 360 0
168 449 0
169 184 0
169 333 0
169 344 0
170 352 0
172 189 0
172 353 0
173 193 0
173 317 0
175 290 0
176 232 0
177 296 0
177 333 0
177 340 0
178 206 0
181 205 0
182 446 0
183 319 0
185 285 0
186 273 0
188 243 0
188 423 0
190 242 0
190 248 0
190 386 0
192 350 0
193 366 0
193 393 0
194 203 0
194 228 0
194 258 0
194 341 0
196 350 0
197 311 0
198 308 0
198 369 0
199 212 0
200 212 0
200 330 0
201 241 0
201 297 0
202 260 0
202 286 0
203 334 0
203 348 0
204 259 0
205 405 0
206 447 0
207 388 0
209 241 0
210 257 0
211 290 0
212 337 0
212 428 0
212 433 0
213 339 0
213 391 0
214 221 0
214 225 0
214 326 0
216 246 0
216 397 0
216 401 0
216 444 0
217 307 0
217 369 0
220 308 0
221 312 0
221 350 0
222 283 0
222 335 0
222 346 0
222 394 0
223 365 0
224 302 0
224 371 0
225 360 0
227 389 0
228 368 0
229 448 0
230 431 0
231 348 0
232 250 0
232 303 0
232 402 0
233 302 0
233 371 0
234 239 0
234 294 0
234 300 0
234 411 0
235 377 0
236 311 0
237 290 0
240 366 0
241 270 0
241 434 0
241 450 0
242 280 0
242 389 0
242 432 0
243 403 0
245 262 0
245 265 0
246 263 0
246 284 0
247 323 0
247 378 0
247 438 0
248 348 0
249 401 0
250 334 0
251 421 0
251 429 0
257 281 0
257 398 0
259 388 0
261 327 0
262 280 0
262 433 0
265 385 0
266 295 0
266 449 0
267 276 0
268 273 0
269 304 0
272 389 0
273 425 0
274 356 0
276 381 0
277 338 0
278 415 0
279 354 0
279 391 0
280 437 0
281 447 0
282 289 0
285 309 0
285 376 0
285 432 0
287 424 0
289 312 0
292 313 0
292 437 0
295 299 0
295 433 0
296 429 0
297 330 0
297 353 0
297 426 0
299 349 0
299 352 0
300 360 0
300 365 0
301 306 0
301 371 0
301 379 0
302 342 0
304 435 0
309 388 0
310 406 0
311 421 0
311 433 0
312 361 0
314 352 0
315 403 0
316 349 0
319 412 0
322 335 0
326 448 0
327 364 0
327 411 0
327 436 0
329 448 0
332 395 0
334 346 0
338 389 0
339 423 0
342 397 0
343 365 0
344 384 0
345 349 0
347 398 0
348 396 0
348 404 0
349 419 0
350 415 0
351 395 0
352 414 0
354 382 0
357 366 0
360 445 0
362 369 0
363 365 0
366 407 0
367 371 0
367 420 0
370 443 0
374 431 0
376 398 0
376 403 0
380 416 0
383 447 0
387 437 0
388 412 0
390 428 0
391 397 0
393 428 0
395 417 0
396 406 0
396 429 0
408 435 0
424 449 0
431 433 0
