180 242 0
1 78 0
1 128 0
2 20 0
3 82 0
3 151 0
3 153 0
3 170 0
4 15 0
4 41 0
4 78 0
4 94 0
4 102 0
5 29 0
5 36 0
6 98 0
6 156 0
6 175 0
7 177 0
8 51 0
9 50 0
9 72 0
10 113 0
11 96 0
11 133 0
12 48 0
13 140 0
13 147 0
14 103 0
15 19 0
15 88 0
15 122 0
15 134 0
16 53 0
17 84 0
18 51 0
19 60 0
20 52 0
20 77 0
20 87 0
20 97 0
20 171 0
21 46 0
21 68 0
21 84 0
21 180 0
22 38 0
22 96 0
22 149 0
22 166 0
23 52 0
23 98 0
24 62 0
24 110 0
24 163 0
25 133 0
26 96 0
27 79 0
28 53 0
28 120 0
28 125 0
28 167 0
29 127 0
30 151 0
30 164 0
31 79 0
32 52 0
32 173 0
33 84 0
33 129 0
34 179 0
35 61 0
35 99 0
35 109 0
35 116 0
35 119 0
36 47 0
36 66 0
36 75 0
36 101 0
36 104 0
36 176 0
37 100 0
37 177 0
38 64 0
38 102 0
38 125 0
39 179 0
40 65 0
40 165 0
41 44 0
41 115 0
41 152 0
42 50 0
42 68 0
43 102 0
43 133 0
43 137 0
43 147 0
43 156 0
45 69 0
46 101 0
46 110 0
46 129 0
46 170 0
47 156 0
48 56 0
48 87 0
48 141 0
49 139 0
50 93 0
50 127 0
50 144 0
50 171 0
51 54 0
51 161 0
52 58 0
52 150 0
52 154 0
53 143 0
53 157 0
53 159 0
53 174 0
54 59 0
54 65 0
54 177 0
55 84 0
55 113 0
55 125 0
55 127 0
57 60 0
59 64 0
59 99 0
59 144 0
60 99 0
60 108 0
60 161 0
61 62 0
61 80 0
61 179 0
62 86 0
62 87 0
62 126 0
63 65 0
64 165 0
65 124 0
65 142 0
66 132 0
66 163 0
67 77 0
67 108 0
67 149 0
68 166 0
69 149 0
69 163 0
70 110 0
70 114 0
70 173 0
71 113 0
72 133 0
72 137 0
73 124 0
73 166 0
74 127 0
75 103 0
75 148 0
75 165 0
76 81 0
77 102 0
77 139 0
77 173 0
78 91 0
78 99 0
78 121 0
79 154 0
79 172 0
80 121 0
80 139 0
81 111 0
81 123 0
81 144 0
83 147 0
85 99 0
85 137 0
85 159 0
85 160 0
86 119 0
87 98 0
87 165 0
89 98 0
89 147 0
90 167 0
91 160 0
92 167 0
93 144 0
94 132 0
95 164 0
96 100 0
96 112 0
98 146 0
101 123 0
101 172 0
102 114 0
103 136 0
103 140 0
103 164 0
105 167 0
106 132 0
106 141 0
107 148 0
107 171 0
108 120 0
108 129 0
110 124 0
113 150 0
113 162 0
114 177 0
115 173 0
117 156 0
118 138 0
118 177 0
120 131 0
120 145 0
120 180 0
122 167 0
125 154 0
127 142 0
128 139 0
130 173 0
132 154 0
135 164 0
137 164 0
138 144 0
138 174 0
138 178 0
147 169 0
148 155 0
148 168 0
149 164 0
156 175 0
158 166 0
165 170 0
170 179 0
