60 83 0
1 33 0
2 4 0
2 19 0
2 20 0
2 46 0
3 24 0
4 7 0
4 13 0
4 38 0
4 45 0
5 10 0
5 31 0
5 41 0
5 54 0
6 35 0
6 42 0
7 22 0
7 29 0
7 35 0
8 20 0
8 26 0
8 28 0
8 29 0
8 33 0
9 15 0
9 39 0
10 24 0
10 29 0
10 42 0
11 33 0
12 28 0
13 35 0
13 38 0
13 45 0
13 55 0
14 16 0
15 17 0
15 18 0
15 22 0
15 53 0
16 22 0
16 49 0
16 56 0
16 57 0
17 54 0
19 36 0
19 51 0
20 25 0
20 51 0
21 24 0
21 44 0
21 57 0
22 36 0
23 38 0
23 45 0
24 50 0
25 60 0
26 32 0
26 52 0
26 58 0
27 42 0
28 34 0
28 59 0
29 31 0
29 58 0
29 60 0
30 36 0
31 55 0
33 43 0
35 36 0
36 37 0
36 44 0
36 59 0
37 46 0
38 40 0
38 48 0
39 47 0
39 57 0
39 60 0
42 56 0
43 44 0
48 58 0
51 60 0
