900 989 0
1 763 0
2 134 0
2 362 0
2 439 0
2 605 0
2 646 0
3 69 0
4 224 0
5 150 0
5 269 0
5 287 0
5 733 0
6 273 0
7 106 0
7 238 0
7 479 0
8 864 0
9 534 0
10 128 0
10 219 0
10 405 0
10 421 0
10 816 0
10 892 0
11 504 0
12 303 0
13 14 0
14 383 0
14 396 0
14 652 0
15 893 0
16 61 0
16 63 0
16 104 0
16 530 0
17 469 0
18 58 0
19 299 0
19 364 0
19 697 0
19 881 0
20 638 0
21 266 0
21 488 0
21 633 0
21 653 0
22 112 0
23 550 0
24 307 0
25 606 0
26 41 0
26 94 0
26 249 0
26 269 0
26 430 0
27 613 0
28 238 0
28 401 0
28 803 0
29 635 0
30 63 0
30 247 0
30 293 0
30 304 0
31 341 0
32 360 0
32 528 0
32 531 0
32 599 0
32 740 0
33 572 0
33 580 0
33 649 0
33 675 0
34 428 0
35 893 0
36 98 0
36 122 0
36 313 0
36 321 0
37 374 0
37 686 0
37 836 0
38 764 0
39 359 0
40 144 0
40 235 0
40 300 0
40 708 0
41 323 0
41 343 0
41 597 0
41 900 0
42 199 0
42 204 0
42 215 0
42 753 0
43 254 0
43 417 0
43 620 0
43 824 0
44 310 0
45 134 0
46 163 0
47 849 0
48 140 0
48 833 0
48 844 0
48 851 0
49 186 0
49 282 0
49 352 0
49 769 0
50 717 0
51 763 0
52 368 0
53 161 0
54 355 0
54 442 0
54 804 0
55 250 0
55 327 0
55 408 0
55 630 0
55 748 0
55 872 0
56 58 0
57 504 0
58 339 0
58 608 0
59 183 0
59 272 0
59 472 0
59 659 0
60 351 0
60 375 0
60 665 0
60 763 0
62 290 0
62 683 0
62 729 0
62 871 0
63 206 0
63 635 0
64 756 0
65 343 0
66 175 0
66 208 0
66 353 0
66 842 0
67 368 0
68 738 0
69 211 0
69 429 0
69 476 0
70 307 0
71 189 0
72 129 0
73 177 0
73 227 0
73 548 0
73 838 0
74 189 0
74 364 0
74 612 0
74 808 0
75 535 0
76 852 0
77 299 0
78 789 0
79 785 0
80 656 0
81 197 0
82 108 0
82 121 0
82 321 0
82 389 0
83 404 0
83 425 0
83 628 0
83 729 0
84 263 0
85 216 0
85 400 0
85 449 0
85 899 0
86 264 0
87 343 0
88 232 0
88 295 0
88 361 0
88 485 0
88 567 0
89 874 0
90 181 0
91 382 0
91 659 0
91 712 0
91 718 0
92 234 0
92 246 0
92 447 0
92 579 0
93 349 0
94 491 0
94 587 0
94 852 0
94 900 0
95 231 0
96 240 0
97 291 0
99 224 0
100 183 0
100 320 0
100 627 0
101 805 0
102 638 0
103 500 0
105 276 0
106 287 0
106 459 0
106 482 0
106 600 0
107 569 0
109 247 0
109 311 0
109 422 0
109 473 0
109 498 0
109 541 0
110 243 0
111 630 0
112 150 0
112 218 0
112 723 0
113 875 0
114 161 0
115 196 0
116 156 0
116 647 0
116 683 0
117 505 0
118 375 0
119 280 0
120 350 0
123 255 0
123 329 0
123 560 0
123 753 0
124 597 0
125 697 0
126 291 0
127 505 0
128 203 0
128 215 0
128 869 0
129 246 0
129 624 0
129 701 0
130 264 0
131 189 0
131 503 0
131 614 0
132 156 0
133 880 0
134 259 0
134 519 0
135 509 0
136 850 0
137 436 0
138 350 0
139 550 0
141 848 0
142 715 0
143 240 0
144 219 0
144 487 0
145 612 0
146 767 0
147 409 0
148 418 0
148 430 0
148 739 0
148 888 0
149 801 0
150 326 0
150 409 0
151 355 0
152 587 0
153 587 0
154 197 0
154 560 0
154 571 0
154 638 0
155 777 0
156 241 0
156 732 0
156 769 0
157 565 0
158 762 0
159 264 0
160 375 0
161 252 0
161 488 0
161 654 0
162 503 0
163 346 0
163 395 0
163 703 0
164 835 0
165 169 0
165 705 0
165 828 0
165 831 0
166 756 0
167 809 0
168 526 0
170 185 0
170 283 0
170 372 0
170 543 0
170 849 0
171 280 0
172 173 0
172 340 0
172 384 0
172 677 0
172 816 0
174 444 0
176 357 0
178 577 0
179 561 0
180 792 0
181 253 0
181 594 0
181 661 0
182 811 0
183 264 0
183 836 0
184 606 0
185 426 0
185 451 0
185 793 0
187 645 0
188 296 0
188 337 0
188 581 0
188 769 0
188 817 0
189 533 0
190 875 0
191 306 0
192 193 0
193 453 0
193 608 0
193 891 0
194 341 0
194 773 0
194 890 0
195 634 0
196 348 0
196 658 0
196 860 0
197 319 0
197 448 0
198 764 0
199 638 0
199 881 0
200 803 0
201 242 0
201 301 0
201 625 0
201 775 0
202 716 0
203 535 0
203 606 0
203 768 0
204 269 0
204 680 0
204 712 0
205 455 0
206 253 0
206 683 0
206 734 0
207 792 0
207 857 0
207 874 0
209 603 0
210 271 0
210 489 0
210 641 0
210 734 0
212 467 0
213 470 0
214 561 0
215 506 0
215 646 0
217 372 0
219 359 0
219 568 0
219 764 0
220 535 0
221 233 0
222 803 0
223 238 0
224 284 0
224 499 0
225 777 0
226 301 0
226 392 0
226 492 0
226 847 0
228 437 0
229 351 0
230 303 0
231 248 0
231 347 0
231 688 0
232 463 0
232 861 0
233 421 0
233 432 0
233 689 0
235 255 0
235 627 0
235 861 0
236 484 0
236 506 0
236 565 0
236 716 0
237 571 0
238 247 0
238 248 0
238 367 0
238 478 0
238 692 0
238 892 0
239 805 0
240 430 0
240 732 0
240 743 0
241 276 0
241 777 0
242 344 0
242 457 0
242 753 0
243 328 0
243 702 0
243 830 0
244 309 0
245 324 0
246 329 0
246 884 0
248 500 0
248 506 0
249 269 0
249 597 0
250 608 0
250 683 0
250 857 0
251 267 0
251 479 0
251 702 0
253 413 0
253 725 0
255 471 0
255 702 0
256 515 0
257 274 0
257 706 0
257 718 0
257 730 0
258 480 0
260 314 0
261 700 0
262 613 0
263 345 0
263 531 0
263 895 0
264 652 0
265 374 0
267 321 0
267 402 0
267 797 0
268 577 0
269 807 0
270 717 0
273 737 0
273 791 0
273 857 0
275 861 0
276 581 0
276 757 0
277 645 0
277 744 0
277 812 0
277 876 0
278 413 0
279 491 0
280 465 0
280 813 0
281 326 0
283 487 0
283 493 0
283 712 0
284 314 0
284 344 0
284 504 0
285 725 0
286 644 0
287 428 0
287 644 0
288 850 0
289 606 0
290 312 0
290 349 0
290 792 0
291 580 0
291 714 0
291 726 0
292 644 0
294 762 0
295 344 0
295 503 0
295 674 0
297 343 0
298 809 0
299 527 0
299 826 0
301 585 0
301 850 0
302 773 0
303 685 0
303 733 0
303 856 0
305 656 0
306 353 0
306 690 0
306 778 0
307 518 0
307 654 0
307 703 0
308 349 0
309 476 0
309 682 0
309 832 0
310 564 0
310 676 0
310 729 0
312 394 0
312 819 0
312 892 0
314 671 0
314 678 0
314 796 0
315 568 0
316 479 0
316 785 0
316 869 0
316 874 0
317 353 0
317 401 0
317 548 0
318 408 0
320 431 0
320 523 0
320 698 0
321 646 0
322 808 0
323 516 0
323 615 0
323 790 0
324 761 0
324 851 0
324 858 0
325 484 0
326 632 0
326 655 0
327 503 0
327 515 0
329 348 0
329 422 0
330 532 0
331 479 0
332 590 0
333 509 0
334 422 0
334 452 0
334 543 0
334 546 0
335 349 0
336 843 0
338 893 0
341 376 0
341 672 0
341 818 0
342 561 0
343 391 0
344 353 0
348 669 0
348 700 0
350 381 0
350 382 0
351 602 0
351 780 0
353 378 0
353 789 0
354 503 0
355 702 0
355 735 0
355 814 0
356 747 0
357 399 0
357 493 0
357 511 0
357 558 0
358 861 0
359 433 0
359 731 0
362 623 0
362 749 0
362 900 0
363 417 0
363 726 0
363 865 0
363 897 0
364 476 0
364 712 0
365 812 0
366 700 0
368 403 0
368 614 0
369 500 0
370 762 0
371 836 0
372 758 0
372 779 0
373 872 0
374 475 0
374 637 0
374 866 0
375 446 0
375 776 0
377 505 0
378 421 0
378 662 0
379 667 0
380 562 0
380 578 0
380 614 0
382 557 0
382 864 0
384 580 0
384 603 0
385 725 0
386 686 0
387 442 0
388 669 0
390 558 0
390 674 0
390 856 0
391 645 0
391 662 0
393 612 0
397 435 0
397 595 0
397 673 0
397 775 0
398 848 0
401 471 0
401 481 0
405 716 0
405 769 0
406 630 0
407 700 0
408 626 0
408 867 0
409 563 0
409 618 0
410 686 0
411 881 0
412 439 0
413 591 0
413 896 0
414 697 0
415 716 0
416 635 0
417 773 0
417 876 0
419 500 0
420 880 0
421 696 0
421 767 0
421 875 0
422 738 0
423 469 0
424 667 0
427 848 0
428 549 0
428 604 0
430 526 0
434 874 0
436 558 0
436 625 0
436 719 0
436 882 0
437 524 0
437 724 0
437 899 0
438 812 0
439 501 0
439 629 0
439 696 0
440 569 0
441 442 0
442 507 0
442 703 0
443 463 0
444 473 0
444 619 0
444 820 0
444 857 0
445 612 0
450 467 0
454 601 0
454 666 0
454 868 0
454 871 0
455 751 0
455 752 0
455 816 0
456 585 0
457 523 0
457 757 0
457 851 0
458 792 0
460 494 0
461 861 0
462 573 0
463 621 0
463 775 0
464 526 0
466 573 0
467 733 0
467 853 0
468 585 0
469 544 0
469 580 0
469 660 0
470 691 0
470 786 0
470 816 0
471 532 0
471 686 0
473 768 0
474 597 0
475 560 0
475 843 0
475 880 0
476 776 0
476 893 0
477 648 0
479 528 0
479 687 0
480 493 0
480 699 0
480 727 0
483 568 0
484 536 0
484 539 0
486 747 0
487 550 0
487 750 0
487 848 0
488 561 0
488 798 0
488 869 0
490 575 0
490 659 0
490 693 0
490 806 0
491 654 0
491 810 0
493 786 0
493 809 0
494 639 0
494 774 0
494 818 0
495 756 0
496 576 0
496 640 0
496 718 0
496 802 0
497 843 0
502 812 0
503 529 0
504 631 0
505 857 0
506 831 0
508 557 0
509 538 0
509 775 0
510 717 0
512 880 0
513 785 0
514 789 0
515 548 0
515 556 0
517 875 0
520 872 0
521 535 0
522 803 0
523 715 0
523 747 0
525 741 0
526 845 0
528 792 0
531 590 0
531 807 0
532 537 0
532 582 0
534 734 0
534 815 0
534 841 0
540 843 0
542 565 0
543 648 0
545 777 0
547 634 0
548 577 0
548 665 0
550 787 0
551 801 0
552 741 0
553 697 0
554 890 0
555 593 0
557 795 0
557 887 0
558 707 0
559 571 0
560 769 0
565 636 0
566 715 0
568 668 0
569 720 0
569 776 0
570 590 0
571 664 0
573 694 0
573 757 0
574 652 0
574 660 0
574 684 0
574 783 0
577 784 0
580 834 0
581 665 0
583 872 0
584 747 0
585 800 0
586 890 0
587 616 0
588 593 0
589 728 0
590 770 0
592 674 0
593 625 0
593 704 0
596 864 0
598 614 0
603 889 0
603 899 0
605 741 0
605 884 0
607 656 0
608 803 0
609 805 0
610 785 0
611 634 0
613 622 0
613 625 0
614 869 0
617 763 0
618 762 0
618 834 0
627 796 0
627 798 0
627 879 0
630 839 0
634 813 0
635 894 0
642 744 0
643 725 0
644 859 0
645 799 0
646 703 0
647 656 0
647 660 0
647 662 0
647 805 0
647 807 0
648 813 0
648 823 0
648 825 0
650 884 0
651 728 0
652 834 0
657 881 0
659 728 0
662 670 0
662 886 0
663 881 0
665 680 0
665 899 0
667 733 0
667 794 0
669 681 0
669 788 0
674 692 0
674 885 0
679 738 0
680 834 0
680 876 0
683 753 0
686 695 0
692 836 0
696 789 0
702 835 0
707 720 0
707 745 0
707 854 0
709 738 0
710 811 0
711 804 0
713 744 0
715 754 0
717 871 0
718 762 0
720 834 0
720 836 0
721 849 0
722 852 0
726 786 0
726 834 0
728 766 0
729 811 0
732 767 0
734 801 0
736 835 0
741 742 0
741 818 0
744 829 0
746 822 0
748 768 0
748 801 0
750 755 0
750 840 0
750 878 0
756 757 0
759 767 0
760 822 0
764 862 0
765 864 0
767 846 0
768 877 0
771 804 0
772 884 0
773 856 0
777 831 0
781 822 0
782 852 0
796 861 0
798 852 0
801 837 0
804 871 0
807 813 0
808 821 0
808 898 0
809 873 0
811 883 0
818 876 0
822 831 0
827 850 0
835 855 0
849 863 0
851 890 0
856 876 0
870 890 0
