450 548 0
1 91 0
1 100 0
1 249 0
1 430 0
2 237 0
3 47 0
3 236 0
3 293 0
3 350 0
4 233 0
5 222 0
5 273 0
5 310 0
5 375 0
5 444 0
6 20 0
6 340 0
6 388 0
6 443 0
7 373 0
8 368 0
9 47 0
9 124 0
9 167 0
9 422 0
10 61 0
11 13 0
11 220 0
11 255 0
11 321 0
12 217 0
13 68 0
13 160 0
13 432 0
14 129 0
15 93 0
15 261 0
15 332 0
15 423 0
16 23 0
16 44 0
16 136 0
16 189 0
16 309 0
16 348 0
17 82 0
17 168 0
17 271 0
17 282 0
18 400 0
19 23 0
19 286 0
19 331 0
19 369 0
20 60 0
21 39 0
21 298 0
21 354 0
21 379 0
22 35 0
22 178 0
22 270 0
22 283 0
22 449 0
24 34 0
25 345 0
26 140 0
26 168 0
26 180 0
26 196 0
27 422 0
28 237 0
29 332 0
30 155 0
30 204 0
30 215 0
30 373 0
30 426 0
31 191 0
31 330 0
32 49 0
32 167 0
33 321 0
33 331 0
33 361 0
34 53 0
34 116 0
34 179 0
34 222 0
34 260 0
35 41 0
35 229 0
35 312 0
36 220 0
37 148 0
37 384 0
38 236 0
40 212 0
41 106 0
41 176 0
41 318 0
42 130 0
42 287 0
42 349 0
42 359 0
42 383 0
43 169 0
43 350 0
45 300 0
46 293 0
47 194 0
47 334 0
47 386 0
47 428 0
48 99 0
48 193 0
48 380 0
48 401 0
49 52 0
49 92 0
49 136 0
49 205 0
49 326 0
49 357 0
49 405 0
50 112 0
50 262 0
50 315 0
50 381 0
50 406 0
51 440 0
52 56 0
54 264 0
55 87 0
56 198 0
56 253 0
56 386 0
57 373 0
58 236 0
59 345 0
60 81 0
60 277 0
61 107 0
61 302 0
61 340 0
62 111 0
62 262 0
62 334 0
62 448 0
63 337 0
64 71 0
64 263 0
64 277 0
64 318 0
65 339 0
66 297 0
67 144 0
67 279 0
69 227 0
70 153 0
70 272 0
72 80 0
73 136 0
73 313 0
73 356 0
73 398 0
74 221 0
74 307 0
74 336 0
74 404 0
74 423 0
75 255 0
76 350 0
77 88 0
77 336 0
77 353 0
77 377 0
78 267 0
78 411 0
79 129 0
79 374 0
80 214 0
80 262 0
80 419 0
81 143 0
81 318 0
81 326 0
81 329 0
81 389 0
83 124 0
83 172 0
84 144 0
84 233 0
84 336 0
84 385 0
85 174 0
85 216 0
85 264 0
85 300 0
85 321 0
85 426 0
86 88 0
87 299 0
87 338 0
87 441 0
88 420 0
88 436 0
89 215 0
90 256 0
90 383 0
92 281 0
92 416 0
93 101 0
93 146 0
93 265 0
93 316 0
94 161 0
95 273 0
95 357 0
95 366 0
95 402 0
96 288 0
97 309 0
98 105 0
98 354 0
101 309 0
102 113 0
103 255 0
104 222 0
105 148 0
105 318 0
105 446 0
106 281 0
106 309 0
106 400 0
107 330 0
108 140 0
108 444 0
109 211 0
110 353 0
113 166 0
113 169 0
113 383 0
114 297 0
115 411 0
116 209 0
116 257 0
116 438 0
117 229 0
118 153 0
119 382 0
119 397 0
120 257 0
121 239 0
121 243 0
121 352 0
121 386 0
121 416 0
122 264 0
123 140 0
123 445 0
124 126 0
124 241 0
124 344 0
125 175 0
125 246 0
126 172 0
127 233 0
127 435 0
128 136 0
128 245 0
128 320 0
128 355 0
129 195 0
129 413 0
131 212 0
131 288 0
132 353 0
132 395 0
133 382 0
134 220 0
135 220 0
136 423 0
137 310 0
138 176 0
138 286 0
138 407 0
138 433 0
139 377 0
141 309 0
142 272 0
143 408 0
144 162 0
144 378 0
145 202 0
145 286 0
145 399 0
145 425 0
147 237 0
149 332 0
150 262 0
150 410 0
151 440 0
152 397 0
153 279 0
153 407 0
154 194 0
154 205 0
154 298 0
154 351 0
155 168 0
155 185 0
155 328 0
155 333 0
155 387 0
156 294 0
156 309 0
157 367 0
158 216 0
159 167 0
161 165 0
161 173 0
161 393 0
163 227 0
164 332 0
167 252 0
168 330 0
168 438 0
170 361 0
171 294 0
172 213 0
172 244 0
172 407 0
174 350 0
175 250 0
175 364 0
175 433 0
176 194 0
176 375 0
177 281 0
178 432 0
181 385 0
182 198 0
182 288 0
183 186 0
183 285 0
184 264 0
185 230 0
186 357 0
186 408 0
187 289 0
188 215 0
189 322 0
190 204 0
190 221 0
190 321 0
190 438 0
191 373 0
192 445 0
194 221 0
195 305 0
195 325 0
196 320 0
197 377 0
199 289 0
200 211 0
200 272 0
200 294 0
200 321 0
201 327 0
203 258 0
204 383 0
204 413 0
205 297 0
205 411 0
206 215 0
207 294 0
208 212 0
208 289 0
208 375 0
208 438 0
208 445 0
209 234 0
209 315 0
209 319 0
210 261 0
211 353 0
211 359 0
211 395 0
212 323 0
213 232 0
214 221 0
215 391 0
216 266 0
216 417 0
217 228 0
217 235 0
217 407 0
218 337 0
219 295 0
222 311 0
222 396 0
223 310 0
224 440 0
225 300 0
226 333 0
226 384 0
227 286 0
227 335 0
229 278 0
229 317 0
230 242 0
230 312 0
231 291 0
231 357 0
231 372 0
232 410 0
233 248 0
235 356 0
236 325 0
236 338 0
237 298 0
237 374 0
238 285 0
239 302 0
240 327 0
241 250 0
242 268 0
242 342 0
242 374 0
242 433 0
243 310 0
245 305 0
245 403 0
246 358 0
247 275 0
247 281 0
247 307 0
247 347 0
247 441 0
249 288 0
249 295 0
249 438 0
251 261 0
254 358 0
255 403 0
256 362 0
256 401 0
256 439 0
257 284 0
257 329 0
258 360 0
258 393 0
258 429 0
259 330 0
260 261 0
262 336 0
262 394 0
264 340 0
264 377 0
267 281 0
267 312 0
269 444 0
272 376 0
272 421 0
274 293 0
275 342 0
276 339 0
278 444 0
280 367 0
281 304 0
281 324 0
283 397 0
285 363 0
285 371 0
285 433 0
287 420 0
288 426 0
289 419 0
289 442 0
290 411 0
292 384 0
293 365 0
295 428 0
295 450 0
296 337 0
297 394 0
298 337 0
298 404 0
300 303 0
301 414 0
304 416 0
305 353 0
306 361 0
306 448 0
307 434 0
308 368 0
312 408 0
314 377 0
322 400 0
326 370 0
327 431 0
327 441 0
330 447 0
333 358 0
333 361 0
333 375 0
333 410 0
339 340 0
339 390 0
340 404 0
341 397 0
343 414 0
345 351 0
345 433 0
345 435 0
346 385 0
348 433 0
351 357 0
351 367 0
358 371 0
363 406 0
367 370 0
368 383 0
368 408 0
368 415 0
376 425 0
378 442 0
380 396 0
382 413 0
382 437 0
384 386 0
385 409 0
385 441 0
391 445 0
392 444 0
393 397 0
393 404 0
400 434 0
401 404 0
401 414 0
410 424 0
412 422 0
413 440 0
414 418 0
422 427 0
423 441 0
429 439 0
