900 989 0
1 845 0
2 860 0
3 295 0
4 456 0
5 267 0
6 112 0
6 212 0
6 390 0
6 632 0
7 744 0
8 238 0
9 877 0
10 677 0
11 53 0
11 225 0
11 427 0
11 887 0
12 61 0
12 324 0
12 572 0
12 594 0
13 640 0
14 80 0
14 454 0
14 743 0
14 848 0
15 517 0
16 426 0
16 472 0
16 613 0
16 663 0
17 94 0
18 427 0
18 547 0
18 652 0
18 880 0
19 90 0
20 237 0
20 305 0
20 362 0
20 524 0
20 527 0
21 323 0
21 352 0
21 366 0
21 793 0
22 249 0
23 422 0
24 438 0
25 73 0
26 234 0
26 361 0
26 662 0
26 763 0
27 805 0
28 881 0
29 283 0
30 546 0
31 581 0
32 728 0
33 182 0
33 227 0
33 311 0
33 457 0
34 672 0
35 357 0
36 481 0
37 235 0
38 621 0
39 630 0
40 49 0
40 587 0
40 693 0
40 811 0
41 654 0
42 83 0
42 208 0
42 612 0
43 378 0
43 438 0
43 481 0
43 554 0
43 577 0
44 175 0
44 379 0
44 680 0
44 801 0
45 180 0
45 568 0
45 800 0
45 839 0
45 859 0
46 261 0
46 341 0
46 539 0
46 838 0
47 413 0
47 607 0
47 835 0
47 899 0
48 849 0
49 272 0
49 286 0
49 295 0
50 664 0
51 215 0
51 497 0
51 617 0
51 792 0
52 159 0
52 287 0
52 432 0
52 898 0
54 824 0
55 667 0
56 306 0
56 436 0
56 504 0
57 295 0
58 358 0
58 493 0
58 495 0
58 671 0
59 79 0
59 187 0
59 782 0
59 808 0
60 259 0
62 377 0
62 421 0
62 675 0
62 847 0
63 846 0
64 187 0
65 197 0
65 754 0
65 842 0
66 529 0
66 570 0
66 616 0
66 784 0
67 238 0
68 477 0
69 140 0
70 849 0
71 136 0
72 361 0
73 164 0
73 434 0
73 792 0
74 420 0
74 637 0
74 658 0
75 79 0
75 395 0
75 479 0
75 704 0
76 283 0
77 96 0
78 329 0
78 351 0
78 576 0
78 598 0
79 724 0
80 548 0
80 679 0
80 715 0
81 646 0
82 843 0
83 326 0
83 419 0
83 890 0
84 592 0
85 156 0
85 275 0
85 483 0
85 512 0
86 654 0
87 548 0
88 321 0
88 448 0
88 742 0
88 817 0
89 363 0
90 180 0
90 429 0
90 708 0
91 533 0
92 103 0
92 576 0
92 790 0
92 895 0
93 101 0
94 484 0
94 678 0
94 859 0
94 868 0
95 559 0
96 341 0
96 478 0
96 618 0
96 884 0
97 732 0
98 370 0
98 539 0
98 735 0
98 749 0
99 567 0
100 842 0
101 560 0
101 803 0
101 839 0
102 262 0
103 115 0
103 152 0
103 517 0
104 473 0
105 878 0
106 877 0
107 143 0
107 149 0
107 170 0
107 882 0
108 158 0
108 232 0
108 235 0
108 271 0
108 525 0
109 141 0
109 204 0
109 557 0
109 655 0
110 129 0
111 489 0
113 263 0
114 256 0
115 435 0
115 738 0
115 794 0
116 416 0
117 263 0
118 241 0
118 444 0
118 513 0
118 592 0
118 695 0
119 849 0
120 137 0
120 294 0
120 484 0
120 813 0
121 487 0
122 174 0
123 233 0
124 262 0
125 779 0
126 401 0
127 301 0
128 485 0
129 183 0
129 534 0
129 806 0
130 415 0
131 671 0
132 268 0
133 233 0
134 711 0
135 774 0
136 276 0
136 448 0
136 585 0
138 751 0
139 167 0
139 597 0
139 684 0
139 745 0
140 331 0
140 411 0
140 426 0
140 601 0
142 640 0
144 789 0
145 798 0
146 533 0
147 766 0
148 258 0
149 177 0
149 233 0
149 719 0
150 581 0
151 268 0
152 165 0
152 398 0
152 521 0
152 781 0
153 628 0
154 194 0
154 297 0
154 574 0
154 614 0
155 841 0
156 607 0
156 628 0
156 688 0
157 515 0
157 642 0
157 796 0
157 816 0
158 335 0
158 772 0
160 203 0
160 285 0
160 509 0
160 739 0
161 695 0
162 420 0
163 815 0
166 724 0
167 242 0
167 415 0
167 530 0
167 766 0
168 766 0
169 286 0
171 780 0
172 854 0
173 361 0
174 231 0
174 257 0
174 639 0
175 705 0
175 849 0
175 855 0
175 885 0
176 805 0
177 636 0
177 727 0
177 870 0
178 588 0
179 210 0
179 378 0
179 875 0
180 281 0
180 501 0
181 266 0
184 194 0
185 373 0
185 462 0
185 535 0
185 895 0
186 785 0
187 219 0
187 403 0
187 859 0
188 694 0
189 473 0
190 412 0
190 423 0
190 591 0
190 627 0
190 659 0
191 658 0
192 259 0
193 471 0
194 747 0
194 775 0
195 214 0
195 544 0
195 600 0
195 752 0
196 621 0
197 246 0
197 318 0
197 330 0
197 590 0
197 832 0
198 436 0
199 710 0
200 361 0
201 728 0
202 307 0
202 332 0
202 445 0
202 777 0
205 823 0
206 212 0
206 433 0
206 741 0
206 782 0
207 337 0
207 400 0
207 439 0
207 616 0
208 232 0
208 556 0
208 836 0
209 286 0
210 307 0
210 414 0
210 595 0
210 730 0
211 477 0
212 523 0
212 877 0
213 664 0
216 656 0
217 650 0
218 744 0
219 283 0
219 496 0
219 711 0
219 722 0
220 869 0
221 664 0
222 824 0
223 540 0
224 772 0
226 358 0
228 267 0
229 357 0
230 401 0
232 244 0
232 544 0
232 610 0
233 731 0
234 759 0
234 790 0
234 796 0
235 290 0
235 536 0
235 726 0
235 834 0
236 489 0
238 408 0
238 479 0
239 628 0
240 662 0
241 326 0
241 669 0
241 884 0
242 364 0
242 586 0
242 890 0
243 785 0
244 281 0
244 798 0
245 340 0
247 391 0
248 288 0
248 444 0
248 765 0
249 412 0
249 593 0
249 606 0
249 741 0
250 843 0
251 501 0
252 358 0
253 765 0
254 335 0
255 473 0
256 440 0
256 526 0
256 853 0
258 516 0
258 601 0
258 791 0
258 809 0
259 610 0
259 822 0
260 391 0
262 599 0
262 687 0
263 311 0
263 348 0
264 563 0
265 517 0
266 284 0
266 404 0
266 604 0
267 443 0
267 800 0
268 345 0
268 393 0
268 611 0
269 319 0
270 477 0
270 563 0
270 625 0
270 724 0
271 356 0
271 390 0
271 453 0
271 814 0
272 539 0
272 793 0
272 890 0
273 732 0
274 463 0
277 878 0
278 846 0
279 622 0
280 551 0
281 513 0
281 857 0
282 505 0
282 645 0
282 692 0
282 759 0
282 777 0
283 767 0
285 518 0
285 705 0
285 779 0
286 596 0
288 531 0
288 572 0
288 579 0
288 722 0
288 812 0
289 623 0
291 357 0
292 567 0
293 340 0
295 638 0
296 416 0
297 326 0
297 404 0
297 440 0
298 635 0
299 565 0
299 583 0
299 723 0
299 746 0
300 540 0
301 336 0
301 458 0
301 488 0
302 666 0
303 430 0
303 741 0
303 820 0
303 821 0
304 518 0
305 436 0
305 554 0
305 805 0
306 362 0
306 464 0
306 532 0
306 576 0
306 856 0
307 625 0
307 710 0
308 701 0
309 695 0
310 843 0
311 329 0
311 382 0
311 497 0
311 810 0
312 763 0
313 481 0
314 501 0
315 588 0
316 463 0
317 387 0
317 457 0
317 760 0
317 781 0
317 782 0
319 385 0
319 746 0
319 892 0
320 471 0
322 407 0
325 861 0
326 496 0
327 635 0
328 656 0
329 479 0
329 834 0
330 399 0
330 456 0
330 619 0
330 781 0
333 405 0
334 835 0
335 854 0
335 885 0
338 477 0
339 346 0
340 639 0
340 807 0
341 694 0
342 493 0
343 405 0
344 701 0
345 495 0
345 633 0
345 861 0
346 360 0
346 494 0
346 800 0
347 548 0
349 426 0
349 634 0
349 661 0
349 828 0
350 375 0
350 487 0
350 588 0
350 815 0
353 407 0
354 622 0
355 533 0
357 712 0
358 577 0
359 633 0
361 435 0
361 490 0
362 501 0
363 392 0
363 544 0
363 657 0
364 391 0
364 664 0
364 846 0
365 772 0
367 696 0
368 410 0
369 416 0
371 438 0
372 666 0
374 846 0
375 419 0
375 534 0
375 572 0
376 751 0
378 626 0
378 691 0
378 893 0
380 448 0
380 558 0
380 858 0
380 889 0
381 879 0
382 427 0
382 479 0
382 790 0
383 630 0
384 635 0
386 860 0
388 878 0
389 881 0
390 438 0
391 510 0
393 473 0
393 711 0
394 861 0
396 835 0
397 899 0
399 503 0
399 714 0
399 891 0
401 421 0
401 686 0
401 832 0
402 628 0
404 405 0
404 473 0
405 888 0
406 574 0
407 534 0
407 771 0
408 539 0
408 732 0
409 422 0
410 465 0
410 504 0
410 788 0
412 484 0
413 561 0
413 865 0
413 883 0
415 589 0
415 761 0
416 484 0
417 650 0
418 672 0
419 607 0
419 715 0
420 608 0
420 669 0
421 556 0
421 785 0
422 750 0
422 898 0
423 694 0
423 719 0
423 744 0
424 688 0
425 563 0
426 455 0
427 463 0
427 683 0
428 523 0
431 518 0
433 455 0
433 495 0
433 612 0
435 695 0
436 490 0
436 851 0
437 633 0
438 698 0
440 667 0
440 772 0
441 518 0
442 563 0
444 606 0
444 894 0
446 798 0
447 679 0
448 556 0
449 474 0
449 553 0
449 586 0
449 682 0
450 877 0
451 637 0
452 525 0
455 639 0
455 689 0
456 829 0
456 874 0
457 595 0
459 744 0
460 710 0
461 728 0
463 799 0
464 495 0
464 621 0
466 569 0
466 601 0
466 647 0
466 712 0
467 551 0
468 562 0
469 623 0
470 637 0
471 544 0
471 795 0
473 595 0
475 810 0
476 671 0
479 623 0
480 694 0
481 900 0
482 696 0
484 496 0
485 649 0
485 653 0
485 734 0
485 872 0
486 769 0
487 703 0
487 707 0
488 625 0
488 630 0
488 789 0
489 673 0
489 746 0
490 772 0
491 899 0
492 662 0
493 660 0
493 876 0
494 516 0
494 843 0
495 655 0
496 599 0
497 875 0
498 779 0
499 658 0
500 574 0
502 785 0
504 640 0
504 715 0
504 845 0
506 588 0
507 662 0
508 523 0
511 780 0
513 664 0
514 610 0
514 615 0
514 757 0
514 797 0
516 581 0
516 719 0
516 808 0
517 787 0
519 609 0
520 766 0
522 688 0
523 832 0
525 709 0
525 818 0
528 724 0
530 779 0
530 810 0
533 586 0
534 551 0
535 628 0
535 800 0
537 666 0
538 562 0
539 769 0
540 792 0
540 850 0
540 891 0
541 688 0
542 548 0
543 559 0
545 780 0
546 762 0
546 854 0
546 896 0
549 592 0
550 774 0
551 755 0
552 763 0
554 568 0
554 712 0
555 825 0
556 699 0
559 578 0
559 689 0
562 639 0
562 863 0
564 650 0
566 658 0
567 725 0
567 796 0
568 612 0
568 705 0
571 860 0
572 650 0
573 861 0
574 736 0
574 827 0
575 623 0
576 732 0
577 664 0
580 810 0
581 837 0
582 879 0
584 789 0
586 824 0
592 826 0
595 798 0
599 754 0
599 878 0
602 805 0
603 825 0
605 614 0
606 694 0
607 653 0
609 669 0
609 768 0
609 776 0
610 656 0
612 790 0
614 641 0
614 753 0
616 705 0
616 860 0
619 746 0
619 836 0
619 854 0
620 701 0
621 844 0
621 898 0
622 649 0
622 895 0
624 875 0
625 836 0
629 754 0
629 759 0
629 824 0
630 786 0
631 751 0
633 827 0
635 884 0
637 653 0
637 871 0
639 663 0
640 648 0
643 899 0
644 667 0
646 655 0
646 670 0
646 856 0
649 744 0
651 774 0
653 658 0
654 699 0
654 852 0
655 823 0
656 668 0
662 791 0
663 672 0
663 777 0
665 825 0
666 827 0
666 895 0
667 706 0
669 774 0
671 737 0
672 793 0
672 897 0
674 808 0
676 763 0
677 683 0
677 782 0
677 831 0
679 713 0
679 756 0
681 869 0
683 881 0
685 710 0
689 696 0
689 728 0
690 842 0
694 721 0
695 802 0
696 783 0
697 769 0
699 780 0
699 875 0
700 855 0
701 793 0
702 835 0
711 862 0
712 798 0
715 792 0
716 824 0
717 815 0
718 823 0
719 890 0
720 724 0
722 772 0
726 869 0
726 875 0
729 823 0
732 778 0
733 769 0
740 841 0
741 751 0
748 810 0
754 830 0
754 885 0
758 855 0
759 842 0
759 843 0
764 845 0
765 773 0
765 839 0
765 873 0
770 855 0
782 869 0
789 819 0
791 823 0
796 825 0
798 834 0
800 881 0
804 875 0
805 856 0
808 867 0
815 864 0
833 879 0
836 898 0
839 841 0
840 845 0
841 866 0
859 891 0
879 884 0
881 886 0
