250 321 0
1 111 0
1 112 0
2 13 0
3 32 0
3 51 0
3 58 0
3 65 0
3 162 0
4 110 0
4 138 0
4 149 0
4 210 0
4 239 0
5 29 0
5 89 0
5 103 0
5 118 0
5 141 0
6 200 0
7 92 0
7 103 0
7 204 0
7 208 0
8 71 0
8 176 0
9 105 0
9 124 0
9 156 0
9 186 0
9 247 0
10 67 0
10 208 0
11 52 0
11 56 0
11 174 0
12 54 0
13 23 0
13 93 0
13 112 0
13 186 0
14 119 0
14 200 0
15 156 0
15 169 0
15 209 0
15 226 0
16 29 0
16 111 0
16 144 0
16 145 0
17 30 0
17 118 0
17 174 0
17 177 0
17 219 0
18 64 0
19 48 0
19 102 0
19 204 0
19 240 0
19 249 0
20 129 0
21 47 0
21 174 0
22 83 0
22 149 0
22 196 0
22 198 0
23 156 0
24 243 0
25 30 0
25 52 0
25 156 0
25 191 0
26 96 0
27 85 0
27 219 0
28 80 0
28 130 0
29 46 0
29 120 0
29 156 0
29 190 0
30 186 0
31 41 0
31 183 0
31 199 0
31 225 0
32 79 0
33 135 0
34 81 0
35 77 0
35 133 0
36 236 0
37 101 0
38 100 0
39 75 0
39 80 0
40 90 0
40 95 0
40 203 0
41 44 0
41 55 0
42 79 0
43 154 0
44 159 0
45 101 0
45 108 0
45 206 0
46 64 0
46 119 0
46 154 0
46 201 0
47 57 0
47 107 0
47 195 0
47 208 0
49 115 0
49 235 0
50 135 0
51 67 0
51 92 0
51 119 0
52 231 0
53 201 0
54 153 0
54 158 0
54 189 0
55 185 0
55 219 0
56 88 0
56 100 0
56 135 0
56 153 0
56 233 0
59 88 0
60 235 0
61 72 0
61 176 0
61 184 0
61 213 0
61 231 0
62 106 0
63 243 0
64 179 0
64 188 0
65 117 0
65 176 0
66 218 0
67 150 0
67 230 0
68 235 0
68 236 0
69 133 0
69 149 0
69 175 0
69 178 0
70 167 0
71 93 0
71 109 0
71 128 0
72 100 0
73 243 0
74 106 0
75 145 0
75 218 0
76 102 0
77 87 0
77 124 0
77 189 0
77 211 0
78 101 0
78 192 0
79 122 0
79 245 0
80 114 0
80 146 0
81 119 0
81 123 0
81 146 0
81 147 0
82 244 0
84 154 0
85 121 0
86 219 0
87 245 0
88 148 0
88 248 0
89 115 0
89 155 0
89 163 0
89 166 0
90 122 0
90 134 0
90 182 0
91 92 0
91 167 0
91 190 0
91 218 0
92 155 0
92 232 0
93 158 0
93 233 0
93 235 0
94 119 0
95 177 0
96 137 0
96 181 0
96 213 0
96 216 0
97 187 0
97 193 0
98 201 0
99 159 0
99 191 0
100 151 0
101 108 0
101 143 0
101 181 0
102 125 0
102 194 0
103 233 0
104 130 0
105 189 0
105 203 0
105 249 0
106 146 0
106 204 0
106 234 0
108 242 0
110 169 0
111 160 0
111 214 0
112 144 0
113 190 0
115 248 0
116 140 0
117 140 0
118 149 0
118 173 0
118 231 0
119 139 0
120 129 0
120 192 0
121 127 0
121 165 0
121 231 0
122 130 0
122 141 0
124 182 0
124 188 0
124 197 0
124 217 0
124 225 0
124 229 0
125 183 0
126 206 0
129 152 0
129 164 0
129 212 0
129 222 0
130 185 0
130 222 0
130 228 0
131 145 0
132 235 0
135 227 0
136 190 0
138 241 0
139 210 0
139 238 0
140 155 0
140 187 0
140 200 0
140 223 0
141 189 0
141 212 0
142 241 0
144 205 0
144 207 0
145 215 0
145 220 0
146 233 0
154 173 0
155 243 0
156 193 0
156 250 0
157 174 0
159 202 0
159 212 0
161 218 0
167 224 0
167 246 0
168 244 0
170 206 0
171 193 0
171 197 0
172 200 0
177 232 0
177 250 0
180 192 0
181 204 0
181 236 0
188 231 0
190 223 0
192 225 0
193 222 0
193 238 0
197 220 0
197 240 0
200 231 0
200 247 0
201 237 0
204 225 0
206 208 0
208 241 0
212 244 0
218 231 0
221 241 0
228 236 0
242 244 0
