80 106 0
1 38 0
2 44 0
2 58 0
2 80 0
3 41 0
3 77 0
4 27 0
4 62 0
5 9 0
5 12 0
5 27 0
5 43 0
6 14 0
6 65 0
7 23 0
8 14 0
8 34 0
9 29 0
9 31 0
9 80 0
10 40 0
11 69 0
12 19 0
12 61 0
13 37 0
14 25 0
14 60 0
14 61 0
15 40 0
16 51 0
16 61 0
16 62 0
16 69 0
17 31 0
17 57 0
17 71 0
18 51 0
19 37 0
19 40 0
19 58 0
20 28 0
20 29 0
20 31 0
20 45 0
20 73 0
21 40 0
21 57 0
21 68 0
22 52 0
22 62 0
23 27 0
23 44 0
23 62 0
23 67 0
23 76 0
24 29 0
25 30 0
26 80 0
27 30 0
27 49 0
28 45 0
28 58 0
29 66 0
30 48 0
30 71 0
31 33 0
31 54 0
32 49 0
34 46 0
35 46 0
35 49 0
36 51 0
36 78 0
37 52 0
37 65 0
38 43 0
38 50 0
38 57 0
39 49 0
41 46 0
41 61 0
41 70 0
42 78 0
43 55 0
43 78 0
45 57 0
45 62 0
46 68 0
47 51 0
49 53 0
50 80 0
51 53 0
54 58 0
55 59 0
55 72 0
55 73 0
56 61 0
56 80 0
57 80 0
58 63 0
64 65 0
64 69 0
67 78 0
69 79 0
74 80 0
75 78 0
