200 312 0
1 192 0
2 51 0
2 93 0
2 119 0
3 24 0
3 110 0
3 181 0
4 93 0
4 139 0
5 54 0
5 57 0
5 79 0
6 17 0
6 86 0
6 89 0
6 94 0
7 31 0
7 39 0
7 86 0
7 91 0
7 100 0
7 109 0
7 151 0
8 32 0
8 68 0
8 124 0
9 101 0
10 45 0
10 117 0
10 130 0
11 52 0
11 100 0
12 31 0
13 16 0
13 134 0
13 191 0
14 24 0
15 43 0
15 49 0
15 157 0
16 33 0
17 26 0
17 83 0
17 116 0
18 72 0
18 97 0
18 123 0
18 171 0
19 60 0
19 193 0
20 58 0
20 161 0
21 55 0
21 165 0
21 166 0
21 173 0
21 186 0
22 62 0
23 58 0
23 61 0
24 26 0
24 37 0
24 198 0
25 37 0
25 59 0
25 130 0
25 154 0
25 164 0
26 167 0
27 38 0
27 53 0
27 149 0
27 197 0
28 61 0
29 54 0
29 84 0
29 90 0
29 134 0
30 94 0
31 63 0
31 77 0
31 132 0
31 137 0
31 200 0
32 52 0
32 77 0
32 93 0
32 113 0
32 142 0
32 160 0
33 34 0
33 87 0
33 112 0
33 138 0
34 49 0
34 64 0
34 169 0
34 182 0
35 57 0
35 149 0
35 152 0
36 54 0
36 174 0
36 176 0
36 194 0
37 39 0
37 139 0
37 155 0
38 184 0
39 80 0
39 177 0
39 196 0
40 82 0
40 123 0
40 168 0
41 44 0
41 93 0
41 100 0
41 103 0
42 43 0
43 47 0
43 162 0
44 57 0
44 123 0
44 140 0
44 157 0
44 173 0
45 73 0
45 172 0
45 196 0
46 67 0
47 56 0
47 78 0
47 104 0
47 152 0
47 184 0
48 93 0
48 145 0
49 113 0
49 124 0
49 157 0
49 185 0
50 85 0
50 92 0
50 182 0
50 199 0
51 127 0
52 106 0
52 164 0
52 168 0
53 86 0
53 156 0
53 191 0
54 104 0
54 118 0
56 79 0
57 131 0
57 177 0
57 189 0
58 135 0
58 155 0
58 166 0
58 196 0
59 152 0
60 83 0
60 142 0
60 191 0
61 106 0
61 111 0
61 116 0
61 168 0
61 170 0
62 119 0
62 123 0
62 138 0
62 143 0
63 152 0
63 192 0
63 193 0
64 102 0
64 115 0
64 129 0
65 89 0
65 125 0
65 155 0
66 67 0
66 167 0
67 121 0
67 173 0
68 151 0
69 95 0
69 123 0
69 128 0
69 158 0
69 161 0
69 190 0
70 145 0
70 157 0
71 115 0
71 164 0
71 184 0
72 192 0
73 88 0
74 82 0
75 156 0
76 132 0
76 199 0
77 125 0
78 139 0
79 105 0
79 123 0
79 133 0
80 104 0
80 157 0
81 87 0
81 91 0
82 161 0
82 189 0
82 196 0
84 89 0
85 118 0
86 138 0
86 149 0
86 157 0
87 164 0
88 125 0
88 171 0
89 110 0
89 117 0
89 132 0
89 188 0
91 109 0
91 149 0
91 158 0
92 145 0
93 183 0
94 106 0
94 136 0
94 153 0
96 100 0
96 153 0
96 170 0
97 127 0
98 126 0
98 135 0
98 148 0
98 185 0
99 100 0
99 152 0
99 171 0
100 128 0
100 165 0
100 180 0
101 113 0
101 122 0
101 141 0
103 114 0
103 160 0
103 175 0
104 160 0
104 168 0
104 184 0
107 199 0
108 118 0
110 182 0
111 171 0
113 158 0
113 171 0
114 121 0
114 194 0
118 163 0
119 161 0
120 156 0
122 134 0
124 134 0
124 152 0
125 169 0
127 168 0
127 179 0
128 146 0
129 160 0
129 193 0
130 134 0
130 194 0
132 184 0
135 194 0
137 184 0
138 145 0
138 184 0
139 140 0
142 143 0
144 169 0
145 173 0
145 178 0
146 150 0
146 159 0
146 185 0
146 187 0
147 156 0
148 168 0
152 186 0
157 192 0
167 192 0
169 182 0
170 174 0
171 195 0
174 191 0
177 193 0
177 199 0
181 191 0
185 192 0
188 193 0
