600 674 0
1 198 0
1 251 0
1 267 0
1 565 0
1 576 0
2 96 0
2 107 0
2 210 0
2 323 0
3 426 0
4 452 0
5 582 0
6 18 0
7 311 0
7 460 0
7 481 0
7 558 0
8 66 0
9 378 0
10 375 0
11 206 0
12 48 0
12 81 0
12 181 0
12 305 0
13 143 0
13 148 0
13 345 0
13 575 0
14 471 0
15 301 0
16 547 0
17 101 0
18 70 0
18 134 0
18 511 0
19 127 0
19 141 0
19 340 0
19 423 0
19 575 0
20 232 0
21 61 0
22 163 0
23 508 0
24 198 0
24 320 0
24 507 0
25 104 0
25 222 0
25 409 0
25 423 0
26 372 0
27 127 0
27 155 0
27 169 0
27 186 0
27 213 0
27 310 0
28 543 0
29 492 0
30 325 0
31 585 0
32 320 0
33 327 0
34 492 0
35 217 0
36 491 0
37 131 0
38 376 0
39 93 0
39 184 0
39 423 0
40 259 0
41 44 0
41 215 0
41 418 0
41 536 0
42 192 0
43 54 0
43 237 0
43 409 0
43 544 0
45 46 0
45 91 0
45 278 0
45 520 0
45 540 0
46 316 0
46 436 0
47 232 0
49 502 0
50 255 0
51 426 0
52 542 0
53 372 0
54 92 0
54 102 0
54 177 0
54 253 0
55 88 0
55 280 0
55 396 0
55 400 0
55 510 0
56 273 0
57 533 0
58 310 0
59 136 0
59 182 0
59 509 0
59 514 0
59 526 0
60 232 0
61 208 0
61 219 0
61 535 0
62 491 0
63 277 0
64 380 0
64 421 0
64 422 0
65 224 0
66 212 0
66 340 0
66 374 0
66 379 0
66 567 0
67 380 0
68 371 0
69 350 0
69 440 0
69 474 0
69 593 0
71 143 0
71 185 0
71 246 0
72 161 0
72 237 0
72 266 0
72 529 0
72 557 0
73 573 0
74 217 0
75 131 0
76 134 0
76 177 0
76 243 0
76 265 0
76 306 0
76 346 0
77 254 0
77 312 0
77 473 0
77 527 0
78 565 0
79 296 0
79 314 0
79 544 0
79 578 0
80 93 0
80 119 0
80 389 0
80 454 0
82 86 0
83 533 0
84 198 0
85 102 0
86 162 0
86 418 0
86 552 0
87 317 0
89 197 0
89 290 0
89 304 0
89 354 0
90 440 0
92 109 0
92 193 0
92 459 0
93 213 0
93 546 0
94 107 0
94 199 0
94 269 0
94 376 0
94 508 0
95 110 0
97 506 0
98 479 0
99 279 0
100 548 0
101 193 0
101 460 0
101 461 0
101 583 0
102 425 0
102 507 0
102 539 0
103 326 0
104 255 0
104 523 0
105 253 0
106 543 0
107 235 0
108 341 0
110 158 0
110 178 0
110 180 0
110 577 0
111 147 0
111 269 0
111 310 0
112 135 0
112 338 0
112 355 0
112 439 0
112 555 0
113 212 0
113 217 0
113 316 0
113 359 0
113 414 0
114 508 0
115 281 0
116 365 0
117 124 0
117 274 0
117 404 0
117 434 0
118 516 0
119 282 0
119 292 0
119 507 0
119 597 0
120 313 0
120 329 0
120 367 0
120 450 0
120 476 0
121 475 0
122 322 0
123 492 0
125 179 0
125 208 0
125 352 0
125 466 0
126 172 0
126 205 0
126 283 0
126 373 0
127 130 0
127 135 0
128 176 0
128 431 0
128 514 0
128 579 0
129 240 0
129 371 0
129 427 0
129 599 0
130 246 0
130 273 0
130 317 0
131 303 0
131 313 0
132 547 0
133 542 0
134 192 0
134 454 0
135 224 0
135 553 0
137 168 0
137 341 0
137 492 0
137 575 0
138 573 0
139 359 0
140 150 0
140 213 0
140 248 0
140 390 0
140 556 0
141 281 0
141 460 0
141 467 0
142 582 0
143 175 0
143 494 0
143 551 0
143 574 0
144 522 0
145 246 0
146 414 0
147 211 0
147 374 0
147 518 0
147 596 0
148 285 0
148 490 0
148 494 0
148 594 0
149 331 0
149 343 0
149 411 0
149 515 0
151 502 0
152 480 0
153 159 0
153 244 0
153 487 0
153 521 0
154 239 0
155 348 0
155 410 0
155 588 0
156 474 0
157 365 0
158 365 0
158 380 0
160 167 0
163 220 0
163 313 0
163 570 0
164 326 0
164 447 0
164 544 0
164 557 0
165 599 0
166 371 0
167 204 0
167 245 0
167 418 0
168 297 0
168 394 0
168 416 0
169 230 0
169 408 0
169 493 0
170 223 0
170 313 0
170 346 0
170 435 0
171 548 0
172 422 0
172 454 0
172 475 0
173 545 0
174 279 0
177 502 0
180 184 0
180 326 0
180 533 0
181 322 0
181 502 0
181 575 0
182 301 0
182 391 0
183 353 0
184 323 0
184 367 0
184 383 0
184 450 0
185 279 0
185 375 0
185 471 0
186 267 0
186 455 0
187 576 0
188 573 0
189 270 0
189 271 0
189 385 0
189 513 0
190 195 0
191 327 0
192 207 0
192 386 0
193 548 0
194 426 0
194 455 0
195 333 0
195 488 0
195 587 0
196 300 0
198 504 0
198 557 0
199 298 0
199 363 0
199 446 0
199 498 0
200 234 0
201 273 0
202 585 0
203 389 0
206 444 0
206 462 0
206 467 0
208 316 0
208 426 0
209 240 0
212 259 0
214 264 0
214 453 0
214 541 0
214 587 0
216 457 0
217 531 0
218 353 0
221 235 0
221 380 0
221 421 0
221 484 0
222 235 0
222 269 0
222 454 0
222 490 0
224 324 0
224 384 0
225 565 0
226 523 0
227 375 0
228 301 0
228 350 0
228 585 0
229 517 0
231 414 0
232 383 0
233 273 0
234 252 0
234 407 0
234 415 0
235 514 0
235 527 0
236 457 0
237 471 0
237 532 0
238 517 0
239 263 0
239 383 0
239 433 0
240 344 0
240 589 0
241 580 0
242 474 0
246 388 0
247 274 0
247 294 0
247 304 0
247 450 0
247 468 0
249 422 0
250 560 0
251 365 0
251 385 0
253 456 0
253 563 0
255 282 0
255 556 0
256 436 0
257 452 0
258 484 0
259 465 0
259 544 0
260 413 0
261 457 0
262 350 0
267 331 0
267 335 0
267 396 0
268 532 0
269 556 0
269 587 0
272 525 0
274 300 0
274 363 0
274 436 0
275 413 0
276 440 0
277 288 0
277 486 0
277 489 0
279 445 0
279 587 0
281 336 0
281 525 0
282 506 0
284 519 0
286 300 0
287 506 0
289 322 0
291 517 0
293 455 0
294 327 0
294 580 0
294 582 0
295 310 0
299 341 0
300 309 0
301 323 0
301 428 0
301 494 0
302 345 0
304 325 0
304 413 0
307 380 0
308 475 0
315 389 0
316 335 0
316 385 0
317 364 0
317 592 0
318 391 0
319 500 0
320 361 0
320 438 0
320 476 0
321 599 0
322 549 0
323 464 0
325 448 0
325 497 0
326 535 0
326 591 0
327 495 0
328 525 0
329 479 0
329 516 0
329 534 0
330 560 0
331 432 0
331 523 0
332 359 0
334 516 0
335 423 0
335 593 0
337 580 0
339 345 0
340 471 0
341 572 0
342 375 0
345 399 0
345 555 0
346 451 0
347 548 0
349 422 0
350 397 0
351 560 0
353 476 0
353 538 0
356 479 0
357 576 0
358 480 0
359 430 0
360 464 0
362 391 0
363 565 0
365 385 0
366 532 0
367 464 0
368 599 0
369 414 0
370 553 0
371 468 0
371 505 0
372 470 0
372 520 0
374 398 0
374 543 0
374 593 0
375 383 0
376 528 0
376 571 0
377 421 0
378 415 0
378 437 0
378 512 0
380 406 0
381 500 0
382 543 0
385 573 0
387 480 0
389 402 0
391 396 0
391 561 0
392 553 0
393 523 0
395 464 0
396 548 0
398 432 0
398 494 0
400 519 0
400 556 0
401 564 0
403 576 0
405 519 0
409 427 0
409 584 0
412 432 0
413 496 0
415 427 0
415 542 0
417 427 0
417 506 0
417 560 0
417 564 0
418 584 0
419 534 0
420 451 0
421 568 0
422 483 0
423 450 0
424 479 0
426 501 0
429 440 0
432 598 0
436 586 0
441 582 0
442 534 0
443 508 0
447 516 0
447 564 0
449 475 0
451 472 0
451 486 0
451 490 0
452 478 0
452 521 0
455 527 0
457 544 0
458 522 0
460 480 0
463 564 0
465 545 0
465 556 0
467 491 0
467 522 0
468 522 0
469 516 0
474 555 0
476 581 0
477 532 0
480 488 0
482 547 0
484 566 0
484 590 0
485 581 0
486 500 0
486 593 0
488 547 0
491 562 0
499 523 0
500 550 0
503 545 0
506 554 0
507 522 0
514 517 0
516 535 0
519 520 0
520 584 0
521 545 0
521 584 0
524 581 0
527 585 0
530 580 0
533 577 0
534 557 0
537 585 0
542 600 0
545 595 0
547 556 0
553 569 0
556 577 0
559 581 0
