400 549 0
1 111 0
2 234 0
2 322 0
3 20 0
3 178 0
3 206 0
3 400 0
4 10 0
4 321 0
5 29 0
5 388 0
6 9 0
6 49 0
6 50 0
6 89 0
6 359 0
7 270 0
8 122 0
9 105 0
9 141 0
9 220 0
9 268 0
10 47 0
10 365 0
10 386 0
11 75 0
11 159 0
11 206 0
11 339 0
12 195 0
13 230 0
14 128 0
14 229 0
15 114 0
15 136 0
15 209 0
15 283 0
16 255 0
17 147 0
17 234 0
17 325 0
18 124 0
19 33 0
19 189 0
19 253 0
19 387 0
20 255 0
20 277 0
20 324 0
20 391 0
21 63 0
21 333 0
21 349 0
21 359 0
21 366 0
22 25 0
22 161 0
22 296 0
23 313 0
24 285 0
25 88 0
25 99 0
25 208 0
26 113 0
27 196 0
27 328 0
28 132 0
28 263 0
29 69 0
29 202 0
29 216 0
29 312 0
30 124 0
30 399 0
31 125 0
31 320 0
31 352 0
32 74 0
32 217 0
32 320 0
34 116 0
34 150 0
34 182 0
34 251 0
35 86 0
35 125 0
35 222 0
35 284 0
35 393 0
36 177 0
37 101 0
37 371 0
38 279 0
38 397 0
39 250 0
39 348 0
40 77 0
41 87 0
41 142 0
41 178 0
41 224 0
41 243 0
42 139 0
42 150 0
42 282 0
42 347 0
42 385 0
42 400 0
43 59 0
43 145 0
43 237 0
43 328 0
43 342 0
43 373 0
44 97 0
44 350 0
44 376 0
44 400 0
45 144 0
45 281 0
46 51 0
46 123 0
46 247 0
46 253 0
47 104 0
47 189 0
48 172 0
48 320 0
50 71 0
50 350 0
52 229 0
52 325 0
53 264 0
54 137 0
54 152 0
54 210 0
54 351 0
55 60 0
55 108 0
55 115 0
55 280 0
55 304 0
55 313 0
56 155 0
56 380 0
57 283 0
58 87 0
58 236 0
59 68 0
59 228 0
59 279 0
59 337 0
60 117 0
60 336 0
60 362 0
61 87 0
61 135 0
62 111 0
62 114 0
62 162 0
62 278 0
62 397 0
63 173 0
64 391 0
65 160 0
65 186 0
65 221 0
65 253 0
65 370 0
66 91 0
66 223 0
66 285 0
66 356 0
66 398 0
67 113 0
68 69 0
68 313 0
68 335 0
70 195 0
70 234 0
71 149 0
72 370 0
73 399 0
74 113 0
74 291 0
74 370 0
76 120 0
76 136 0
76 307 0
76 317 0
76 368 0
77 157 0
77 191 0
77 298 0
78 356 0
79 149 0
79 346 0
80 230 0
81 102 0
81 243 0
82 133 0
82 170 0
83 199 0
83 201 0
83 280 0
83 287 0
84 210 0
85 131 0
85 231 0
86 87 0
86 349 0
87 253 0
87 266 0
87 269 0
87 312 0
89 365 0
90 114 0
90 229 0
91 106 0
91 207 0
91 239 0
91 274 0
92 231 0
92 318 0
93 318 0
94 167 0
95 259 0
96 399 0
98 170 0
98 243 0
98 276 0
98 364 0
98 380 0
100 398 0
101 216 0
101 257 0
101 309 0
101 319 0
102 211 0
102 240 0
102 380 0
103 388 0
104 133 0
105 245 0
105 298 0
105 310 0
106 272 0
107 129 0
108 109 0
108 203 0
108 224 0
108 253 0
108 308 0
110 156 0
110 227 0
110 265 0
111 184 0
111 248 0
112 199 0
112 275 0
112 299 0
112 300 0
113 269 0
113 367 0
114 167 0
114 170 0
114 286 0
114 386 0
115 399 0
116 220 0
116 229 0
116 287 0
116 373 0
117 150 0
117 292 0
118 154 0
118 270 0
119 280 0
120 339 0
121 346 0
122 142 0
122 158 0
122 273 0
122 361 0
124 315 0
124 335 0
125 207 0
125 242 0
126 167 0
127 194 0
127 290 0
127 306 0
127 330 0
128 255 0
129 271 0
129 340 0
129 380 0
130 219 0
130 259 0
130 343 0
131 135 0
132 342 0
133 148 0
133 386 0
134 186 0
134 267 0
134 294 0
134 315 0
135 141 0
135 276 0
136 169 0
136 239 0
136 241 0
136 252 0
137 153 0
137 203 0
137 330 0
138 233 0
138 285 0
139 356 0
139 382 0
140 209 0
141 235 0
142 174 0
142 399 0
143 161 0
143 241 0
144 164 0
144 330 0
144 343 0
145 155 0
146 313 0
147 220 0
149 185 0
149 276 0
149 281 0
150 185 0
151 161 0
152 188 0
152 311 0
152 357 0
153 180 0
153 192 0
153 304 0
154 285 0
155 160 0
155 206 0
155 211 0
155 386 0
155 395 0
156 232 0
158 242 0
160 280 0
161 292 0
161 364 0
162 172 0
162 175 0
163 193 0
163 198 0
163 213 0
163 298 0
165 229 0
166 320 0
166 399 0
167 183 0
167 309 0
168 210 0
170 192 0
170 223 0
171 232 0
172 249 0
172 364 0
172 396 0
173 174 0
174 184 0
174 244 0
174 266 0
175 179 0
175 181 0
175 203 0
176 195 0
176 202 0
176 242 0
176 304 0
176 388 0
177 187 0
177 218 0
177 269 0
178 192 0
178 373 0
180 222 0
180 299 0
180 359 0
185 351 0
187 349 0
188 349 0
189 354 0
190 389 0
193 340 0
194 226 0
195 200 0
195 226 0
196 278 0
197 256 0
197 318 0
197 349 0
201 282 0
201 323 0
201 329 0
202 295 0
203 232 0
203 389 0
204 312 0
204 344 0
204 369 0
204 371 0
205 287 0
206 236 0
206 348 0
207 255 0
208 219 0
208 221 0
208 309 0
208 373 0
209 216 0
209 303 0
209 313 0
209 384 0
210 288 0
212 391 0
214 231 0
214 371 0
215 221 0
217 277 0
217 279 0
218 266 0
219 231 0
219 237 0
219 260 0
219 281 0
219 321 0
220 225 0
220 324 0
221 323 0
221 349 0
222 234 0
222 320 0
222 346 0
223 298 0
223 309 0
224 306 0
227 235 0
227 256 0
227 299 0
229 299 0
230 253 0
230 378 0
231 289 0
231 299 0
232 375 0
233 245 0
233 250 0
234 392 0
236 293 0
236 326 0
238 398 0
240 285 0
241 263 0
242 377 0
243 315 0
243 318 0
243 356 0
246 277 0
247 325 0
247 393 0
250 254 0
250 312 0
250 383 0
254 388 0
255 295 0
255 320 0
258 328 0
259 301 0
259 315 0
261 280 0
262 351 0
263 269 0
263 331 0
263 358 0
264 276 0
264 314 0
264 353 0
265 325 0
268 328 0
270 345 0
270 380 0
272 397 0
274 348 0
274 391 0
277 302 0
278 291 0
278 296 0
280 309 0
280 397 0
283 328 0
283 354 0
283 372 0
285 295 0
285 391 0
286 390 0
287 341 0
287 400 0
289 369 0
290 394 0
297 342 0
302 377 0
303 352 0
304 368 0
305 388 0
311 384 0
312 376 0
316 389 0
322 344 0
322 356 0
325 330 0
327 342 0
329 332 0
329 360 0
329 368 0
331 339 0
331 346 0
332 383 0
333 348 0
334 348 0
336 393 0
338 351 0
341 342 0
346 359 0
346 363 0
348 379 0
351 355 0
352 389 0
364 390 0
368 370 0
374 398 0
374 399 0
381 397 0
382 390 0
390 394 0
