1000 1095 0
1 332 0
2 362 0
2 655 0
2 671 0
2 690 0
3 148 0
3 398 0
3 515 0
3 950 0
4 484 0
5 155 0
5 200 0
5 225 0
5 481 0
5 678 0
6 265 0
6 577 0
6 594 0
6 891 0
7 415 0
8 109 0
8 141 0
8 606 0
8 981 0
9 27 0
10 720 0
11 722 0
12 839 0
13 959 0
14 250 0
14 408 0
14 429 0
14 950 0
15 64 0
15 347 0
15 403 0
15 841 0
15 963 0
16 475 0
17 986 0
18 765 0
19 254 0
19 412 0
19 442 0
19 542 0
19 548 0
20 366 0
21 154 0
21 213 0
21 498 0
21 643 0
22 87 0
22 96 0
22 755 0
22 846 0
22 864 0
23 414 0
24 27 0
24 132 0
24 814 0
24 878 0
25 712 0
26 563 0
27 191 0
27 803 0
28 107 0
29 887 0
30 113 0
30 200 0
30 267 0
30 665 0
30 812 0
31 55 0
31 75 0
31 143 0
31 978 0
32 59 0
32 120 0
32 508 0
32 806 0
33 621 0
34 308 0
35 403 0
36 161 0
36 273 0
36 300 0
36 985 0
37 360 0
38 235 0
39 170 0
39 699 0
39 757 0
39 854 0
40 931 0
41 54 0
41 108 0
41 392 0
41 580 0
42 412 0
42 601 0
42 776 0
42 869 0
43 478 0
44 107 0
45 109 0
46 807 0
47 806 0
48 168 0
48 292 0
48 935 0
49 264 0
49 632 0
49 860 0
49 866 0
50 311 0
50 564 0
50 648 0
50 942 0
51 78 0
51 389 0
51 495 0
51 867 0
52 641 0
53 454 0
53 459 0
53 712 0
53 756 0
54 425 0
54 435 0
54 824 0
54 973 0
55 218 0
55 754 0
55 959 0
56 564 0
57 123 0
57 520 0
57 619 0
57 901 0
58 288 0
58 477 0
58 656 0
58 786 0
59 453 0
59 566 0
59 751 0
60 240 0
60 279 0
60 337 0
60 701 0
61 126 0
62 192 0
62 200 0
62 335 0
62 644 0
63 505 0
64 718 0
64 945 0
64 964 0
65 126 0
66 756 0
67 606 0
68 332 0
69 229 0
70 413 0
70 578 0
70 725 0
70 805 0
71 947 0
72 742 0
73 123 0
73 402 0
73 615 0
74 721 0
75 255 0
75 388 0
75 480 0
76 575 0
77 885 0
78 204 0
78 263 0
78 415 0
78 721 0
79 111 0
79 282 0
79 662 0
79 725 0
80 218 0
81 380 0
82 660 0
83 949 0
84 461 0
85 208 0
85 340 0
85 428 0
85 850 0
86 494 0
87 143 0
87 823 0
88 91 0
89 598 0
90 224 0
90 431 0
90 692 0
90 750 0
90 816 0
91 363 0
91 886 0
91 982 0
92 459 0
93 271 0
93 295 0
93 689 0
93 791 0
93 817 0
93 978 0
94 391 0
95 158 0
97 578 0
97 637 0
97 830 0
97 849 0
97 946 0
98 335 0
98 404 0
98 635 0
98 642 0
99 120 0
100 499 0
100 566 0
100 577 0
100 886 0
101 109 0
102 765 0
103 676 0
104 144 0
104 237 0
104 395 0
104 773 0
104 993 0
105 227 0
106 122 0
107 499 0
107 574 0
109 295 0
109 512 0
110 249 0
110 253 0
110 324 0
110 356 0
110 984 0
112 581 0
113 468 0
113 592 0
113 991 0
114 498 0
115 459 0
116 494 0
117 467 0
117 751 0
117 927 0
117 930 0
118 727 0
119 553 0
120 351 0
120 852 0
121 821 0
122 210 0
122 359 0
122 902 0
123 690 0
123 717 0
123 918 0
124 713 0
125 249 0
125 312 0
125 413 0
125 778 0
126 326 0
126 657 0
127 981 0
128 591 0
129 669 0
130 160 0
130 237 0
130 246 0
130 282 0
130 616 0
131 230 0
131 259 0
131 537 0
131 818 0
132 708 0
132 802 0
132 956 0
133 565 0
133 630 0
133 672 0
133 800 0
134 814 0
135 502 0
136 308 0
137 154 0
138 281 0
139 676 0
140 352 0
141 320 0
141 680 0
141 853 0
141 978 0
142 962 0
143 541 0
143 557 0
143 633 0
145 438 0
146 441 0
147 451 0
149 843 0
150 732 0
151 619 0
152 550 0
153 335 0
153 465 0
153 473 0
153 805 0
154 409 0
154 833 0
156 234 0
156 797 0
156 862 0
156 974 0
157 379 0
158 533 0
158 688 0
158 890 0
159 388 0
160 173 0
160 213 0
160 367 0
160 383 0
160 768 0
161 492 0
161 648 0
161 821 0
162 965 0
163 721 0
164 498 0
165 721 0
165 974 0
165 980 0
166 180 0
166 507 0
166 543 0
166 853 0
167 388 0
168 420 0
168 805 0
168 820 0
169 554 0
170 292 0
170 639 0
170 739 0
171 973 0
172 683 0
173 367 0
173 530 0
173 567 0
173 605 0
174 400 0
174 427 0
174 816 0
174 899 0
175 949 0
176 469 0
177 838 0
178 434 0
179 480 0
181 606 0
182 493 0
183 731 0
184 929 0
185 742 0
186 308 0
187 997 0
188 931 0
189 299 0
189 317 0
189 353 0
189 980 0
190 327 0
190 463 0
190 571 0
190 639 0
190 803 0
192 453 0
192 577 0
193 252 0
193 578 0
193 771 0
193 825 0
194 395 0
194 724 0
194 772 0
194 784 0
194 800 0
195 519 0
196 321 0
196 412 0
196 716 0
196 928 0
197 563 0
198 598 0
199 492 0
201 331 0
201 566 0
201 829 0
201 980 0
202 284 0
202 343 0
202 506 0
202 837 0
203 722 0
204 439 0
204 663 0
204 816 0
205 699 0
206 433 0
207 337 0
207 428 0
207 818 0
207 820 0
209 731 0
211 306 0
212 318 0
213 346 0
213 772 0
214 266 0
215 624 0
216 322 0
216 425 0
216 453 0
216 535 0
216 569 0
216 787 0
217 981 0
218 303 0
218 509 0
219 997 0
220 367 0
220 697 0
220 711 0
220 902 0
221 255 0
222 938 0
223 777 0
226 380 0
227 239 0
227 529 0
227 715 0
228 461 0
229 504 0
229 729 0
229 958 0
231 981 0
232 415 0
233 545 0
235 487 0
235 798 0
235 875 0
235 902 0
236 311 0
237 239 0
238 388 0
239 542 0
239 563 0
239 696 0
239 878 0
241 854 0
242 257 0
243 432 0
244 402 0
245 858 0
247 494 0
248 563 0
249 838 0
251 913 0
255 975 0
255 989 0
256 823 0
257 700 0
257 848 0
257 971 0
258 475 0
260 643 0
261 482 0
262 525 0
263 271 0
263 432 0
266 453 0
266 646 0
266 726 0
268 938 0
269 347 0
270 508 0
271 766 0
271 838 0
271 892 0
272 554 0
274 766 0
275 942 0
276 929 0
277 293 0
277 413 0
277 466 0
277 960 0
278 707 0
280 808 0
281 315 0
281 320 0
281 322 0
281 489 0
281 923 0
282 696 0
283 627 0
284 635 0
284 949 0
285 382 0
286 913 0
287 826 0
289 306 0
290 441 0
291 493 0
292 566 0
292 978 0
294 508 0
295 342 0
295 408 0
296 564 0
297 670 0
298 513 0
299 324 0
299 669 0
299 830 0
301 360 0
302 397 0
303 494 0
303 520 0
304 591 0
305 712 0
306 453 0
306 487 0
306 921 0
307 528 0
308 321 0
308 506 0
309 660 0
310 347 0
311 523 0
311 840 0
313 519 0
314 383 0
316 931 0
318 319 0
318 470 0
318 739 0
320 898 0
320 932 0
321 551 0
322 995 0
323 545 0
324 490 0
324 667 0
324 949 0
324 986 0
325 790 0
328 766 0
329 532 0
330 968 0
331 364 0
331 433 0
331 731 0
332 733 0
332 775 0
333 426 0
334 732 0
335 391 0
336 826 0
337 575 0
337 887 0
338 777 0
339 780 0
341 504 0
341 743 0
341 820 0
341 902 0
342 374 0
342 647 0
342 743 0
344 881 0
345 754 0
346 399 0
346 839 0
346 934 0
346 972 0
347 636 0
348 746 0
349 756 0
350 972 0
351 475 0
351 504 0
352 527 0
352 770 0
352 804 0
354 525 0
355 383 0
357 839 0
358 995 0
360 444 0
360 886 0
361 423 0
364 561 0
364 685 0
364 749 0
365 402 0
366 542 0
366 618 0
366 684 0
368 727 0
369 614 0
370 397 0
371 762 0
372 881 0
373 581 0
375 423 0
376 751 0
376 929 0
376 942 0
377 535 0
377 540 0
377 714 0
377 784 0
378 387 0
379 847 0
379 917 0
379 974 0
380 455 0
380 465 0
380 954 0
381 844 0
382 485 0
382 816 0
382 836 0
383 464 0
384 593 0
384 631 0
384 678 0
384 955 0
385 612 0
386 584 0
387 804 0
387 861 0
387 900 0
388 585 0
390 592 0
391 602 0
391 957 0
393 713 0
394 621 0
395 551 0
395 881 0
396 541 0
397 657 0
397 692 0
399 611 0
399 654 0
399 748 0
400 428 0
400 820 0
401 713 0
402 751 0
403 789 0
403 939 0
405 414 0
406 545 0
407 619 0
408 581 0
410 790 0
411 676 0
412 648 0
413 720 0
414 560 0
414 568 0
414 774 0
415 682 0
416 844 0
416 936 0
416 942 0
417 826 0
418 478 0
419 762 0
420 435 0
420 468 0
420 841 0
421 746 0
422 938 0
423 610 0
423 829 0
424 513 0
425 575 0
425 899 0
426 804 0
426 870 0
426 877 0
428 438 0
428 732 0
430 526 0
432 539 0
432 933 0
433 811 0
433 923 0
434 604 0
434 950 0
434 992 0
435 560 0
435 804 0
435 851 0
436 615 0
437 572 0
437 581 0
437 746 0
437 843 0
437 963 0
438 779 0
438 813 0
439 493 0
439 794 0
439 947 0
440 838 0
441 473 0
441 876 0
443 932 0
445 936 0
446 746 0
447 454 0
447 707 0
447 796 0
447 940 0
448 617 0
449 806 0
450 554 0
451 500 0
451 583 0
451 741 0
452 621 0
454 583 0
454 663 0
456 525 0
457 670 0
458 824 0
459 801 0
460 965 0
461 577 0
461 996 0
462 465 0
462 719 0
462 728 0
462 763 0
465 713 0
468 539 0
468 974 0
469 570 0
469 800 0
469 842 0
471 575 0
472 551 0
473 543 0
473 545 0
473 585 0
473 997 0
474 780 0
475 577 0
475 724 0
475 735 0
476 881 0
478 853 0
478 941 0
479 991 0
480 661 0
480 767 0
482 671 0
482 700 0
482 895 0
482 948 0
483 874 0
484 764 0
484 851 0
484 871 0
486 962 0
487 633 0
488 943 0
490 533 0
490 772 0
490 786 0
491 641 0
492 781 0
492 888 0
493 588 0
493 768 0
494 539 0
496 936 0
497 947 0
498 585 0
499 543 0
499 676 0
499 777 0
501 624 0
502 547 0
502 743 0
502 855 0
503 623 0
503 704 0
503 758 0
503 818 0
504 505 0
504 591 0
505 608 0
505 924 0
505 925 0
506 614 0
506 1000 0
508 819 0
510 817 0
511 821 0
513 639 0
513 761 0
514 557 0
516 707 0
517 541 0
518 696 0
519 859 0
519 963 0
520 555 0
520 759 0
520 919 0
521 683 0
522 698 0
522 743 0
522 769 0
522 954 0
522 970 0
524 667 0
524 962 0
524 997 0
525 685 0
525 784 0
526 650 0
526 690 0
526 896 0
528 533 0
528 674 0
528 768 0
531 756 0
532 640 0
532 725 0
532 745 0
533 589 0
534 619 0
535 856 0
536 808 0
538 806 0
538 807 0
538 824 0
539 681 0
541 635 0
541 944 0
544 584 0
546 757 0
549 947 0
550 583 0
550 597 0
550 622 0
551 689 0
551 694 0
552 898 0
553 673 0
553 737 0
553 751 0
554 725 0
556 707 0
557 562 0
557 990 0
558 949 0
559 754 0
560 666 0
564 827 0
572 733 0
572 864 0
572 918 0
573 727 0
575 677 0
576 874 0
578 929 0
579 589 0
581 998 0
582 794 0
583 858 0
584 864 0
584 966 0
586 959 0
587 858 0
589 912 0
589 952 0
590 823 0
591 649 0
592 629 0
592 830 0
593 624 0
593 780 0
595 839 0
596 696 0
598 717 0
598 880 0
599 892 0
600 757 0
603 808 0
606 863 0
607 794 0
609 641 0
612 652 0
612 784 0
612 832 0
613 843 0
614 893 0
614 897 0
615 645 0
615 678 0
615 882 0
617 703 0
617 857 0
617 980 0
620 856 0
621 717 0
624 786 0
624 987 0
625 885 0
626 844 0
627 639 0
627 810 0
627 835 0
628 887 0
633 785 0
633 924 0
634 780 0
635 643 0
638 757 0
639 934 0
641 829 0
643 675 0
643 920 0
648 663 0
651 986 0
653 807 0
657 879 0
657 995 0
658 791 0
659 732 0
660 710 0
660 717 0
663 935 0
664 824 0
666 739 0
666 831 0
666 910 0
667 874 0
667 991 0
668 681 0
669 695 0
669 866 0
669 954 0
670 724 0
670 859 0
671 712 0
678 1000 0
679 742 0
680 892 0
680 959 0
681 734 0
681 736 0
683 866 0
683 994 0
684 790 0
684 879 0
684 962 0
685 733 0
686 874 0
687 892 0
689 820 0
690 722 0
691 932 0
692 777 0
693 929 0
696 988 0
699 730 0
699 894 0
700 841 0
700 938 0
702 856 0
705 720 0
706 887 0
709 940 0
712 937 0
720 744 0
722 904 0
723 973 0
727 864 0
731 753 0
733 844 0
733 913 0
738 892 0
739 936 0
740 898 0
742 980 0
747 796 0
752 762 0
754 872 0
760 824 0
762 818 0
765 845 0
765 859 0
766 822 0
772 935 0
774 823 0
774 841 0
774 931 0
777 809 0
780 800 0
782 965 0
783 901 0
784 803 0
786 807 0
788 854 0
790 815 0
791 885 0
791 968 0
792 968 0
793 972 0
794 999 0
795 962 0
796 951 0
796 983 0
799 943 0
805 878 0
807 873 0
808 829 0
814 828 0
814 883 0
817 914 0
817 922 0
820 879 0
821 884 0
826 886 0
834 986 0
838 976 0
843 926 0
851 943 0
851 965 0
853 874 0
854 889 0
856 953 0
856 974 0
858 908 0
859 878 0
865 901 0
866 1000 0
868 991 0
879 950 0
885 979 0
898 969 0
899 968 0
901 934 0
903 913 0
905 942 0
906 940 0
907 943 0
909 973 0
911 995 0
915 968 0
916 936 0
918 935 0
918 1000 0
923 974 0
924 980 0
932 967 0
940 961 0
972 977 0
