60 71 0
1 50 0
2 20 0
3 31 0
4 11 0
5 12 0
5 23 0
5 26 0
5 29 0
6 50 0
6 54 0
7 29 0
7 48 0
7 51 0
7 58 0
8 36 0
9 40 0
10 15 0
10 25 0
10 33 0
11 15 0
11 29 0
11 30 0
12 28 0
13 32 0
13 45 0
13 48 0
13 55 0
14 40 0
16 24 0
16 34 0
16 49 0
16 51 0
17 50 0
18 54 0
18 56 0
19 20 0
20 52 0
20 57 0
21 47 0
22 49 0
24 44 0
25 43 0
25 57 0
25 60 0
27 59 0
28 59 0
29 31 0
31 39 0
31 53 0
32 53 0
33 47 0
34 50 0
35 36 0
35 60 0
36 48 0
36 58 0
37 53 0
37 59 0
38 47 0
40 41 0
40 48 0
42 54 0
43 52 0
44 49 0
46 50 0
47 56 0
50 56 0
51 56 0
51 57 0
54 57 0
56 59 0
