40 71 0
1 2 0
1 3 0
2 11 0
2 30 0
2 32 0
3 6 0
3 17 0
3 30 0
3 35 0
3 39 0
4 8 0
4 17 0
4 19 0
4 25 0
4 33 0
4 34 0
5 11 0
5 13 0
5 20 0
5 21 0
5 25 0
6 17 0
6 24 0
6 29 0
6 40 0
7 21 0
7 24 0
8 20 0
8 28 0
8 36 0
8 37 0
9 25 0
9 35 0
10 28 0
10 29 0
11 36 0
12 15 0
12 19 0
12 20 0
12 22 0
12 28 0
13 21 0
13 23 0
13 30 0
13 35 0
14 40 0
15 37 0
16 37 0
17 20 0
17 25 0
18 20 0
18 21 0
18 26 0
18 35 0
20 31 0
21 32 0
22 29 0
22 30 0
23 24 0
24 31 0
24 34 0
24 39 0
25 38 0
26 30 0
26 37 0
27 40 0
28 29 0
30 33 0
30 37 0
36 40 0
37 40 0
