400 549 0
1 19 0
1 44 0
1 63 0
1 385 0
2 92 0
2 173 0
3 44 0
3 297 0
4 13 0
5 281 0
6 38 0
6 109 0
6 281 0
6 372 0
7 32 0
7 33 0
7 141 0
7 248 0
7 356 0
7 363 0
8 247 0
9 25 0
9 109 0
9 168 0
9 191 0
10 65 0
11 354 0
12 47 0
12 140 0
13 48 0
13 196 0
13 280 0
14 214 0
15 122 0
15 327 0
15 366 0
15 371 0
16 396 0
17 216 0
18 80 0
19 35 0
19 194 0
19 328 0
20 192 0
21 56 0
21 119 0
21 262 0
21 330 0
21 342 0
22 70 0
22 238 0
23 86 0
23 257 0
23 286 0
23 346 0
24 81 0
24 159 0
24 314 0
25 118 0
25 180 0
25 311 0
26 159 0
26 267 0
27 372 0
27 385 0
28 66 0
28 183 0
28 255 0
28 330 0
28 369 0
29 198 0
29 322 0
30 158 0
30 229 0
31 270 0
31 330 0
34 116 0
34 345 0
34 377 0
35 127 0
35 139 0
35 287 0
35 384 0
35 390 0
36 275 0
36 397 0
37 54 0
37 292 0
38 69 0
38 177 0
38 178 0
38 300 0
39 114 0
39 188 0
39 211 0
39 230 0
39 311 0
40 45 0
41 199 0
41 399 0
42 173 0
42 356 0
42 398 0
43 115 0
43 266 0
44 189 0
44 363 0
44 373 0
45 109 0
45 315 0
45 367 0
45 381 0
46 214 0
47 118 0
47 209 0
47 383 0
49 79 0
49 95 0
49 153 0
49 178 0
49 212 0
49 264 0
50 249 0
50 323 0
51 79 0
51 234 0
52 161 0
52 222 0
52 232 0
52 362 0
53 156 0
53 273 0
54 147 0
55 294 0
55 307 0
57 142 0
57 275 0
57 278 0
58 104 0
58 310 0
59 267 0
60 255 0
60 277 0
61 179 0
61 314 0
62 116 0
62 327 0
62 400 0
63 99 0
63 206 0
63 219 0
64 169 0
64 182 0
64 228 0
64 336 0
64 340 0
65 102 0
65 140 0
65 267 0
65 335 0
66 193 0
67 128 0
68 139 0
68 291 0
68 333 0
69 139 0
70 117 0
70 118 0
70 157 0
70 200 0
71 232 0
71 264 0
71 340 0
71 342 0
72 147 0
72 365 0
73 126 0
73 146 0
73 329 0
73 397 0
74 141 0
74 190 0
74 197 0
74 291 0
74 328 0
75 122 0
75 156 0
76 85 0
76 142 0
76 194 0
76 348 0
77 90 0
78 142 0
78 194 0
78 215 0
78 238 0
78 345 0
79 179 0
79 202 0
79 365 0
80 223 0
80 245 0
80 337 0
80 347 0
80 368 0
81 104 0
81 232 0
81 277 0
81 295 0
81 302 0
82 384 0
83 101 0
83 359 0
84 392 0
85 264 0
87 109 0
87 277 0
88 201 0
89 234 0
90 103 0
90 157 0
90 311 0
91 254 0
92 161 0
93 149 0
94 104 0
94 377 0
96 292 0
96 358 0
97 130 0
98 112 0
98 163 0
98 180 0
98 258 0
100 208 0
100 292 0
101 393 0
104 106 0
104 120 0
104 151 0
105 385 0
106 389 0
107 261 0
107 362 0
108 144 0
108 176 0
108 298 0
109 263 0
109 275 0
110 122 0
110 220 0
110 279 0
110 367 0
110 378 0
111 149 0
113 296 0
114 271 0
115 293 0
115 299 0
115 339 0
115 367 0
116 273 0
118 270 0
118 277 0
119 362 0
120 231 0
120 320 0
120 360 0
121 129 0
121 291 0
121 318 0
121 357 0
122 213 0
122 377 0
123 359 0
124 294 0
124 400 0
125 365 0
126 152 0
126 244 0
126 281 0
126 382 0
126 390 0
127 131 0
127 148 0
127 223 0
127 231 0
128 180 0
128 225 0
128 333 0
129 343 0
130 170 0
130 197 0
130 246 0
132 242 0
132 309 0
132 384 0
133 210 0
134 393 0
135 281 0
136 163 0
136 222 0
136 380 0
137 241 0
138 201 0
139 176 0
139 288 0
140 275 0
140 365 0
141 162 0
141 193 0
141 268 0
143 243 0
143 263 0
143 301 0
143 360 0
144 242 0
144 307 0
144 378 0
145 337 0
146 218 0
146 303 0
146 338 0
147 263 0
147 390 0
149 199 0
149 263 0
150 186 0
153 173 0
154 186 0
154 319 0
155 162 0
155 183 0
156 202 0
156 249 0
156 286 0
158 235 0
158 351 0
158 370 0
158 374 0
159 213 0
159 240 0
159 342 0
159 355 0
160 326 0
160 373 0
160 397 0
161 266 0
161 273 0
161 331 0
162 164 0
162 182 0
165 217 0
165 362 0
166 169 0
166 305 0
166 395 0
167 395 0
168 182 0
168 223 0
168 335 0
168 351 0
169 360 0
169 397 0
171 335 0
171 392 0
172 216 0
172 276 0
172 393 0
173 194 0
173 239 0
173 341 0
174 281 0
175 287 0
179 354 0
179 368 0
180 323 0
181 229 0
181 265 0
181 286 0
181 306 0
181 361 0
182 189 0
184 316 0
184 396 0
185 192 0
186 282 0
186 378 0
187 213 0
189 233 0
190 312 0
190 322 0
190 385 0
190 392 0
191 220 0
191 253 0
191 328 0
192 275 0
192 320 0
193 236 0
193 248 0
195 260 0
195 296 0
196 237 0
196 294 0
196 354 0
197 273 0
197 310 0
198 254 0
201 300 0
201 311 0
201 400 0
203 254 0
203 267 0
203 329 0
203 400 0
204 396 0
205 296 0
207 241 0
208 372 0
209 310 0
210 251 0
210 275 0
210 305 0
213 227 0
213 230 0
213 252 0
213 386 0
214 275 0
214 376 0
216 283 0
216 297 0
216 302 0
217 229 0
217 364 0
217 365 0
220 237 0
220 329 0
221 261 0
221 268 0
221 274 0
221 378 0
222 319 0
222 343 0
223 232 0
223 347 0
223 399 0
224 262 0
224 323 0
226 233 0
228 335 0
232 328 0
233 250 0
233 344 0
233 375 0
234 302 0
234 326 0
234 363 0
235 400 0
237 250 0
237 286 0
238 314 0
238 392 0
241 340 0
241 380 0
244 252 0
247 255 0
247 298 0
247 308 0
248 346 0
250 278 0
250 314 0
253 294 0
254 352 0
255 329 0
255 349 0
256 271 0
256 398 0
257 333 0
258 390 0
259 347 0
260 349 0
260 355 0
264 392 0
264 396 0
265 278 0
267 394 0
269 400 0
270 295 0
270 388 0
270 399 0
271 291 0
271 358 0
272 310 0
273 299 0
273 353 0
276 354 0
276 384 0
277 386 0
278 332 0
279 349 0
283 300 0
284 348 0
284 385 0
285 362 0
287 325 0
287 359 0
287 387 0
289 322 0
290 322 0
291 292 0
291 387 0
296 351 0
296 373 0
298 323 0
302 365 0
303 336 0
304 310 0
309 349 0
312 314 0
313 318 0
313 323 0
314 353 0
316 347 0
317 397 0
319 336 0
319 365 0
321 347 0
322 335 0
324 355 0
324 385 0
326 351 0
329 346 0
332 386 0
334 399 0
335 359 0
337 340 0
337 341 0
337 350 0
342 393 0
347 351 0
359 379 0
363 377 0
364 399 0
367 395 0
369 377 0
372 391 0
384 389 0
395 398 0
