80 93 0
1 38 0
1 63 0
1 64 0
1 75 0
2 7 0
2 18 0
2 32 0
2 69 0
3 51 0
4 13 0
4 20 0
5 67 0
6 26 0
6 36 0
6 40 0
6 51 0
8 29 0
8 47 0
9 17 0
9 48 0
10 36 0
11 56 0
12 26 0
12 45 0
12 58 0
13 22 0
13 27 0
13 28 0
13 73 0
14 19 0
14 26 0
14 35 0
14 57 0
14 80 0
15 56 0
16 79 0
17 22 0
17 43 0
17 50 0
17 59 0
19 44 0
20 47 0
20 60 0
20 64 0
21 24 0
21 39 0
21 52 0
21 68 0
22 45 0
22 67 0
22 75 0
23 59 0
23 66 0
24 25 0
24 42 0
24 45 0
25 44 0
25 49 0
25 78 0
26 32 0
27 40 0
27 55 0
29 51 0
30 60 0
31 42 0
32 33 0
32 71 0
34 51 0
35 71 0
36 41 0
36 72 0
37 40 0
37 56 0
38 45 0
38 60 0
38 79 0
40 70 0
42 59 0
42 74 0
46 79 0
47 57 0
47 58 0
47 61 0
48 60 0
53 67 0
54 56 0
55 66 0
56 58 0
58 66 0
62 67 0
65 71 0
66 76 0
77 79 0
