250 345 0
1 5 0
1 151 0
1 175 0
1 203 0
2 135 0
2 218 0
2 238 0
2 250 0
3 40 0
3 68 0
3 87 0
3 212 0
4 131 0
4 135 0
5 7 0
5 217 0
5 226 0
6 9 0
6 13 0
6 62 0
6 101 0
6 168 0
6 178 0
7 49 0
7 91 0
7 225 0
7 228 0
8 13 0
9 50 0
9 119 0
9 226 0
9 237 0
10 42 0
10 94 0
10 126 0
10 232 0
11 15 0
11 117 0
11 202 0
12 21 0
13 35 0
13 38 0
13 58 0
14 164 0
15 39 0
15 150 0
15 212 0
16 26 0
16 129 0
17 56 0
17 109 0
17 117 0
17 146 0
17 157 0
17 239 0
18 156 0
18 172 0
19 23 0
19 167 0
20 26 0
20 210 0
21 47 0
21 78 0
21 107 0
21 149 0
21 158 0
21 172 0
21 250 0
22 167 0
23 49 0
23 180 0
23 182 0
23 218 0
23 248 0
24 131 0
24 242 0
25 186 0
26 158 0
26 176 0
26 223 0
27 69 0
27 72 0
28 51 0
28 70 0
28 95 0
28 225 0
29 194 0
30 90 0
30 162 0
31 64 0
31 165 0
31 214 0
31 233 0
32 88 0
32 114 0
32 141 0
32 168 0
32 177 0
33 141 0
33 167 0
34 99 0
34 153 0
34 157 0
34 185 0
34 206 0
36 131 0
36 231 0
37 91 0
39 227 0
41 220 0
42 171 0
43 75 0
43 147 0
43 154 0
43 213 0
44 64 0
45 70 0
45 240 0
46 180 0
46 214 0
47 162 0
47 168 0
47 210 0
47 220 0
48 94 0
48 105 0
48 109 0
48 158 0
49 97 0
49 105 0
49 207 0
52 249 0
53 71 0
54 139 0
54 172 0
55 128 0
55 192 0
57 84 0
57 111 0
57 147 0
57 157 0
57 191 0
58 198 0
59 80 0
59 82 0
59 106 0
59 154 0
59 180 0
59 188 0
60 97 0
60 140 0
60 199 0
60 218 0
61 166 0
61 200 0
62 66 0
62 84 0
62 100 0
62 152 0
62 170 0
62 192 0
63 183 0
64 86 0
64 209 0
64 231 0
65 69 0
66 132 0
66 135 0
66 148 0
66 157 0
66 229 0
67 88 0
69 133 0
69 171 0
69 181 0
69 238 0
71 85 0
71 221 0
71 248 0
72 98 0
72 171 0
72 187 0
73 155 0
73 207 0
73 208 0
73 227 0
74 91 0
74 182 0
75 120 0
76 220 0
77 233 0
78 173 0
78 190 0
79 242 0
81 88 0
83 166 0
83 227 0
84 100 0
84 131 0
84 186 0
84 242 0
85 238 0
86 109 0
87 181 0
88 104 0
88 201 0
89 124 0
89 142 0
89 247 0
90 115 0
90 117 0
90 234 0
91 135 0
91 156 0
91 171 0
92 234 0
93 177 0
94 164 0
94 194 0
94 220 0
96 111 0
96 130 0
96 142 0
96 228 0
101 178 0
101 196 0
102 103 0
102 239 0
103 164 0
103 190 0
104 141 0
105 191 0
106 186 0
106 247 0
108 217 0
109 234 0
109 242 0
109 249 0
110 199 0
110 249 0
111 114 0
111 150 0
112 186 0
113 228 0
114 128 0
114 129 0
114 200 0
115 166 0
116 240 0
118 164 0
120 159 0
120 217 0
121 163 0
121 183 0
122 141 0
122 177 0
122 198 0
123 242 0
124 162 0
125 189 0
126 188 0
127 194 0
128 208 0
129 246 0
130 244 0
131 223 0
134 189 0
136 187 0
136 214 0
137 178 0
138 177 0
139 186 0
139 192 0
141 243 0
142 190 0
143 183 0
144 192 0
145 173 0
147 192 0
147 198 0
147 226 0
153 232 0
158 175 0
158 183 0
158 239 0
159 173 0
160 226 0
161 190 0
161 247 0
162 230 0
163 225 0
163 242 0
164 248 0
165 171 0
165 191 0
165 212 0
166 180 0
167 218 0
168 191 0
169 192 0
171 180 0
172 225 0
172 236 0
173 248 0
174 244 0
175 239 0
177 188 0
177 207 0
178 245 0
179 233 0
180 183 0
180 247 0
182 233 0
184 228 0
187 248 0
189 203 0
189 207 0
189 234 0
189 246 0
190 244 0
193 214 0
194 235 0
195 244 0
196 239 0
197 239 0
198 206 0
198 224 0
202 240 0
204 226 0
205 217 0
205 235 0
209 210 0
209 244 0
209 245 0
210 222 0
210 247 0
211 247 0
212 244 0
215 234 0
216 220 0
219 226 0
220 229 0
225 240 0
234 242 0
241 249 0
