400 489 0
1 310 0
2 193 0
2 287 0
2 349 0
3 240 0
4 272 0
4 377 0
5 215 0
5 334 0
5 335 0
5 374 0
5 375 0
6 117 0
6 150 0
6 182 0
6 388 0
7 340 0
8 221 0
9 123 0
9 127 0
9 196 0
9 325 0
9 364 0
10 363 0
11 58 0
11 108 0
12 369 0
12 371 0
13 27 0
14 389 0
15 45 0
15 171 0
15 278 0
15 327 0
15 346 0
15 386 0
16 165 0
17 110 0
17 172 0
17 225 0
17 249 0
18 200 0
19 147 0
19 381 0
20 313 0
21 85 0
21 111 0
21 304 0
21 308 0
22 66 0
22 136 0
22 223 0
23 85 0
23 128 0
23 169 0
23 274 0
23 332 0
23 365 0
24 96 0
24 312 0
24 356 0
24 382 0
25 117 0
26 222 0
27 69 0
27 105 0
27 221 0
27 278 0
28 400 0
29 77 0
29 221 0
29 227 0
29 310 0
30 198 0
31 274 0
32 230 0
32 379 0
33 235 0
34 227 0
35 368 0
36 62 0
37 186 0
38 148 0
38 235 0
38 339 0
39 399 0
40 287 0
41 57 0
41 122 0
41 241 0
41 337 0
42 49 0
42 173 0
42 209 0
42 290 0
43 85 0
43 161 0
43 202 0
43 282 0
43 331 0
44 399 0
46 135 0
46 276 0
47 66 0
47 142 0
47 237 0
47 306 0
48 150 0
48 231 0
48 363 0
48 377 0
49 270 0
50 240 0
51 153 0
52 70 0
52 112 0
52 189 0
52 306 0
53 396 0
54 376 0
55 388 0
56 347 0
57 108 0
57 306 0
57 361 0
58 166 0
58 243 0
58 252 0
58 284 0
59 361 0
60 237 0
61 88 0
61 278 0
62 96 0
62 229 0
62 238 0
62 259 0
62 287 0
63 66 0
64 222 0
65 115 0
65 199 0
65 356 0
65 390 0
66 119 0
66 295 0
67 397 0
68 263 0
68 268 0
68 289 0
68 356 0
69 170 0
70 110 0
70 201 0
70 284 0
70 366 0
71 389 0
72 313 0
73 107 0
74 323 0
74 396 0
75 112 0
75 186 0
75 379 0
75 399 0
76 302 0
77 191 0
77 220 0
77 258 0
78 180 0
78 300 0
78 358 0
79 182 0
80 380 0
81 380 0
82 305 0
83 97 0
83 257 0
84 148 0
85 381 0
86 107 0
87 274 0
88 120 0
88 286 0
88 293 0
88 387 0
89 269 0
90 165 0
90 254 0
91 159 0
91 248 0
92 240 0
93 101 0
93 212 0
93 236 0
93 325 0
94 274 0
95 363 0
97 101 0
98 298 0
98 330 0
98 367 0
98 391 0
99 127 0
99 388 0
100 138 0
100 203 0
100 298 0
100 370 0
101 285 0
101 338 0
102 237 0
103 379 0
104 162 0
105 138 0
105 174 0
105 175 0
105 199 0
105 354 0
105 358 0
106 144 0
106 284 0
106 359 0
106 384 0
107 156 0
107 209 0
108 133 0
108 250 0
109 155 0
110 347 0
110 376 0
112 327 0
112 392 0
113 358 0
114 212 0
116 260 0
116 273 0
117 264 0
117 277 0
118 230 0
121 245 0
123 219 0
124 132 0
124 153 0
125 230 0
126 178 0
126 221 0
126 388 0
129 340 0
130 325 0
130 354 0
131 137 0
132 362 0
133 286 0
134 160 0
134 347 0
135 178 0
135 231 0
135 254 0
136 197 0
136 280 0
136 297 0
137 193 0
137 246 0
137 279 0
137 298 0
139 168 0
139 325 0
140 235 0
141 260 0
141 289 0
141 342 0
142 207 0
142 328 0
142 348 0
143 273 0
145 153 0
145 208 0
145 257 0
145 350 0
146 230 0
146 235 0
146 310 0
147 353 0
148 244 0
148 321 0
148 323 0
149 162 0
150 197 0
150 331 0
151 353 0
152 177 0
152 380 0
153 320 0
154 362 0
155 164 0
155 226 0
155 366 0
157 386 0
158 275 0
159 205 0
159 291 0
159 394 0
160 400 0
161 198 0
161 240 0
161 276 0
162 197 0
162 228 0
162 385 0
163 227 0
165 166 0
165 265 0
165 392 0
167 354 0
168 178 0
168 190 0
168 205 0
168 300 0
170 376 0
174 331 0
174 335 0
174 336 0
175 222 0
175 386 0
176 233 0
176 251 0
176 387 0
176 398 0
177 219 0
177 303 0
177 392 0
179 302 0
179 312 0
180 269 0
181 198 0
182 255 0
182 307 0
182 384 0
182 391 0
183 288 0
183 381 0
184 397 0
185 305 0
186 341 0
186 395 0
187 257 0
187 369 0
188 222 0
189 220 0
189 331 0
190 333 0
191 235 0
191 340 0
191 400 0
192 386 0
194 275 0
195 231 0
197 368 0
198 246 0
198 348 0
200 201 0
200 202 0
200 296 0
202 230 0
202 251 0
202 326 0
203 329 0
204 363 0
205 336 0
205 353 0
206 313 0
206 349 0
208 217 0
208 256 0
208 344 0
209 350 0
209 371 0
210 261 0
211 400 0
212 234 0
212 351 0
212 397 0
213 276 0
214 396 0
215 249 0
215 259 0
216 326 0
218 318 0
219 342 0
220 236 0
220 350 0
221 378 0
222 309 0
222 375 0
223 275 0
224 326 0
227 316 0
228 366 0
229 332 0
231 254 0
232 340 0
236 356 0
236 387 0
237 247 0
238 305 0
238 313 0
238 336 0
239 358 0
242 257 0
245 262 0
245 313 0
245 321 0
245 352 0
248 311 0
253 277 0
253 347 0
258 261 0
258 380 0
258 397 0
260 267 0
260 272 0
260 375 0
261 365 0
261 393 0
266 399 0
269 271 0
269 327 0
270 388 0
272 287 0
273 288 0
273 317 0
273 366 0
274 321 0
275 284 0
276 299 0
281 377 0
282 377 0
283 354 0
286 380 0
287 361 0
287 366 0
288 296 0
292 376 0
294 305 0
294 312 0
294 353 0
298 306 0
298 378 0
301 371 0
302 349 0
302 364 0
303 361 0
305 372 0
309 325 0
309 328 0
310 339 0
310 369 0
311 329 0
311 335 0
311 345 0
314 368 0
315 379 0
317 350 0
318 322 0
318 327 0
318 383 0
319 368 0
319 392 0
321 336 0
324 397 0
325 333 0
325 361 0
326 373 0
334 362 0
335 364 0
335 396 0
337 349 0
339 379 0
342 389 0
343 371 0
350 375 0
355 361 0
357 381 0
360 361 0
362 385 0
362 387 0
364 386 0
389 392 0
