140 229 0
1 93 0
1 121 0
2 64 0
3 9 0
3 97 0
3 115 0
3 116 0
3 132 0
4 69 0
5 35 0
5 90 0
5 110 0
5 113 0
6 13 0
6 44 0
6 59 0
6 84 0
6 94 0
6 97 0
6 104 0
7 42 0
7 77 0
7 98 0
7 107 0
7 132 0
7 137 0
8 36 0
8 119 0
8 134 0
9 54 0
9 75 0
9 90 0
10 32 0
10 135 0
11 24 0
11 39 0
11 126 0
12 20 0
12 23 0
12 40 0
12 90 0
12 104 0
13 33 0
13 114 0
14 45 0
14 46 0
15 56 0
15 58 0
15 67 0
15 90 0
15 122 0
16 21 0
16 88 0
17 55 0
17 57 0
17 119 0
17 126 0
18 19 0
18 74 0
19 71 0
19 73 0
19 77 0
19 96 0
19 127 0
20 137 0
21 88 0
22 64 0
22 91 0
23 65 0
24 98 0
24 127 0
25 35 0
25 75 0
25 95 0
25 134 0
26 88 0
26 128 0
27 61 0
27 99 0
28 54 0
28 119 0
29 57 0
29 99 0
29 107 0
29 135 0
30 65 0
30 93 0
30 106 0
30 110 0
31 45 0
31 82 0
32 84 0
32 124 0
32 140 0
33 69 0
34 44 0
34 106 0
35 57 0
35 102 0
36 53 0
36 91 0
36 122 0
36 140 0
37 39 0
37 81 0
38 121 0
38 123 0
39 50 0
39 62 0
39 94 0
39 110 0
39 116 0
41 113 0
41 123 0
41 125 0
42 84 0
42 115 0
43 52 0
43 68 0
43 123 0
43 124 0
45 90 0
45 111 0
45 125 0
46 60 0
46 81 0
46 119 0
47 82 0
48 82 0
49 57 0
49 119 0
50 74 0
51 69 0
51 119 0
52 99 0
52 110 0
52 130 0
52 135 0
53 61 0
53 99 0
53 102 0
54 79 0
54 83 0
54 111 0
54 112 0
55 83 0
55 113 0
57 133 0
58 130 0
60 105 0
60 130 0
61 93 0
61 100 0
61 103 0
61 129 0
62 73 0
62 126 0
63 81 0
63 106 0
63 107 0
64 70 0
64 117 0
65 84 0
65 86 0
65 118 0
66 102 0
67 72 0
69 79 0
69 129 0
70 88 0
70 94 0
70 126 0
72 137 0
73 100 0
73 140 0
74 87 0
74 99 0
74 111 0
74 129 0
76 93 0
77 85 0
77 116 0
77 119 0
77 127 0
78 108 0
78 113 0
80 82 0
80 100 0
81 97 0
81 120 0
82 83 0
82 124 0
82 134 0
83 116 0
83 121 0
83 128 0
85 94 0
85 119 0
85 137 0
85 140 0
86 92 0
87 127 0
89 106 0
89 107 0
90 115 0
91 93 0
92 102 0
93 138 0
94 97 0
94 106 0
95 96 0
96 135 0
100 136 0
101 104 0
101 120 0
101 127 0
105 137 0
107 127 0
109 135 0
111 140 0
113 126 0
114 121 0
116 129 0
121 139 0
126 139 0
127 131 0
128 130 0
133 138 0
135 136 0
