500 672 0
1 233 0
1 286 0
2 450 0
3 425 0
3 469 0
4 96 0
4 435 0
5 45 0
5 83 0
5 295 0
5 362 0
5 366 0
6 175 0
6 190 0
6 273 0
6 358 0
6 440 0
6 499 0
7 342 0
8 16 0
8 75 0
8 100 0
8 444 0
8 459 0
9 469 0
10 67 0
11 70 0
11 73 0
11 346 0
11 494 0
11 498 0
12 267 0
13 380 0
14 225 0
15 243 0
17 22 0
17 344 0
17 447 0
18 433 0
19 230 0
19 345 0
20 73 0
21 35 0
21 88 0
21 166 0
21 210 0
21 358 0
22 169 0
22 260 0
22 358 0
22 412 0
22 443 0
23 71 0
24 50 0
24 54 0
24 137 0
24 405 0
25 180 0
25 469 0
26 148 0
26 435 0
27 104 0
27 332 0
28 33 0
28 91 0
28 154 0
28 362 0
28 389 0
29 47 0
29 62 0
29 128 0
29 233 0
29 313 0
30 306 0
31 243 0
31 400 0
32 284 0
32 372 0
32 478 0
32 491 0
34 221 0
34 302 0
34 386 0
35 230 0
36 434 0
37 107 0
37 447 0
38 196 0
38 331 0
39 318 0
40 475 0
41 316 0
41 433 0
42 432 0
43 371 0
44 481 0
44 497 0
45 115 0
45 342 0
45 444 0
46 297 0
46 311 0
46 321 0
46 404 0
46 477 0
47 188 0
47 409 0
47 488 0
48 383 0
49 94 0
49 224 0
49 327 0
49 418 0
49 490 0
50 232 0
50 354 0
50 359 0
50 371 0
50 447 0
51 73 0
52 435 0
53 56 0
53 159 0
53 296 0
53 388 0
54 65 0
54 306 0
54 425 0
55 219 0
55 440 0
57 371 0
58 71 0
59 425 0
60 220 0
60 309 0
60 316 0
60 474 0
61 119 0
61 155 0
62 120 0
62 165 0
62 495 0
63 288 0
64 92 0
64 257 0
65 308 0
65 390 0
65 458 0
66 143 0
66 167 0
66 381 0
67 101 0
67 298 0
67 430 0
68 177 0
68 323 0
68 329 0
69 215 0
70 270 0
70 447 0
71 417 0
71 422 0
72 263 0
72 296 0
72 301 0
72 393 0
72 409 0
73 209 0
74 126 0
74 359 0
75 290 0
75 376 0
75 443 0
76 324 0
76 394 0
76 484 0
76 486 0
77 106 0
77 230 0
78 352 0
78 375 0
79 498 0
80 286 0
80 453 0
81 91 0
81 165 0
81 451 0
82 125 0
82 344 0
83 154 0
83 295 0
83 336 0
83 408 0
83 460 0
84 128 0
84 334 0
84 370 0
84 427 0
85 162 0
86 160 0
86 215 0
86 360 0
86 391 0
87 190 0
87 255 0
88 176 0
88 201 0
88 291 0
88 473 0
89 287 0
89 318 0
90 499 0
91 134 0
91 144 0
91 268 0
92 201 0
92 384 0
93 242 0
93 272 0
93 323 0
93 438 0
95 466 0
96 274 0
96 316 0
96 463 0
97 267 0
97 283 0
97 381 0
98 196 0
98 334 0
99 187 0
99 264 0
100 205 0
100 382 0
100 390 0
100 491 0
101 151 0
101 411 0
102 190 0
102 263 0
103 363 0
104 143 0
104 149 0
104 298 0
104 387 0
104 407 0
105 109 0
105 363 0
105 396 0
106 118 0
106 144 0
106 213 0
106 470 0
107 198 0
108 192 0
108 220 0
108 450 0
109 187 0
109 487 0
110 354 0
111 267 0
111 377 0
112 269 0
112 382 0
112 396 0
112 399 0
112 405 0
113 370 0
113 376 0
113 383 0
114 425 0
114 497 0
115 144 0
115 326 0
115 361 0
115 485 0
116 157 0
116 340 0
117 385 0
119 139 0
119 194 0
119 264 0
119 321 0
119 468 0
119 498 0
120 264 0
120 372 0
120 379 0
120 418 0
121 421 0
122 190 0
123 130 0
123 199 0
123 422 0
123 434 0
124 435 0
124 491 0
125 318 0
126 282 0
127 441 0
127 494 0
129 283 0
129 288 0
130 207 0
131 259 0
131 320 0
131 336 0
131 438 0
131 456 0
132 461 0
133 157 0
134 164 0
134 194 0
134 228 0
134 254 0
134 364 0
134 423 0
135 181 0
135 197 0
135 340 0
135 420 0
136 162 0
136 191 0
136 212 0
136 270 0
136 414 0
137 211 0
137 410 0
137 434 0
138 260 0
138 264 0
138 346 0
138 446 0
139 244 0
139 255 0
139 350 0
139 496 0
140 434 0
141 168 0
142 295 0
142 306 0
142 436 0
145 466 0
146 266 0
146 282 0
146 346 0
146 381 0
147 282 0
148 218 0
148 308 0
150 219 0
151 363 0
152 230 0
153 187 0
153 232 0
154 196 0
154 384 0
154 443 0
155 249 0
155 292 0
155 382 0
156 273 0
156 373 0
157 180 0
157 314 0
158 175 0
159 261 0
160 353 0
160 414 0
160 433 0
160 446 0
161 495 0
162 317 0
162 321 0
162 377 0
163 233 0
163 354 0
165 426 0
165 449 0
166 182 0
166 276 0
166 437 0
167 286 0
168 204 0
168 257 0
168 296 0
168 343 0
169 288 0
170 203 0
171 257 0
171 278 0
172 375 0
173 344 0
174 359 0
175 220 0
175 265 0
175 305 0
175 436 0
177 208 0
177 239 0
177 241 0
177 289 0
177 367 0
178 216 0
178 237 0
178 314 0
178 336 0
178 341 0
179 499 0
180 225 0
180 440 0
180 443 0
180 488 0
183 497 0
184 207 0
184 323 0
184 400 0
185 207 0
185 472 0
185 491 0
186 290 0
186 315 0
187 372 0
187 476 0
188 207 0
189 425 0
190 222 0
190 481 0
191 338 0
192 401 0
193 313 0
193 367 0
193 420 0
193 495 0
194 207 0
194 329 0
195 214 0
195 333 0
195 378 0
195 394 0
196 256 0
196 290 0
196 337 0
197 201 0
197 261 0
197 412 0
198 212 0
198 339 0
198 493 0
199 466 0
199 478 0
200 255 0
201 415 0
201 471 0
202 329 0
203 297 0
203 369 0
203 413 0
205 285 0
206 223 0
206 293 0
206 365 0
206 396 0
208 250 0
210 236 0
210 310 0
210 368 0
211 248 0
211 251 0
211 253 0
211 385 0
212 288 0
212 346 0
212 368 0
212 484 0
214 423 0
216 429 0
217 266 0
218 246 0
218 305 0
218 338 0
218 441 0
219 331 0
219 390 0
219 413 0
221 258 0
221 393 0
221 418 0
222 384 0
224 332 0
225 355 0
225 462 0
226 303 0
226 330 0
226 379 0
226 382 0
226 467 0
227 255 0
229 440 0
230 418 0
231 475 0
232 283 0
232 338 0
232 445 0
234 329 0
235 440 0
237 268 0
237 469 0
237 488 0
238 291 0
238 475 0
239 300 0
240 494 0
241 436 0
241 450 0
241 460 0
241 497 0
243 321 0
243 487 0
244 245 0
244 307 0
244 500 0
247 410 0
250 302 0
250 392 0
250 419 0
251 275 0
252 359 0
253 407 0
256 479 0
257 382 0
257 480 0
258 488 0
260 368 0
260 405 0
261 325 0
261 326 0
261 399 0
262 384 0
263 401 0
264 460 0
266 343 0
266 352 0
266 455 0
267 334 0
268 315 0
268 357 0
269 421 0
269 435 0
269 472 0
271 381 0
273 328 0
273 431 0
274 353 0
275 496 0
277 336 0
277 421 0
278 364 0
278 408 0
278 422 0
278 423 0
279 376 0
279 464 0
280 342 0
281 410 0
282 492 0
285 373 0
285 394 0
285 429 0
286 298 0
287 295 0
287 450 0
289 472 0
290 402 0
290 465 0
293 494 0
294 384 0
294 385 0
296 412 0
297 441 0
298 358 0
298 359 0
298 489 0
299 401 0
300 329 0
302 349 0
304 384 0
305 401 0
305 460 0
306 403 0
309 350 0
312 348 0
312 398 0
312 425 0
316 332 0
316 412 0
318 388 0
318 419 0
319 375 0
319 428 0
322 381 0
328 479 0
329 473 0
332 400 0
334 375 0
334 444 0
335 401 0
337 496 0
338 344 0
338 371 0
338 468 0
342 452 0
344 464 0
345 494 0
347 454 0
347 499 0
348 374 0
348 396 0
348 448 0
349 412 0
349 498 0
350 472 0
351 432 0
353 379 0
353 386 0
353 442 0
354 482 0
355 435 0
356 461 0
363 438 0
371 398 0
372 461 0
375 436 0
376 479 0
380 407 0
380 419 0
380 438 0
380 451 0
383 413 0
383 416 0
383 454 0
385 396 0
385 397 0
385 499 0
394 460 0
395 433 0
405 444 0
406 410 0
407 418 0
411 432 0
413 488 0
414 486 0
415 499 0
417 452 0
419 444 0
421 457 0
422 432 0
422 488 0
424 498 0
428 461 0
438 468 0
439 496 0
440 453 0
443 496 0
446 468 0
446 488 0
452 460 0
466 470 0
468 470 0
469 489 0
470 475 0
483 495 0
