140 211 0
1 28 0
1 38 0
2 3 0
2 5 0
2 19 0
2 23 0
2 76 0
2 112 0
3 67 0
3 70 0
3 110 0
3 118 0
4 75 0
5 58 0
5 67 0
5 97 0
5 107 0
5 108 0
5 131 0
6 62 0
6 71 0
6 76 0
6 124 0
7 37 0
7 136 0
8 109 0
8 129 0
9 26 0
9 89 0
10 32 0
10 40 0
10 52 0
11 14 0
12 69 0
13 52 0
13 83 0
14 31 0
14 51 0
14 68 0
15 38 0
15 93 0
15 99 0
15 129 0
15 131 0
16 88 0
17 28 0
17 129 0
18 65 0
18 128 0
20 31 0
20 45 0
20 76 0
20 101 0
21 32 0
22 98 0
24 41 0
24 75 0
24 82 0
24 92 0
24 128 0
25 42 0
25 68 0
25 73 0
25 126 0
26 34 0
26 48 0
26 125 0
26 135 0
27 106 0
27 119 0
27 122 0
28 91 0
28 104 0
29 68 0
29 109 0
29 127 0
29 138 0
30 75 0
30 133 0
31 33 0
31 82 0
32 85 0
32 125 0
32 135 0
33 39 0
33 68 0
33 70 0
33 79 0
33 134 0
34 56 0
35 98 0
36 101 0
36 129 0
36 138 0
37 112 0
37 122 0
38 57 0
38 70 0
38 84 0
39 41 0
39 48 0
39 140 0
40 108 0
41 74 0
41 78 0
41 131 0
43 119 0
44 92 0
45 50 0
45 60 0
45 79 0
46 136 0
47 108 0
48 71 0
48 75 0
48 102 0
48 125 0
49 55 0
49 75 0
51 52 0
52 74 0
52 82 0
52 86 0
52 92 0
52 93 0
53 66 0
53 116 0
54 97 0
55 99 0
55 105 0
56 59 0
58 133 0
59 74 0
59 90 0
59 103 0
61 76 0
61 104 0
63 75 0
64 119 0
65 119 0
66 71 0
66 105 0
66 140 0
68 73 0
68 97 0
68 117 0
68 128 0
69 74 0
69 130 0
69 132 0
70 72 0
70 87 0
70 101 0
71 119 0
72 89 0
72 102 0
72 115 0
72 137 0
74 135 0
77 129 0
78 104 0
78 107 0
78 128 0
78 139 0
79 88 0
79 98 0
80 101 0
80 131 0
81 97 0
82 99 0
83 99 0
83 101 0
85 119 0
85 123 0
86 93 0
87 108 0
87 121 0
88 94 0
88 134 0
89 90 0
89 109 0
91 122 0
91 139 0
92 113 0
92 123 0
94 120 0
95 125 0
95 136 0
96 97 0
97 102 0
97 118 0
97 128 0
98 120 0
99 116 0
100 128 0
102 104 0
102 136 0
102 140 0
104 106 0
104 131 0
105 128 0
107 114 0
107 117 0
107 120 0
110 112 0
111 133 0
115 126 0
118 120 0
121 128 0
122 131 0
125 133 0
