40 60 0
1 3 0
1 16 0
1 25 0
1 33 0
2 7 0
2 14 0
3 11 0
3 24 0
4 6 0
4 13 0
4 40 0
5 11 0
5 12 0
5 13 0
5 17 0
5 22 0
5 24 0
5 33 0
5 38 0
6 8 0
6 28 0
6 40 0
7 8 0
8 11 0
8 20 0
9 16 0
10 11 0
10 22 0
10 25 0
10 31 0
10 34 0
10 36 0
11 37 0
14 18 0
14 24 0
14 27 0
14 39 0
15 23 0
16 17 0
16 37 0
16 38 0
17 37 0
18 23 0
18 39 0
19 25 0
20 29 0
21 33 0
22 29 0
23 24 0
23 28 0
23 30 0
24 40 0
25 35 0
25 36 0
26 40 0
27 40 0
29 33 0
31 37 0
32 33 0
34 40 0
