600 787 0
1 27 0
2 35 0
2 117 0
2 316 0
2 464 0
2 544 0
2 585 0
3 76 0
3 81 0
3 252 0
3 254 0
4 545 0
5 119 0
6 414 0
7 254 0
8 276 0
9 189 0
10 180 0
11 565 0
12 262 0
13 189 0
14 467 0
15 24 0
15 32 0
15 308 0
16 220 0
17 57 0
17 220 0
17 497 0
18 188 0
19 48 0
19 123 0
19 323 0
19 593 0
20 549 0
21 454 0
22 37 0
23 287 0
24 41 0
24 53 0
24 117 0
24 529 0
25 285 0
26 223 0
26 250 0
26 294 0
26 388 0
27 77 0
27 122 0
27 198 0
28 69 0
28 236 0
28 531 0
28 562 0
29 84 0
29 227 0
29 545 0
30 34 0
30 134 0
30 361 0
30 412 0
31 139 0
31 199 0
31 369 0
31 385 0
31 470 0
32 173 0
32 289 0
32 336 0
32 415 0
33 161 0
34 36 0
34 89 0
34 587 0
35 250 0
35 364 0
35 470 0
35 567 0
36 141 0
36 322 0
36 369 0
36 401 0
36 447 0
37 63 0
37 129 0
37 401 0
37 540 0
38 101 0
38 108 0
38 329 0
39 87 0
39 115 0
39 120 0
39 313 0
40 317 0
40 402 0
40 467 0
41 68 0
41 282 0
41 360 0
41 520 0
42 534 0
43 467 0
44 254 0
45 86 0
45 136 0
45 359 0
45 381 0
45 528 0
46 390 0
47 67 0
47 105 0
47 442 0
47 446 0
48 84 0
48 148 0
48 149 0
48 302 0
49 83 0
49 90 0
49 132 0
49 168 0
49 558 0
49 579 0
50 468 0
51 99 0
51 410 0
51 424 0
51 469 0
52 180 0
52 254 0
52 563 0
54 240 0
54 431 0
54 434 0
54 460 0
54 471 0
54 548 0
55 370 0
56 148 0
56 242 0
56 249 0
56 436 0
57 104 0
57 146 0
57 283 0
57 354 0
57 600 0
58 159 0
58 207 0
58 395 0
59 110 0
60 66 0
60 175 0
60 408 0
60 421 0
61 131 0
61 148 0
61 514 0
62 309 0
63 286 0
63 390 0
63 512 0
64 263 0
65 166 0
67 154 0
67 300 0
67 310 0
67 374 0
67 411 0
67 439 0
68 303 0
68 315 0
69 439 0
69 565 0
70 491 0
71 174 0
71 198 0
71 504 0
71 534 0
72 161 0
72 222 0
72 258 0
72 336 0
72 455 0
73 592 0
74 315 0
75 370 0
76 169 0
76 249 0
76 482 0
77 254 0
77 504 0
78 366 0
78 436 0
78 467 0
78 564 0
78 597 0
79 406 0
80 262 0
81 454 0
81 479 0
81 501 0
81 529 0
82 112 0
83 180 0
83 359 0
84 225 0
84 296 0
84 516 0
84 554 0
85 570 0
87 133 0
87 180 0
87 477 0
88 144 0
88 333 0
88 434 0
88 448 0
88 506 0
89 297 0
89 302 0
89 463 0
89 490 0
91 371 0
91 414 0
91 597 0
92 149 0
92 159 0
92 223 0
92 573 0
92 584 0
93 584 0
94 276 0
95 287 0
96 504 0
97 357 0
97 561 0
97 570 0
97 599 0
98 248 0
98 454 0
98 496 0
99 189 0
99 196 0
99 259 0
100 214 0
100 216 0
100 334 0
100 338 0
100 512 0
101 123 0
101 163 0
101 306 0
101 341 0
101 563 0
102 539 0
103 201 0
104 309 0
104 369 0
104 370 0
104 395 0
106 378 0
107 222 0
107 229 0
107 352 0
107 449 0
108 116 0
108 131 0
108 185 0
108 326 0
109 436 0
110 190 0
110 486 0
110 498 0
110 537 0
111 151 0
112 260 0
112 351 0
112 512 0
113 166 0
114 440 0
115 228 0
115 249 0
117 302 0
117 453 0
118 390 0
119 411 0
119 452 0
119 465 0
120 220 0
120 428 0
121 570 0
123 451 0
124 148 0
125 467 0
126 573 0
127 184 0
127 379 0
127 551 0
127 552 0
128 316 0
129 230 0
129 235 0
129 310 0
129 336 0
130 162 0
131 478 0
131 528 0
132 420 0
132 497 0
132 509 0
133 137 0
133 264 0
133 311 0
133 354 0
133 382 0
133 487 0
135 150 0
135 300 0
135 331 0
135 416 0
135 427 0
138 504 0
139 271 0
139 597 0
140 213 0
140 264 0
140 346 0
140 365 0
142 439 0
143 176 0
144 230 0
144 509 0
145 201 0
147 518 0
148 359 0
148 375 0
149 250 0
149 466 0
150 285 0
150 396 0
150 428 0
150 429 0
150 592 0
151 211 0
151 330 0
151 421 0
152 509 0
153 328 0
154 155 0
154 251 0
154 342 0
156 425 0
157 192 0
157 200 0
157 280 0
157 296 0
157 387 0
158 159 0
158 420 0
158 435 0
159 179 0
160 261 0
160 326 0
160 349 0
160 543 0
161 239 0
161 247 0
161 325 0
161 466 0
162 295 0
162 337 0
162 348 0
162 403 0
163 188 0
163 532 0
164 436 0
165 285 0
166 465 0
166 515 0
167 304 0
167 388 0
167 429 0
167 597 0
170 307 0
170 310 0
170 388 0
170 418 0
170 497 0
171 315 0
172 256 0
172 329 0
172 392 0
174 235 0
174 532 0
176 278 0
176 325 0
176 466 0
177 204 0
177 213 0
177 281 0
177 430 0
178 216 0
178 255 0
178 276 0
178 549 0
181 526 0
182 395 0
182 549 0
182 582 0
182 594 0
183 271 0
183 296 0
183 541 0
186 194 0
187 564 0
188 270 0
188 483 0
188 551 0
189 600 0
191 402 0
193 266 0
193 290 0
193 372 0
193 418 0
193 449 0
194 391 0
194 434 0
194 542 0
195 404 0
196 213 0
196 479 0
196 486 0
197 269 0
197 371 0
197 439 0
198 402 0
198 491 0
198 597 0
199 395 0
199 437 0
199 514 0
200 272 0
200 404 0
200 497 0
201 212 0
201 243 0
202 230 0
203 406 0
205 441 0
206 390 0
207 208 0
207 393 0
207 517 0
207 576 0
209 564 0
210 599 0
213 262 0
215 425 0
216 436 0
216 508 0
217 362 0
217 426 0
217 549 0
218 544 0
219 420 0
220 347 0
220 438 0
220 525 0
221 384 0
222 463 0
223 360 0
224 475 0
226 441 0
227 481 0
227 505 0
227 508 0
227 511 0
227 589 0
228 300 0
228 366 0
228 374 0
228 435 0
230 265 0
230 341 0
230 498 0
231 570 0
232 440 0
233 433 0
234 263 0
235 333 0
235 418 0
235 455 0
235 527 0
237 343 0
237 407 0
237 413 0
237 591 0
238 269 0
241 308 0
242 243 0
242 356 0
242 480 0
243 497 0
243 532 0
243 581 0
244 407 0
244 491 0
244 561 0
245 360 0
246 315 0
249 307 0
250 587 0
252 474 0
252 522 0
252 553 0
253 541 0
254 355 0
254 460 0
255 368 0
255 500 0
255 530 0
255 576 0
256 401 0
256 435 0
256 482 0
256 535 0
256 567 0
256 600 0
257 263 0
258 292 0
258 348 0
258 470 0
258 555 0
259 339 0
259 422 0
259 590 0
262 450 0
263 366 0
263 486 0
264 294 0
266 303 0
266 306 0
267 532 0
268 565 0
269 306 0
269 409 0
269 536 0
269 581 0
271 360 0
271 374 0
271 470 0
271 582 0
272 274 0
272 279 0
272 398 0
273 534 0
274 395 0
274 470 0
275 557 0
276 381 0
276 415 0
276 519 0
277 285 0
281 328 0
281 390 0
282 294 0
282 306 0
282 368 0
282 407 0
284 478 0
286 296 0
286 585 0
287 397 0
287 403 0
288 599 0
291 453 0
293 327 0
293 359 0
293 371 0
293 443 0
293 462 0
294 395 0
294 477 0
296 528 0
298 433 0
299 311 0
299 367 0
299 488 0
299 596 0
301 468 0
303 495 0
303 501 0
304 421 0
304 434 0
304 481 0
305 573 0
306 464 0
306 565 0
307 415 0
307 465 0
307 596 0
308 399 0
308 449 0
308 511 0
309 354 0
309 358 0
310 435 0
311 584 0
312 357 0
312 381 0
312 420 0
314 475 0
315 512 0
316 550 0
316 571 0
317 350 0
317 435 0
317 489 0
317 580 0
318 585 0
319 520 0
320 426 0
321 509 0
324 414 0
325 398 0
325 511 0
325 557 0
326 357 0
326 547 0
328 355 0
328 415 0
328 464 0
328 523 0
329 355 0
329 501 0
329 583 0
332 491 0
333 434 0
335 504 0
336 557 0
340 420 0
341 398 0
342 453 0
342 564 0
344 520 0
345 594 0
348 478 0
353 544 0
357 403 0
357 479 0
360 575 0
362 437 0
362 455 0
362 503 0
362 525 0
362 533 0
363 433 0
364 384 0
364 390 0
364 458 0
368 425 0
370 524 0
371 406 0
371 429 0
371 451 0
371 557 0
371 558 0
373 526 0
376 378 0
377 426 0
378 569 0
378 576 0
380 404 0
381 477 0
381 568 0
383 545 0
384 387 0
384 510 0
384 581 0
386 403 0
386 514 0
386 561 0
387 532 0
388 479 0
389 526 0
390 563 0
392 401 0
392 439 0
392 458 0
394 557 0
395 528 0
396 402 0
396 514 0
398 403 0
400 573 0
402 461 0
403 440 0
404 428 0
405 582 0
406 546 0
407 453 0
407 545 0
410 455 0
410 460 0
411 498 0
414 508 0
414 596 0
415 463 0
417 484 0
419 439 0
420 451 0
421 441 0
423 458 0
425 551 0
425 567 0
426 486 0
426 595 0
428 528 0
429 437 0
429 551 0
431 475 0
431 570 0
432 594 0
433 528 0
440 559 0
441 476 0
444 520 0
445 541 0
449 477 0
451 518 0
453 456 0
453 538 0
454 558 0
457 468 0
458 586 0
459 547 0
460 491 0
463 484 0
465 468 0
466 483 0
466 484 0
467 591 0
470 514 0
472 561 0
473 565 0
475 481 0
477 512 0
478 531 0
481 534 0
482 557 0
483 491 0
484 556 0
485 547 0
491 591 0
492 599 0
493 592 0
494 592 0
498 512 0
499 585 0
501 518 0
502 582 0
504 596 0
507 561 0
509 588 0
513 547 0
518 572 0
520 529 0
521 549 0
523 532 0
523 599 0
525 541 0
525 597 0
526 528 0
531 539 0
531 587 0
539 566 0
539 568 0
544 577 0
560 594 0
563 592 0
564 578 0
568 585 0
574 584 0
576 587 0
584 598 0
