1000 1047 0
1 388 0
1 474 0
1 678 0
1 874 0
2 97 0
3 404 0
4 492 0
5 979 0
6 225 0
7 470 0
8 677 0
9 603 0
10 625 0
11 294 0
12 17 0
13 709 0
14 165 0
14 323 0
14 403 0
14 849 0
15 823 0
16 798 0
17 248 0
17 286 0
17 327 0
17 902 0
18 202 0
18 531 0
18 721 0
18 928 0
19 257 0
19 446 0
19 533 0
19 683 0
20 469 0
20 504 0
20 737 0
20 878 0
21 309 0
21 664 0
21 685 0
21 871 0
22 961 0
23 793 0
24 65 0
24 519 0
24 782 0
24 1000 0
25 805 0
26 279 0
27 189 0
28 440 0
29 208 0
30 429 0
30 590 0
30 667 0
30 732 0
31 101 0
31 634 0
31 839 0
31 946 0
32 209 0
32 249 0
32 370 0
32 608 0
32 739 0
33 116 0
33 346 0
33 849 0
33 885 0
34 753 0
35 300 0
36 316 0
36 665 0
36 804 0
36 958 0
37 121 0
37 356 0
37 500 0
37 936 0
38 171 0
39 259 0
39 303 0
39 704 0
39 921 0
40 687 0
41 380 0
42 492 0
43 603 0
44 866 0
45 342 0
46 652 0
47 263 0
48 614 0
48 726 0
48 987 0
49 228 0
50 87 0
50 114 0
50 553 0
50 834 0
51 521 0
52 210 0
52 487 0
52 567 0
52 574 0
53 796 0
54 56 0
55 903 0
56 222 0
56 582 0
56 811 0
57 622 0
58 591 0
59 852 0
60 538 0
61 463 0
62 691 0
62 791 0
62 884 0
62 988 0
63 663 0
64 136 0
66 233 0
66 764 0
66 806 0
66 818 0
67 145 0
67 554 0
67 586 0
68 837 0
69 313 0
70 509 0
70 697 0
70 861 0
70 972 0
71 170 0
72 497 0
73 216 0
73 340 0
73 486 0
73 923 0
74 196 0
74 426 0
74 738 0
74 889 0
75 497 0
76 204 0
77 87 0
77 248 0
77 462 0
77 509 0
78 141 0
78 332 0
78 395 0
78 800 0
79 560 0
80 354 0
81 99 0
81 322 0
81 358 0
81 754 0
82 446 0
83 674 0
84 554 0
85 353 0
86 214 0
87 291 0
87 987 0
88 231 0
89 664 0
89 724 0
89 890 0
89 931 0
90 916 0
91 586 0
92 184 0
93 278 0
93 392 0
93 462 0
93 719 0
94 380 0
95 305 0
96 927 0
97 490 0
97 898 0
97 964 0
98 211 0
100 756 0
101 318 0
101 324 0
101 612 0
102 816 0
103 505 0
104 694 0
105 277 0
106 204 0
107 113 0
107 421 0
107 503 0
107 725 0
108 860 0
109 145 0
110 231 0
111 201 0
112 652 0
114 497 0
114 502 0
114 631 0
115 418 0
117 611 0
118 643 0
118 708 0
118 789 0
118 904 0
119 783 0
120 199 0
120 526 0
120 619 0
120 968 0
122 599 0
123 277 0
124 473 0
124 620 0
124 796 0
125 656 0
126 361 0
126 482 0
126 494 0
126 744 0
127 422 0
128 575 0
129 468 0
130 174 0
130 566 0
130 673 0
130 876 0
131 300 0
132 451 0
133 960 0
134 589 0
135 825 0
136 679 0
136 699 0
136 708 0
137 197 0
138 842 0
139 574 0
139 666 0
139 863 0
140 860 0
141 291 0
141 420 0
141 899 0
142 342 0
143 741 0
144 798 0
145 152 0
145 394 0
145 648 0
146 508 0
147 470 0
148 257 0
148 469 0
148 709 0
149 365 0
150 666 0
151 228 0
153 237 0
154 848 0
155 979 0
156 330 0
156 518 0
156 586 0
156 756 0
157 201 0
158 220 0
159 226 0
160 342 0
160 694 0
160 723 0
161 318 0
161 671 0
161 726 0
161 832 0
162 828 0
163 850 0
164 796 0
166 200 0
167 623 0
168 218 0
169 856 0
170 241 0
170 276 0
170 928 0
171 360 0
171 582 0
171 787 0
172 869 0
173 722 0
175 796 0
176 899 0
177 736 0
178 310 0
179 182 0
179 338 0
179 706 0
179 931 0
180 216 0
180 810 0
180 826 0
180 908 0
181 707 0
183 477 0
184 494 0
184 555 0
184 917 0
185 924 0
186 894 0
187 411 0
188 273 0
189 235 0
189 425 0
189 617 0
190 469 0
190 640 0
190 730 0
190 836 0
191 590 0
192 273 0
193 589 0
194 888 0
195 448 0
196 687 0
196 765 0
196 768 0
197 462 0
197 495 0
197 579 0
198 858 0
200 351 0
200 546 0
200 571 0
201 216 0
201 601 0
203 225 0
203 350 0
203 870 0
203 875 0
204 561 0
204 755 0
205 468 0
206 429 0
207 554 0
208 373 0
208 513 0
208 898 0
209 722 0
209 736 0
210 550 0
210 613 0
210 655 0
211 632 0
211 771 0
211 992 0
212 380 0
213 304 0
214 596 0
214 651 0
214 691 0
215 358 0
215 691 0
215 909 0
215 968 0
216 461 0
217 677 0
218 302 0
218 746 0
218 868 0
219 304 0
220 427 0
220 512 0
220 879 0
221 231 0
223 645 0
224 487 0
225 245 0
225 306 0
226 438 0
226 481 0
226 937 0
227 870 0
228 264 0
228 762 0
229 508 0
230 265 0
230 365 0
230 526 0
230 671 0
230 906 0
231 872 0
232 314 0
232 484 0
232 501 0
232 676 0
233 402 0
233 722 0
233 875 0
234 684 0
235 480 0
235 505 0
235 683 0
236 593 0
236 664 0
236 907 0
236 941 0
237 352 0
237 400 0
237 630 0
238 588 0
239 423 0
239 474 0
239 986 0
239 998 0
240 289 0
240 498 0
240 780 0
240 871 0
240 901 0
242 995 0
243 428 0
243 623 0
243 832 0
243 960 0
244 960 0
246 732 0
247 611 0
248 576 0
248 924 0
250 272 0
250 355 0
250 770 0
250 955 0
251 595 0
252 653 0
253 310 0
254 354 0
255 273 0
256 899 0
257 545 0
257 548 0
257 835 0
258 365 0
260 823 0
261 855 0
262 421 0
262 724 0
262 773 0
262 978 0
263 282 0
263 387 0
263 495 0
263 835 0
263 919 0
265 349 0
265 435 0
265 817 0
266 324 0
267 595 0
268 891 0
269 666 0
270 940 0
271 465 0
273 284 0
274 828 0
275 882 0
277 704 0
277 954 0
279 488 0
279 496 0
279 1000 0
280 866 0
281 837 0
282 383 0
282 711 0
282 821 0
283 882 0
284 458 0
284 616 0
284 650 0
284 770 0
285 411 0
286 657 0
286 753 0
287 295 0
287 398 0
287 506 0
287 584 0
287 893 0
288 735 0
289 453 0
289 663 0
289 844 0
289 888 0
290 422 0
291 701 0
291 704 0
292 635 0
293 687 0
294 546 0
294 647 0
294 939 0
296 383 0
297 614 0
297 650 0
297 667 0
297 683 0
298 599 0
299 591 0
300 397 0
300 794 0
301 801 0
304 541 0
304 553 0
305 394 0
305 670 0
305 864 0
307 734 0
307 735 0
307 837 0
307 875 0
308 605 0
310 804 0
310 887 0
311 622 0
312 776 0
313 459 0
313 509 0
313 544 0
313 984 0
314 653 0
314 821 0
314 823 0
315 682 0
315 723 0
315 822 0
315 973 0
317 599 0
318 494 0
318 950 0
319 870 0
320 729 0
321 616 0
324 846 0
324 926 0
325 858 0
326 350 0
328 965 0
329 595 0
329 765 0
329 842 0
329 961 0
330 394 0
330 630 0
330 911 0
331 856 0
333 776 0
334 656 0
335 448 0
336 848 0
337 568 0
339 735 0
341 561 0
341 644 0
341 761 0
341 859 0
342 872 0
342 929 0
343 674 0
344 653 0
345 518 0
347 709 0
348 468 0
350 696 0
350 733 0
353 358 0
353 522 0
353 779 0
354 369 0
354 931 0
355 463 0
355 667 0
355 783 0
357 480 0
358 422 0
359 860 0
362 381 0
363 961 0
364 461 0
364 614 0
364 620 0
364 821 0
365 740 0
366 631 0
367 745 0
368 382 0
371 477 0
372 709 0
374 692 0
375 991 0
376 690 0
377 440 0
378 768 0
379 894 0
380 992 0
381 535 0
381 747 0
381 978 0
382 532 0
382 583 0
382 849 0
383 627 0
383 813 0
384 590 0
385 405 0
385 546 0
385 751 0
385 985 0
386 516 0
389 891 0
390 483 0
391 979 0
393 735 0
394 661 0
396 402 0
399 476 0
401 940 0
402 542 0
402 759 0
404 608 0
404 688 0
404 790 0
404 844 0
406 736 0
407 654 0
407 881 0
407 950 0
407 956 0
408 631 0
409 437 0
410 487 0
411 511 0
411 527 0
412 533 0
413 560 0
414 848 0
415 900 0
416 446 0
417 521 0
418 495 0
418 527 0
418 637 0
418 905 0
419 781 0
420 434 0
420 464 0
420 942 0
421 524 0
421 891 0
422 537 0
424 538 0
428 563 0
428 585 0
428 993 0
429 728 0
429 731 0
430 645 0
430 694 0
430 753 0
430 775 0
431 965 0
432 900 0
433 458 0
436 463 0
437 746 0
437 784 0
437 938 0
439 690 0
440 552 0
440 978 0
441 568 0
441 614 0
441 680 0
442 894 0
443 540 0
444 477 0
444 483 0
444 575 0
444 638 0
445 837 0
446 557 0
447 916 0
448 773 0
448 792 0
449 589 0
450 465 0
451 493 0
451 547 0
451 834 0
452 991 0
453 546 0
453 673 0
453 909 0
454 567 0
455 960 0
456 778 0
457 916 0
458 662 0
458 967 0
460 888 0
461 708 0
461 981 0
462 589 0
463 471 0
465 604 0
465 863 0
466 869 0
467 611 0
467 801 0
467 812 0
467 913 0
468 723 0
469 544 0
469 622 0
469 775 0
470 512 0
470 573 0
472 855 0
473 877 0
473 883 0
473 992 0
474 775 0
474 814 0
475 698 0
476 608 0
476 659 0
476 710 0
476 818 0
477 628 0
478 753 0
479 502 0
480 598 0
480 840 0
483 712 0
483 785 0
485 734 0
487 491 0
489 805 0
492 506 0
492 922 0
494 805 0
497 845 0
499 629 0
499 701 0
499 760 0
499 808 0
499 833 0
502 607 0
502 658 0
505 564 0
505 693 0
506 638 0
506 707 0
507 927 0
508 713 0
508 981 0
509 736 0
510 635 0
512 570 0
512 745 0
514 842 0
515 694 0
516 528 0
516 672 0
516 774 0
517 816 0
518 847 0
518 897 0
520 533 0
521 773 0
521 943 0
523 528 0
523 582 0
523 680 0
523 794 0
524 565 0
524 710 0
524 949 0
524 999 0
525 778 0
526 783 0
527 652 0
527 832 0
528 940 0
528 979 0
529 812 0
530 621 0
533 795 0
534 812 0
536 814 0
538 582 0
538 752 0
539 560 0
540 602 0
540 630 0
540 824 0
543 595 0
544 850 0
549 906 0
551 924 0
553 632 0
553 855 0
553 894 0
554 853 0
554 890 0
556 698 0
558 734 0
559 781 0
560 794 0
561 671 0
561 729 0
562 576 0
567 935 0
567 969 0
568 691 0
568 925 0
569 639 0
570 680 0
570 928 0
570 952 0
572 745 0
574 614 0
574 804 0
574 936 0
575 702 0
575 933 0
576 660 0
576 934 0
577 717 0
578 674 0
580 882 0
581 888 0
586 830 0
587 707 0
588 772 0
588 794 0
588 841 0
590 994 0
591 716 0
591 936 0
592 781 0
594 825 0
597 687 0
599 762 0
600 623 0
603 649 0
603 746 0
605 910 0
605 937 0
605 959 0
606 661 0
608 620 0
609 870 0
610 645 0
611 715 0
612 749 0
612 857 0
612 980 0
615 850 0
616 686 0
616 871 0
616 997 0
618 736 0
620 762 0
620 849 0
621 880 0
621 920 0
621 978 0
622 668 0
623 918 0
624 867 0
625 835 0
625 912 0
625 952 0
626 867 0
629 812 0
629 995 0
630 639 0
631 966 0
632 722 0
633 756 0
635 989 0
635 1000 0
636 692 0
638 723 0
638 911 0
639 893 0
639 990 0
641 734 0
642 768 0
645 750 0
646 995 0
650 827 0
650 872 0
652 720 0
653 669 0
653 710 0
656 815 0
656 890 0
657 667 0
657 698 0
657 798 0
657 816 0
661 700 0
661 971 0
663 767 0
663 799 0
664 709 0
665 775 0
665 924 0
666 827 0
671 863 0
673 927 0
673 995 0
674 931 0
675 677 0
677 708 0
680 913 0
680 987 0
681 778 0
683 1000 0
684 766 0
684 863 0
684 892 0
689 729 0
690 797 0
690 827 0
692 820 0
692 968 0
695 852 0
698 769 0
701 717 0
701 793 0
703 776 0
704 852 0
705 783 0
707 977 0
714 812 0
717 843 0
717 945 0
718 816 0
722 818 0
722 915 0
723 850 0
724 726 0
724 775 0
726 911 0
727 793 0
729 819 0
732 851 0
732 976 0
741 809 0
741 936 0
741 982 0
742 801 0
743 773 0
743 788 0
743 854 0
743 886 0
745 962 0
746 913 0
748 903 0
756 770 0
756 777 0
757 793 0
758 801 0
762 860 0
763 783 0
765 911 0
765 937 0
768 974 0
776 827 0
778 928 0
781 863 0
786 924 0
793 983 0
796 981 0
798 844 0
802 961 0
803 900 0
804 858 0
805 895 0
807 852 0
814 930 0
814 948 0
821 866 0
823 932 0
825 834 0
825 944 0
828 947 0
828 950 0
829 842 0
831 903 0
832 992 0
834 900 0
838 866 0
845 856 0
845 860 0
848 952 0
855 983 0
856 951 0
856 968 0
858 914 0
862 891 0
865 867 0
867 952 0
869 950 0
869 953 0
872 882 0
873 927 0
875 909 0
890 903 0
893 940 0
896 940 0
898 913 0
898 965 0
899 975 0
900 999 0
906 963 0
906 970 0
909 987 0
916 937 0
931 983 0
957 965 0
981 991 0
987 999 0
991 996 0
