160 257 0
1 127 0
2 38 0
2 58 0
2 68 0
2 95 0
2 116 0
3 76 0
3 125 0
4 6 0
4 15 0
4 72 0
4 88 0
4 121 0
5 21 0
6 86 0
6 87 0
6 117 0
6 131 0
7 131 0
7 139 0
7 144 0
8 42 0
8 67 0
8 152 0
9 16 0
9 44 0
9 60 0
9 113 0
9 126 0
10 92 0
11 88 0
12 14 0
12 146 0
13 125 0
14 28 0
14 42 0
15 53 0
15 102 0
15 156 0
15 158 0
16 63 0
16 138 0
17 21 0
17 65 0
17 99 0
17 100 0
18 35 0
18 52 0
18 83 0
18 97 0
18 148 0
18 155 0
19 113 0
19 122 0
20 46 0
20 50 0
20 65 0
20 138 0
20 157 0
21 43 0
21 76 0
21 78 0
22 73 0
22 105 0
22 118 0
22 131 0
23 121 0
24 27 0
24 100 0
25 130 0
26 154 0
27 118 0
28 30 0
28 45 0
28 56 0
28 104 0
28 110 0
28 148 0
29 40 0
29 44 0
29 81 0
29 110 0
29 122 0
29 123 0
31 138 0
32 45 0
32 104 0
32 140 0
33 65 0
33 95 0
34 83 0
35 46 0
35 53 0
35 65 0
35 72 0
35 83 0
35 119 0
36 135 0
37 88 0
37 115 0
38 73 0
38 133 0
38 139 0
38 154 0
39 80 0
40 132 0
41 42 0
41 107 0
42 44 0
42 140 0
43 84 0
43 99 0
43 119 0
44 72 0
45 102 0
46 47 0
46 89 0
46 98 0
47 97 0
47 120 0
48 92 0
48 146 0
49 130 0
50 90 0
50 115 0
51 140 0
52 73 0
52 76 0
52 99 0
53 132 0
54 140 0
54 143 0
55 62 0
55 85 0
55 98 0
55 139 0
56 58 0
56 75 0
57 144 0
57 154 0
58 89 0
58 124 0
59 94 0
59 135 0
60 130 0
60 158 0
61 65 0
61 119 0
61 148 0
62 75 0
62 96 0
62 140 0
62 153 0
63 64 0
63 124 0
63 141 0
63 150 0
65 69 0
65 94 0
65 97 0
65 109 0
66 146 0
67 123 0
68 122 0
68 137 0
69 98 0
69 120 0
70 134 0
70 135 0
70 138 0
71 105 0
71 153 0
72 99 0
72 114 0
73 120 0
73 129 0
74 118 0
74 120 0
75 84 0
75 111 0
76 88 0
77 122 0
77 132 0
78 151 0
78 159 0
79 90 0
80 84 0
80 86 0
80 107 0
81 105 0
82 105 0
82 121 0
82 130 0
82 159 0
83 91 0
83 108 0
84 125 0
84 132 0
85 92 0
87 119 0
88 134 0
88 135 0
88 153 0
89 131 0
89 134 0
90 93 0
90 94 0
90 150 0
91 145 0
92 119 0
92 160 0
93 122 0
93 134 0
94 134 0
96 127 0
99 150 0
100 120 0
100 129 0
100 135 0
101 143 0
102 128 0
103 115 0
105 145 0
105 149 0
106 123 0
108 142 0
109 153 0
109 154 0
112 139 0
114 130 0
114 143 0
114 152 0
115 155 0
117 152 0
118 142 0
119 125 0
120 122 0
120 140 0
121 128 0
121 144 0
123 148 0
123 151 0
124 129 0
125 133 0
125 151 0
127 150 0
127 157 0
131 147 0
132 138 0
135 148 0
136 143 0
136 158 0
137 152 0
138 155 0
140 159 0
146 155 0
152 158 0
