140 157 0
1 42 0
2 84 0
3 4 0
3 36 0
3 43 0
3 82 0
4 13 0
4 44 0
4 79 0
4 96 0
5 82 0
6 51 0
6 120 0
7 128 0
8 107 0
9 56 0
10 112 0
11 34 0
11 44 0
11 70 0
11 135 0
12 119 0
13 47 0
13 132 0
14 61 0
15 61 0
16 84 0
17 26 0
17 124 0
18 113 0
19 51 0
20 47 0
20 59 0
20 69 0
20 137 0
21 29 0
21 89 0
22 119 0
23 107 0
24 51 0
25 113 0
26 128 0
27 129 0
28 43 0
28 51 0
28 56 0
28 89 0
29 140 0
30 42 0
31 60 0
31 65 0
31 91 0
31 129 0
32 123 0
33 89 0
34 35 0
35 127 0
36 76 0
36 78 0
36 98 0
37 43 0
37 48 0
37 63 0
38 102 0
39 87 0
39 106 0
40 82 0
41 89 0
42 47 0
42 105 0
43 65 0
43 91 0
44 91 0
44 107 0
44 119 0
45 53 0
46 56 0
46 137 0
47 48 0
47 101 0
47 122 0
48 49 0
48 64 0
49 84 0
49 128 0
49 132 0
50 111 0
52 92 0
52 93 0
52 116 0
52 134 0
53 64 0
53 118 0
53 126 0
54 124 0
55 102 0
56 86 0
57 123 0
58 106 0
58 112 0
61 62 0
61 85 0
62 91 0
62 123 0
62 127 0
63 72 0
63 133 0
63 134 0
64 124 0
64 140 0
66 122 0
67 132 0
68 125 0
71 87 0
72 111 0
72 113 0
72 125 0
73 83 0
74 87 0
75 84 0
75 90 0
77 113 0
79 123 0
80 124 0
81 112 0
82 104 0
83 103 0
83 134 0
83 139 0
84 85 0
87 90 0
87 134 0
88 140 0
93 108 0
94 125 0
95 127 0
97 111 0
97 126 0
99 119 0
100 106 0
101 102 0
102 133 0
106 133 0
107 120 0
108 111 0
109 122 0
110 125 0
112 130 0
112 133 0
114 132 0
115 132 0
117 123 0
119 137 0
121 128 0
122 136 0
127 138 0
131 140 0
