400 519 0
1 295 0
2 23 0
2 74 0
2 277 0
2 357 0
3 26 0
3 161 0
4 85 0
4 113 0
4 149 0
4 395 0
5 26 0
6 69 0
6 97 0
6 196 0
6 331 0
7 50 0
7 93 0
7 317 0
7 320 0
7 352 0
8 35 0
8 37 0
8 105 0
8 166 0
8 186 0
8 393 0
9 153 0
9 271 0
9 327 0
9 380 0
10 71 0
10 197 0
10 200 0
10 203 0
10 238 0
10 274 0
10 331 0
11 17 0
11 20 0
12 41 0
12 359 0
13 25 0
13 29 0
13 193 0
13 267 0
13 294 0
13 390 0
14 320 0
15 125 0
15 331 0
15 338 0
15 340 0
16 67 0
17 92 0
17 173 0
17 280 0
17 308 0
18 75 0
18 163 0
18 228 0
18 264 0
19 250 0
20 104 0
20 185 0
20 235 0
20 362 0
21 38 0
21 62 0
21 78 0
21 103 0
21 157 0
21 186 0
21 387 0
22 88 0
22 93 0
22 190 0
22 294 0
23 339 0
24 82 0
24 133 0
24 274 0
24 360 0
25 243 0
25 263 0
25 280 0
25 326 0
26 124 0
26 266 0
26 392 0
27 293 0
27 309 0
28 36 0
29 36 0
30 116 0
30 310 0
30 334 0
30 396 0
31 241 0
32 315 0
33 89 0
33 364 0
34 112 0
34 166 0
35 119 0
35 181 0
35 351 0
36 239 0
36 264 0
37 352 0
39 235 0
40 99 0
40 111 0
40 132 0
40 330 0
40 339 0
40 364 0
41 77 0
42 191 0
42 246 0
42 303 0
42 356 0
42 388 0
43 369 0
44 302 0
44 367 0
45 339 0
46 135 0
46 144 0
46 151 0
46 234 0
46 245 0
46 330 0
47 295 0
47 309 0
48 61 0
48 335 0
48 358 0
48 390 0
49 352 0
50 116 0
50 140 0
50 148 0
50 187 0
51 108 0
51 199 0
51 275 0
51 293 0
51 318 0
52 344 0
53 138 0
54 104 0
55 142 0
56 177 0
56 189 0
56 216 0
56 238 0
56 247 0
57 258 0
58 130 0
58 141 0
58 151 0
58 230 0
58 247 0
58 258 0
59 272 0
60 86 0
60 151 0
62 114 0
62 121 0
62 131 0
62 195 0
62 198 0
63 229 0
64 115 0
64 184 0
64 294 0
64 295 0
64 382 0
65 395 0
66 128 0
67 137 0
67 141 0
67 298 0
68 160 0
69 334 0
70 74 0
71 115 0
71 128 0
71 249 0
71 253 0
71 332 0
71 337 0
72 337 0
73 130 0
73 267 0
73 272 0
74 183 0
74 192 0
74 287 0
74 296 0
76 329 0
77 141 0
77 174 0
77 322 0
78 94 0
78 203 0
78 272 0
79 138 0
79 318 0
80 115 0
81 382 0
83 268 0
83 315 0
83 376 0
84 229 0
85 116 0
85 121 0
85 130 0
86 212 0
86 257 0
86 265 0
86 301 0
87 132 0
88 124 0
88 264 0
88 269 0
89 312 0
89 343 0
90 171 0
90 340 0
91 153 0
91 207 0
91 284 0
91 379 0
92 314 0
93 194 0
93 278 0
93 287 0
94 209 0
94 253 0
94 304 0
95 102 0
95 175 0
95 212 0
95 246 0
95 318 0
96 203 0
96 371 0
98 349 0
99 255 0
100 255 0
100 324 0
101 262 0
104 165 0
104 204 0
105 114 0
106 140 0
106 330 0
107 193 0
108 127 0
109 330 0
110 200 0
110 364 0
111 230 0
111 301 0
111 353 0
112 145 0
112 273 0
112 353 0
113 134 0
113 150 0
113 164 0
114 132 0
115 223 0
115 276 0
115 367 0
116 224 0
116 309 0
117 154 0
117 208 0
117 363 0
117 391 0
118 160 0
119 230 0
119 318 0
119 390 0
120 219 0
121 329 0
121 349 0
122 355 0
123 184 0
124 359 0
124 369 0
126 128 0
126 316 0
127 249 0
127 276 0
127 318 0
127 376 0
128 270 0
129 194 0
129 286 0
129 375 0
129 399 0
130 190 0
130 203 0
132 207 0
132 318 0
132 378 0
136 332 0
138 246 0
138 291 0
139 332 0
141 147 0
141 306 0
141 391 0
142 151 0
142 296 0
142 381 0
143 278 0
146 315 0
147 215 0
147 300 0
147 372 0
149 159 0
149 225 0
149 311 0
150 344 0
151 180 0
152 278 0
153 294 0
153 343 0
154 331 0
155 285 0
155 340 0
156 323 0
156 395 0
157 233 0
157 364 0
158 271 0
158 309 0
159 388 0
160 168 0
160 353 0
161 182 0
161 299 0
161 320 0
162 219 0
165 192 0
166 235 0
166 377 0
167 181 0
169 241 0
170 250 0
171 179 0
171 269 0
171 374 0
171 384 0
172 289 0
172 370 0
174 380 0
176 237 0
176 333 0
176 350 0
178 341 0
180 217 0
180 373 0
180 394 0
181 182 0
181 240 0
183 245 0
183 347 0
184 200 0
184 350 0
185 299 0
185 316 0
185 348 0
188 395 0
189 207 0
189 262 0
189 361 0
190 230 0
192 362 0
193 234 0
193 261 0
194 262 0
194 344 0
195 368 0
197 385 0
199 235 0
199 255 0
201 237 0
201 369 0
202 385 0
203 208 0
204 333 0
205 329 0
206 330 0
207 291 0
207 370 0
208 246 0
208 317 0
210 255 0
211 343 0
212 275 0
213 355 0
214 273 0
214 295 0
214 316 0
215 328 0
216 219 0
218 359 0
219 368 0
219 370 0
220 262 0
221 355 0
222 302 0
224 227 0
224 268 0
224 279 0
226 285 0
229 274 0
229 346 0
230 362 0
231 262 0
232 259 0
232 272 0
233 304 0
233 385 0
236 351 0
237 305 0
237 321 0
237 390 0
238 314 0
239 240 0
241 283 0
241 292 0
241 331 0
242 347 0
242 351 0
243 270 0
244 339 0
247 250 0
247 357 0
248 258 0
250 342 0
251 302 0
252 309 0
254 349 0
255 368 0
256 371 0
257 370 0
258 288 0
258 301 0
259 357 0
260 344 0
261 299 0
263 390 0
264 332 0
266 341 0
267 346 0
267 366 0
267 397 0
269 302 0
269 341 0
272 290 0
274 278 0
276 309 0
277 329 0
278 356 0
281 371 0
282 352 0
283 289 0
285 308 0
285 333 0
287 347 0
287 371 0
289 301 0
289 306 0
290 380 0
290 391 0
297 320 0
298 369 0
301 374 0
306 339 0
307 341 0
308 315 0
308 340 0
308 362 0
312 347 0
313 317 0
314 353 0
314 384 0
316 399 0
317 325 0
317 398 0
319 344 0
321 376 0
323 347 0
324 351 0
328 337 0
331 397 0
332 365 0
336 351 0
337 338 0
337 389 0
343 377 0
345 369 0
349 354 0
351 366 0
354 385 0
355 390 0
357 386 0
359 383 0
361 382 0
362 368 0
368 385 0
382 400 0
