100 144 0
1 12 0
1 21 0
1 86 0
2 87 0
3 46 0
3 47 0
4 11 0
4 96 0
5 54 0
5 56 0
6 14 0
6 91 0
7 39 0
7 87 0
7 88 0
7 90 0
7 98 0
8 78 0
9 23 0
9 89 0
10 21 0
10 97 0
11 23 0
12 34 0
12 35 0
12 65 0
12 71 0
12 85 0
13 25 0
13 30 0
14 16 0
14 26 0
14 40 0
14 48 0
14 91 0
15 21 0
15 39 0
15 56 0
15 63 0
17 79 0
17 99 0
18 19 0
18 57 0
19 31 0
19 37 0
19 49 0
20 36 0
20 39 0
20 64 0
21 28 0
21 51 0
22 43 0
22 58 0
22 64 0
22 69 0
22 93 0
23 52 0
23 58 0
23 95 0
24 25 0
24 50 0
25 26 0
25 38 0
25 77 0
26 64 0
26 68 0
27 87 0
28 47 0
28 74 0
29 46 0
29 50 0
29 71 0
30 77 0
30 96 0
32 54 0
32 58 0
32 80 0
32 95 0
33 57 0
33 98 0
36 49 0
36 69 0
36 72 0
36 76 0
36 81 0
36 99 0
37 49 0
37 71 0
37 82 0
37 98 0
39 81 0
40 78 0
41 63 0
42 49 0
43 92 0
44 48 0
44 75 0
45 68 0
45 84 0
46 99 0
47 81 0
47 100 0
49 78 0
50 72 0
50 81 0
53 75 0
54 61 0
55 90 0
55 98 0
56 60 0
56 83 0
56 100 0
57 73 0
57 85 0
57 86 0
58 64 0
59 62 0
59 65 0
59 76 0
61 76 0
62 63 0
63 92 0
64 85 0
66 87 0
67 68 0
68 91 0
69 73 0
69 74 0
70 98 0
71 98 0
74 90 0
75 84 0
75 85 0
76 88 0
76 97 0
78 79 0
78 89 0
79 99 0
81 96 0
82 96 0
88 98 0
90 94 0
92 96 0
98 99 0
