300 353 0
1 9 0
1 163 0
1 212 0
1 247 0
2 172 0
3 68 0
3 93 0
3 123 0
3 154 0
3 239 0
4 41 0
5 7 0
6 216 0
7 220 0
7 221 0
7 276 0
7 298 0
8 123 0
10 219 0
11 85 0
11 87 0
11 89 0
11 162 0
11 189 0
12 264 0
13 37 0
13 85 0
14 82 0
15 287 0
16 55 0
16 79 0
16 91 0
16 167 0
16 168 0
17 238 0
18 158 0
19 100 0
20 37 0
20 266 0
21 24 0
21 150 0
21 208 0
21 283 0
22 203 0
23 73 0
23 165 0
25 74 0
25 80 0
25 232 0
25 288 0
26 293 0
27 89 0
27 98 0
27 153 0
27 296 0
28 34 0
28 135 0
28 141 0
28 276 0
28 278 0
29 187 0
29 226 0
29 245 0
29 263 0
30 201 0
30 224 0
30 254 0
30 288 0
31 38 0
31 58 0
31 127 0
31 244 0
31 246 0
32 72 0
32 171 0
32 175 0
32 227 0
32 229 0
33 237 0
34 242 0
34 264 0
34 274 0
35 150 0
35 177 0
35 207 0
35 233 0
36 82 0
37 94 0
37 162 0
37 213 0
38 166 0
38 241 0
38 300 0
39 136 0
40 67 0
40 86 0
40 115 0
40 246 0
40 297 0
41 64 0
41 216 0
41 221 0
41 243 0
42 289 0
43 175 0
44 73 0
44 154 0
45 232 0
46 260 0
47 60 0
47 120 0
47 150 0
47 209 0
47 249 0
47 261 0
48 265 0
48 289 0
49 103 0
50 66 0
51 68 0
51 101 0
51 109 0
51 128 0
52 258 0
53 216 0
54 173 0
55 146 0
56 100 0
56 216 0
56 248 0
57 74 0
59 287 0
60 216 0
61 93 0
62 110 0
63 122 0
63 132 0
63 156 0
63 162 0
65 155 0
66 152 0
66 164 0
66 206 0
66 217 0
66 291 0
67 95 0
67 109 0
67 173 0
67 219 0
68 150 0
68 221 0
69 262 0
70 285 0
71 267 0
72 95 0
72 102 0
72 117 0
72 238 0
73 169 0
73 174 0
73 178 0
73 286 0
74 125 0
74 211 0
75 173 0
76 284 0
77 231 0
78 178 0
78 196 0
78 250 0
78 282 0
80 142 0
80 228 0
80 281 0
81 203 0
81 266 0
81 287 0
81 288 0
82 163 0
82 198 0
83 219 0
84 161 0
85 87 0
85 97 0
85 113 0
85 140 0
85 299 0
87 262 0
87 297 0
88 274 0
89 158 0
89 293 0
90 111 0
91 238 0
92 258 0
93 96 0
93 182 0
95 225 0
99 132 0
99 277 0
100 147 0
100 148 0
101 105 0
101 148 0
101 187 0
103 149 0
103 193 0
103 248 0
104 129 0
104 131 0
104 221 0
104 279 0
105 155 0
105 214 0
105 237 0
106 285 0
107 252 0
108 136 0
108 145 0
108 229 0
108 275 0
109 127 0
109 193 0
109 215 0
110 166 0
110 190 0
110 192 0
111 127 0
111 176 0
111 257 0
112 262 0
113 241 0
114 163 0
114 178 0
114 189 0
114 217 0
116 267 0
118 123 0
119 264 0
120 289 0
121 266 0
123 292 0
124 264 0
125 213 0
126 136 0
127 267 0
128 189 0
128 242 0
130 184 0
133 186 0
133 187 0
133 255 0
133 271 0
134 185 0
134 260 0
136 204 0
136 235 0
137 227 0
138 262 0
139 297 0
141 232 0
143 145 0
144 173 0
144 203 0
145 210 0
145 268 0
146 158 0
148 202 0
148 285 0
149 162 0
149 214 0
150 296 0
151 215 0
151 266 0
152 227 0
152 232 0
154 259 0
154 290 0
155 200 0
155 265 0
157 297 0
158 197 0
159 237 0
160 175 0
161 167 0
161 170 0
161 199 0
162 258 0
163 231 0
163 297 0
164 274 0
165 173 0
166 172 0
166 242 0
166 277 0
167 229 0
167 252 0
169 227 0
171 275 0
172 240 0
172 241 0
175 236 0
178 289 0
179 208 0
179 214 0
180 293 0
181 293 0
183 274 0
184 187 0
184 195 0
184 269 0
185 297 0
188 246 0
188 287 0
189 208 0
189 229 0
190 227 0
191 202 0
193 216 0
193 238 0
193 245 0
194 232 0
201 273 0
202 273 0
202 295 0
204 243 0
204 260 0
205 252 0
207 292 0
214 234 0
214 239 0
215 275 0
217 260 0
217 284 0
218 277 0
219 225 0
222 284 0
223 238 0
226 248 0
230 237 0
231 272 0
231 280 0
242 282 0
242 288 0
251 267 0
252 253 0
256 285 0
258 270 0
268 287 0
275 299 0
277 288 0
277 294 0
284 300 0
