400 429 0
1 374 0
2 314 0
3 39 0
3 46 0
3 170 0
3 312 0
4 181 0
5 6 0
6 84 0
6 152 0
6 399 0
7 170 0
8 115 0
8 140 0
9 240 0
10 49 0
10 210 0
10 351 0
10 381 0
10 397 0
11 262 0
12 56 0
12 182 0
13 348 0
14 222 0
15 31 0
15 66 0
15 73 0
15 94 0
15 202 0
16 108 0
16 137 0
16 274 0
16 306 0
17 163 0
18 151 0
19 93 0
19 130 0
20 56 0
20 156 0
21 234 0
22 287 0
23 238 0
24 115 0
25 262 0
26 356 0
27 156 0
28 160 0
29 40 0
29 57 0
29 174 0
29 300 0
30 167 0
30 173 0
30 198 0
30 310 0
32 73 0
33 195 0
33 199 0
33 258 0
33 268 0
34 228 0
35 41 0
35 89 0
35 293 0
35 373 0
36 172 0
37 55 0
37 105 0
37 157 0
37 388 0
38 213 0
38 216 0
38 339 0
38 361 0
39 271 0
39 274 0
39 361 0
40 66 0
40 304 0
40 307 0
41 58 0
41 178 0
41 286 0
42 229 0
43 89 0
44 212 0
45 62 0
45 77 0
45 204 0
45 325 0
46 179 0
46 251 0
46 344 0
47 89 0
48 312 0
50 173 0
51 167 0
52 181 0
53 106 0
53 156 0
53 160 0
53 287 0
54 341 0
56 262 0
59 79 0
59 352 0
59 356 0
59 368 0
60 83 0
60 262 0
60 294 0
60 348 0
61 341 0
63 380 0
64 145 0
65 287 0
66 228 0
66 314 0
67 115 0
67 166 0
67 229 0
67 307 0
68 70 0
68 72 0
68 223 0
68 235 0
68 279 0
69 134 0
71 215 0
71 324 0
71 341 0
71 373 0
72 378 0
73 121 0
73 169 0
73 265 0
74 139 0
74 209 0
74 256 0
74 296 0
75 291 0
76 337 0
77 185 0
77 190 0
77 297 0
78 203 0
78 318 0
78 366 0
78 371 0
79 82 0
79 317 0
79 340 0
80 221 0
80 279 0
80 376 0
80 400 0
81 294 0
83 265 0
83 268 0
83 350 0
85 106 0
85 186 0
85 297 0
85 307 0
86 155 0
86 222 0
86 311 0
86 333 0
87 95 0
87 260 0
87 271 0
87 289 0
87 351 0
87 353 0
88 348 0
89 159 0
90 190 0
91 148 0
91 230 0
91 291 0
92 356 0
93 264 0
93 274 0
93 345 0
93 347 0
95 260 0
96 275 0
97 196 0
97 282 0
97 284 0
97 326 0
98 142 0
98 239 0
98 295 0
98 361 0
99 131 0
100 162 0
100 196 0
100 257 0
100 330 0
101 293 0
102 127 0
102 129 0
102 147 0
102 353 0
103 116 0
104 149 0
106 196 0
106 279 0
107 227 0
107 240 0
107 311 0
107 395 0
109 374 0
110 164 0
110 165 0
110 248 0
110 342 0
111 260 0
112 331 0
113 227 0
114 314 0
115 138 0
115 308 0
116 133 0
116 270 0
116 289 0
117 331 0
118 145 0
119 283 0
120 163 0
122 393 0
123 222 0
124 163 0
125 355 0
126 314 0
128 260 0
130 233 0
130 281 0
130 388 0
131 241 0
131 265 0
131 394 0
132 181 0
134 232 0
134 274 0
134 288 0
135 155 0
136 337 0
140 211 0
140 220 0
140 351 0
141 198 0
141 291 0
141 327 0
141 355 0
143 191 0
144 167 0
144 215 0
145 284 0
145 285 0
145 289 0
146 215 0
146 228 0
148 209 0
148 395 0
149 164 0
149 231 0
149 255 0
150 168 0
150 348 0
151 244 0
151 279 0
151 328 0
151 365 0
152 172 0
152 197 0
152 311 0
153 234 0
154 155 0
155 206 0
156 224 0
158 160 0
160 396 0
161 190 0
163 334 0
164 198 0
164 275 0
166 217 0
166 349 0
166 369 0
167 236 0
168 185 0
168 295 0
169 338 0
170 207 0
170 278 0
171 324 0
172 359 0
172 370 0
173 189 0
173 237 0
175 355 0
176 294 0
177 228 0
180 379 0
181 196 0
182 188 0
182 218 0
182 253 0
183 293 0
184 283 0
185 272 0
185 363 0
186 271 0
186 350 0
187 355 0
188 260 0
188 297 0
188 381 0
190 322 0
191 203 0
191 320 0
191 354 0
192 395 0
193 242 0
193 302 0
193 334 0
193 398 0
194 385 0
197 249 0
197 277 0
197 305 0
198 307 0
200 234 0
200 266 0
201 393 0
203 297 0
203 393 0
205 209 0
205 292 0
205 316 0
205 367 0
208 229 0
209 212 0
209 352 0
212 301 0
212 357 0
214 293 0
215 329 0
215 391 0
215 392 0
219 227 0
220 309 0
222 343 0
225 333 0
226 327 0
227 266 0
229 383 0
230 374 0
234 351 0
238 364 0
238 384 0
238 388 0
240 377 0
240 390 0
243 327 0
245 304 0
246 395 0
247 310 0
250 327 0
252 381 0
254 331 0
259 380 0
260 375 0
261 304 0
263 291 0
265 379 0
267 323 0
267 333 0
268 337 0
268 380 0
269 303 0
269 368 0
271 373 0
273 379 0
275 323 0
275 362 0
276 393 0
280 324 0
283 319 0
283 361 0
287 360 0
289 360 0
289 385 0
290 381 0
290 387 0
294 382 0
298 304 0
299 378 0
303 368 0
304 331 0
309 378 0
310 321 0
310 332 0
311 350 0
312 335 0
312 338 0
313 324 0
314 397 0
315 341 0
331 334 0
333 389 0
334 373 0
336 337 0
345 395 0
346 357 0
346 368 0
350 352 0
352 388 0
353 374 0
353 378 0
356 365 0
358 385 0
372 385 0
375 380 0
379 386 0
381 387 0
