450 614 0
1 26 0
1 232 0
1 363 0
1 364 0
1 371 0
1 376 0
2 290 0
2 301 0
3 320 0
3 403 0
4 78 0
4 222 0
5 16 0
5 51 0
5 312 0
5 318 0
5 382 0
6 177 0
6 273 0
6 394 0
6 419 0
7 114 0
7 191 0
7 200 0
7 444 0
8 393 0
8 436 0
9 219 0
10 316 0
11 109 0
11 236 0
12 88 0
12 216 0
12 359 0
13 145 0
13 221 0
13 256 0
13 351 0
14 80 0
14 92 0
14 225 0
14 404 0
14 448 0
15 122 0
16 35 0
17 212 0
17 310 0
18 45 0
18 240 0
19 77 0
19 128 0
20 338 0
21 320 0
22 47 0
22 86 0
23 34 0
23 84 0
23 324 0
23 432 0
24 77 0
25 87 0
25 91 0
25 224 0
25 333 0
26 114 0
26 151 0
26 292 0
26 407 0
27 78 0
28 40 0
29 395 0
30 247 0
30 395 0
30 442 0
31 179 0
31 215 0
31 271 0
31 336 0
32 237 0
33 63 0
33 140 0
33 431 0
34 76 0
34 112 0
34 120 0
34 122 0
34 206 0
35 405 0
36 74 0
36 78 0
36 173 0
36 237 0
36 242 0
37 64 0
37 193 0
38 341 0
39 245 0
39 294 0
40 130 0
40 155 0
40 240 0
40 285 0
40 447 0
41 231 0
41 287 0
41 301 0
41 347 0
42 124 0
43 442 0
44 75 0
44 132 0
44 355 0
44 376 0
45 66 0
45 126 0
45 321 0
46 382 0
47 442 0
48 226 0
48 374 0
48 420 0
49 125 0
49 249 0
49 384 0
49 422 0
50 60 0
50 134 0
50 295 0
50 315 0
50 364 0
50 379 0
51 87 0
51 183 0
51 270 0
51 361 0
52 251 0
53 149 0
53 276 0
53 402 0
54 99 0
54 188 0
55 128 0
56 72 0
56 221 0
57 182 0
58 105 0
58 167 0
58 256 0
58 410 0
58 448 0
59 210 0
59 262 0
60 112 0
60 378 0
61 223 0
61 365 0
61 397 0
61 426 0
62 266 0
62 280 0
62 383 0
63 89 0
63 97 0
63 450 0
64 215 0
64 282 0
64 367 0
65 378 0
66 164 0
66 244 0
66 309 0
67 395 0
68 436 0
69 145 0
69 442 0
70 205 0
70 295 0
70 299 0
70 353 0
71 169 0
72 169 0
72 407 0
73 284 0
74 81 0
74 106 0
74 160 0
74 351 0
75 345 0
76 241 0
76 355 0
76 364 0
77 113 0
77 149 0
77 176 0
77 184 0
78 388 0
78 393 0
79 361 0
80 185 0
81 257 0
82 83 0
82 110 0
82 168 0
82 191 0
82 411 0
83 169 0
83 244 0
83 345 0
85 145 0
85 216 0
85 426 0
85 440 0
86 114 0
86 220 0
86 253 0
87 189 0
87 273 0
87 298 0
88 107 0
88 185 0
88 228 0
88 337 0
89 244 0
89 317 0
90 397 0
91 166 0
91 206 0
91 212 0
91 277 0
92 416 0
93 365 0
93 372 0
94 135 0
94 203 0
94 433 0
95 188 0
95 302 0
96 138 0
97 174 0
97 212 0
97 324 0
97 354 0
98 187 0
98 391 0
99 414 0
100 104 0
100 259 0
100 375 0
100 409 0
101 124 0
102 380 0
103 128 0
103 179 0
105 216 0
105 433 0
108 139 0
108 239 0
108 367 0
108 372 0
109 236 0
110 171 0
110 183 0
110 316 0
111 313 0
111 428 0
112 175 0
112 186 0
112 368 0
113 254 0
114 221 0
115 391 0
116 306 0
117 244 0
118 172 0
119 142 0
119 263 0
119 287 0
119 351 0
119 393 0
119 427 0
120 138 0
121 148 0
121 180 0
121 184 0
121 348 0
121 449 0
122 127 0
122 406 0
123 332 0
124 331 0
124 398 0
125 266 0
125 381 0
126 288 0
126 382 0
126 431 0
128 170 0
129 396 0
130 238 0
130 267 0
130 271 0
130 425 0
131 275 0
131 378 0
132 264 0
133 143 0
133 199 0
135 294 0
135 401 0
136 153 0
136 169 0
137 258 0
138 248 0
138 385 0
138 397 0
139 157 0
139 206 0
139 297 0
139 423 0
140 250 0
140 345 0
141 270 0
143 222 0
144 361 0
145 184 0
145 307 0
145 336 0
145 358 0
145 429 0
146 405 0
147 170 0
147 176 0
147 314 0
147 362 0
150 440 0
152 296 0
152 442 0
153 221 0
153 255 0
154 226 0
155 226 0
155 237 0
155 267 0
155 303 0
155 341 0
155 417 0
156 361 0
158 341 0
159 439 0
161 329 0
162 258 0
163 229 0
163 235 0
163 400 0
163 438 0
164 357 0
165 365 0
166 182 0
166 306 0
166 350 0
168 340 0
170 242 0
170 391 0
171 203 0
171 302 0
171 334 0
172 184 0
172 207 0
172 401 0
173 226 0
174 186 0
176 216 0
176 431 0
177 195 0
178 313 0
180 236 0
181 316 0
182 278 0
182 374 0
183 275 0
183 291 0
183 373 0
184 290 0
184 333 0
186 357 0
186 436 0
187 192 0
187 195 0
187 253 0
187 390 0
188 212 0
188 445 0
189 199 0
189 310 0
189 357 0
190 224 0
190 242 0
190 311 0
190 426 0
191 224 0
191 241 0
192 372 0
192 437 0
193 211 0
193 252 0
193 444 0
194 195 0
194 347 0
195 204 0
195 265 0
195 331 0
195 339 0
196 238 0
196 397 0
197 281 0
197 382 0
198 360 0
198 402 0
199 202 0
199 283 0
199 418 0
200 222 0
200 249 0
200 405 0
201 350 0
202 246 0
202 252 0
202 279 0
202 369 0
206 294 0
206 417 0
206 442 0
208 382 0
209 262 0
210 439 0
212 367 0
212 450 0
213 219 0
213 311 0
213 338 0
213 340 0
214 433 0
216 272 0
216 328 0
216 431 0
217 442 0
218 281 0
218 369 0
219 308 0
219 404 0
220 258 0
220 286 0
221 286 0
222 309 0
223 257 0
223 304 0
223 343 0
223 399 0
227 340 0
228 345 0
229 242 0
229 280 0
229 332 0
230 279 0
233 391 0
234 249 0
234 302 0
234 378 0
236 248 0
236 341 0
237 356 0
237 370 0
238 448 0
239 269 0
240 402 0
241 288 0
241 417 0
242 443 0
243 284 0
244 393 0
244 413 0
245 440 0
246 383 0
246 397 0
247 294 0
248 288 0
248 402 0
249 358 0
249 423 0
250 269 0
251 281 0
251 411 0
251 450 0
254 310 0
254 437 0
255 332 0
256 365 0
257 258 0
257 446 0
258 287 0
259 329 0
259 417 0
259 433 0
260 344 0
261 357 0
262 355 0
262 446 0
264 290 0
265 315 0
266 337 0
266 434 0
268 316 0
269 331 0
269 400 0
269 447 0
270 303 0
270 335 0
271 395 0
271 426 0
273 284 0
273 290 0
274 433 0
276 332 0
277 378 0
277 396 0
277 437 0
279 323 0
279 364 0
279 377 0
280 322 0
280 326 0
280 330 0
281 385 0
282 338 0
283 422 0
284 373 0
284 429 0
285 287 0
285 357 0
285 396 0
286 311 0
287 311 0
288 331 0
289 431 0
290 352 0
292 413 0
293 338 0
294 307 0
295 313 0
295 333 0
295 374 0
295 439 0
296 309 0
296 342 0
296 372 0
296 408 0
296 411 0
298 350 0
300 344 0
302 318 0
305 391 0
306 383 0
306 412 0
310 327 0
310 443 0
311 337 0
313 421 0
317 348 0
317 365 0
317 396 0
319 341 0
320 366 0
320 411 0
325 329 0
325 379 0
329 403 0
333 448 0
335 390 0
337 414 0
339 345 0
340 384 0
344 349 0
344 430 0
344 444 0
346 440 0
349 405 0
349 443 0
350 360 0
351 355 0
351 437 0
355 380 0
356 376 0
359 367 0
365 422 0
367 408 0
369 435 0
369 448 0
376 388 0
379 445 0
380 392 0
380 420 0
381 437 0
386 439 0
387 414 0
389 414 0
390 428 0
390 436 0
390 444 0
396 408 0
396 441 0
402 416 0
404 444 0
415 436 0
424 431 0
