350 463 0
1 64 0
1 134 0
1 146 0
1 197 0
1 201 0
2 77 0
3 67 0
3 88 0
4 27 0
5 17 0
5 112 0
5 170 0
6 10 0
6 25 0
6 187 0
6 293 0
6 302 0
7 112 0
7 197 0
7 198 0
7 210 0
8 68 0
9 112 0
10 54 0
10 141 0
10 154 0
10 276 0
11 314 0
11 343 0
12 34 0
12 84 0
12 120 0
13 272 0
14 46 0
14 68 0
15 102 0
15 119 0
15 123 0
15 254 0
15 275 0
16 49 0
16 209 0
16 313 0
16 338 0
17 91 0
18 92 0
19 69 0
20 244 0
21 142 0
21 146 0
21 296 0
22 318 0
23 154 0
23 298 0
24 127 0
25 27 0
25 144 0
25 276 0
25 349 0
26 68 0
27 90 0
27 178 0
27 243 0
27 282 0
28 139 0
29 53 0
29 231 0
29 349 0
30 193 0
31 74 0
31 144 0
31 330 0
32 104 0
32 184 0
32 199 0
32 264 0
33 97 0
33 185 0
33 189 0
33 255 0
33 309 0
33 316 0
34 165 0
34 221 0
35 94 0
35 97 0
35 225 0
35 239 0
36 169 0
37 91 0
37 130 0
38 329 0
39 116 0
40 117 0
40 193 0
40 217 0
40 233 0
40 303 0
41 267 0
42 287 0
43 159 0
43 263 0
44 84 0
44 236 0
45 287 0
46 110 0
46 116 0
46 270 0
46 313 0
46 322 0
46 337 0
47 347 0
48 139 0
48 347 0
49 99 0
49 129 0
49 304 0
50 56 0
50 107 0
50 109 0
50 192 0
50 307 0
51 297 0
51 303 0
52 73 0
52 88 0
53 150 0
54 57 0
55 127 0
55 206 0
55 314 0
55 333 0
56 77 0
56 105 0
57 109 0
57 182 0
57 237 0
58 129 0
58 131 0
59 64 0
59 86 0
59 117 0
59 195 0
59 242 0
59 277 0
60 120 0
61 81 0
61 173 0
61 311 0
62 130 0
63 263 0
64 158 0
64 288 0
65 117 0
65 171 0
66 140 0
66 160 0
67 170 0
67 205 0
67 216 0
67 321 0
68 239 0
68 241 0
69 105 0
69 115 0
69 289 0
70 234 0
70 244 0
70 258 0
70 281 0
70 289 0
70 339 0
71 250 0
72 96 0
72 170 0
72 274 0
73 252 0
73 259 0
73 348 0
74 265 0
75 241 0
75 259 0
75 275 0
75 286 0
76 262 0
77 279 0
77 299 0
78 114 0
78 250 0
78 290 0
78 329 0
79 129 0
80 84 0
80 96 0
80 158 0
80 215 0
80 283 0
80 340 0
81 144 0
82 346 0
83 85 0
83 98 0
83 226 0
83 320 0
83 342 0
84 257 0
85 145 0
85 180 0
85 197 0
85 206 0
87 128 0
87 181 0
87 189 0
87 222 0
87 259 0
88 92 0
88 249 0
89 130 0
89 288 0
90 298 0
91 124 0
91 236 0
91 317 0
92 108 0
92 295 0
93 111 0
93 113 0
93 147 0
93 251 0
93 256 0
93 306 0
94 336 0
95 126 0
96 202 0
96 278 0
96 340 0
97 119 0
97 176 0
97 202 0
99 151 0
99 170 0
99 343 0
100 120 0
101 250 0
103 229 0
103 290 0
105 158 0
105 178 0
105 272 0
106 311 0
108 112 0
108 211 0
108 217 0
109 130 0
109 248 0
110 142 0
110 198 0
110 224 0
112 180 0
113 318 0
114 166 0
114 179 0
114 185 0
116 223 0
116 284 0
116 306 0
116 350 0
117 149 0
117 227 0
117 291 0
118 311 0
119 273 0
120 131 0
120 179 0
121 244 0
122 304 0
124 337 0
125 290 0
126 185 0
126 207 0
126 229 0
126 323 0
127 218 0
127 225 0
127 333 0
129 183 0
130 219 0
131 238 0
132 178 0
132 323 0
133 153 0
133 349 0
135 296 0
136 296 0
137 154 0
138 139 0
138 194 0
138 311 0
139 300 0
139 306 0
140 160 0
141 145 0
141 194 0
141 335 0
143 206 0
143 235 0
144 268 0
147 161 0
148 172 0
148 209 0
149 178 0
149 209 0
150 223 0
150 275 0
150 341 0
151 159 0
151 248 0
151 322 0
152 288 0
153 311 0
154 233 0
154 340 0
155 243 0
155 250 0
156 290 0
157 172 0
157 214 0
158 286 0
159 166 0
159 256 0
159 286 0
160 188 0
160 199 0
160 267 0
160 330 0
161 215 0
161 339 0
162 267 0
163 173 0
163 287 0
163 321 0
163 322 0
164 169 0
164 347 0
165 167 0
165 199 0
165 220 0
165 231 0
166 180 0
166 217 0
168 343 0
169 177 0
169 308 0
170 195 0
170 238 0
170 251 0
170 325 0
171 287 0
172 176 0
172 232 0
172 259 0
173 189 0
173 270 0
174 197 0
175 233 0
175 244 0
175 287 0
176 321 0
178 269 0
179 223 0
179 265 0
179 315 0
180 306 0
180 339 0
185 262 0
186 273 0
187 279 0
190 321 0
191 298 0
191 303 0
193 203 0
193 319 0
196 349 0
197 213 0
197 251 0
199 217 0
200 251 0
200 286 0
200 337 0
204 321 0
206 208 0
207 230 0
210 325 0
211 261 0
211 266 0
211 305 0
212 346 0
214 279 0
214 280 0
214 283 0
215 249 0
215 336 0
217 221 0
221 229 0
221 241 0
221 285 0
222 231 0
222 258 0
223 345 0
225 248 0
225 263 0
228 337 0
230 307 0
230 318 0
235 315 0
236 276 0
236 294 0
236 311 0
238 297 0
240 263 0
241 267 0
241 334 0
242 329 0
244 275 0
245 315 0
246 343 0
247 315 0
248 279 0
251 262 0
251 291 0
253 273 0
260 265 0
262 301 0
262 344 0
265 274 0
267 345 0
271 294 0
272 327 0
272 328 0
273 308 0
275 295 0
276 286 0
279 318 0
288 332 0
290 344 0
292 346 0
294 312 0
294 314 0
296 308 0
297 321 0
298 306 0
298 324 0
303 334 0
304 326 0
304 331 0
308 322 0
310 347 0
315 318 0
320 337 0
327 337 0
329 330 0
339 346 0
339 347 0
