120 185 0
1 9 0
1 39 0
1 86 0
1 105 0
2 46 0
2 49 0
2 82 0
2 84 0
2 114 0
3 6 0
3 9 0
4 42 0
4 88 0
4 90 0
4 91 0
4 95 0
4 100 0
4 106 0
5 11 0
5 39 0
5 72 0
6 100 0
7 18 0
7 115 0
8 10 0
8 13 0
8 15 0
8 97 0
9 43 0
9 54 0
9 71 0
9 72 0
10 26 0
10 95 0
10 119 0
11 54 0
11 57 0
11 58 0
11 62 0
11 70 0
11 94 0
12 109 0
14 66 0
14 120 0
16 119 0
17 39 0
17 64 0
17 116 0
18 115 0
18 120 0
19 48 0
19 59 0
20 35 0
20 52 0
20 55 0
20 63 0
21 48 0
21 85 0
22 62 0
22 100 0
23 26 0
23 42 0
23 79 0
24 43 0
24 109 0
25 32 0
25 58 0
25 80 0
25 94 0
26 68 0
26 101 0
26 113 0
27 39 0
27 55 0
27 98 0
28 85 0
29 56 0
29 62 0
29 86 0
29 95 0
30 119 0
31 35 0
31 40 0
31 117 0
32 36 0
32 46 0
32 64 0
33 107 0
34 41 0
35 80 0
35 86 0
36 58 0
36 69 0
36 78 0
36 89 0
37 42 0
37 90 0
38 50 0
38 69 0
38 88 0
38 92 0
41 71 0
41 104 0
41 106 0
41 116 0
42 67 0
42 91 0
42 108 0
44 110 0
45 66 0
45 117 0
46 85 0
47 52 0
47 111 0
48 79 0
48 108 0
49 56 0
49 66 0
49 114 0
49 120 0
51 105 0
52 64 0
53 61 0
53 80 0
54 90 0
56 62 0
56 76 0
57 101 0
59 73 0
59 75 0
59 76 0
59 88 0
59 98 0
60 100 0
61 105 0
62 111 0
62 115 0
63 72 0
63 110 0
64 66 0
65 70 0
65 114 0
66 71 0
67 109 0
68 117 0
69 86 0
69 91 0
69 110 0
71 111 0
72 95 0
72 107 0
73 86 0
73 107 0
74 75 0
74 114 0
76 79 0
76 109 0
77 114 0
78 85 0
78 110 0
79 97 0
79 99 0
79 100 0
80 120 0
81 105 0
83 85 0
83 90 0
85 104 0
86 114 0
87 111 0
90 93 0
90 94 0
90 96 0
93 120 0
94 111 0
94 117 0
95 104 0
102 119 0
103 115 0
104 107 0
108 111 0
108 119 0
109 118 0
110 112 0
113 116 0
