200 289 0
1 162 0
2 30 0
2 48 0
3 58 0
3 123 0
3 144 0
3 147 0
4 18 0
4 32 0
4 122 0
4 152 0
5 28 0
5 133 0
6 50 0
6 93 0
6 123 0
6 158 0
7 129 0
8 59 0
9 25 0
9 31 0
9 105 0
9 148 0
9 192 0
9 193 0
10 59 0
10 60 0
10 127 0
10 159 0
10 189 0
11 128 0
11 134 0
12 85 0
13 81 0
13 192 0
14 41 0
14 73 0
14 86 0
14 103 0
14 140 0
14 197 0
15 28 0
16 137 0
17 132 0
18 38 0
18 82 0
18 130 0
18 136 0
18 139 0
18 158 0
19 41 0
19 129 0
19 149 0
19 158 0
19 181 0
20 91 0
21 69 0
22 158 0
23 28 0
23 60 0
23 100 0
23 137 0
23 172 0
24 112 0
24 165 0
25 88 0
25 91 0
25 109 0
26 55 0
26 188 0
27 41 0
27 87 0
27 98 0
27 148 0
28 63 0
28 151 0
29 41 0
29 66 0
29 134 0
29 176 0
30 123 0
30 165 0
32 44 0
32 87 0
33 81 0
33 88 0
33 139 0
33 167 0
34 44 0
34 66 0
34 128 0
35 44 0
36 133 0
36 147 0
37 46 0
37 88 0
37 157 0
37 167 0
38 99 0
38 105 0
38 113 0
38 129 0
39 41 0
39 66 0
39 87 0
39 179 0
40 100 0
41 107 0
42 110 0
42 133 0
42 141 0
42 159 0
43 53 0
43 69 0
44 83 0
44 99 0
45 149 0
46 194 0
47 127 0
48 94 0
48 169 0
48 186 0
49 167 0
50 98 0
50 141 0
51 128 0
51 162 0
52 141 0
53 127 0
53 172 0
54 90 0
54 165 0
54 190 0
55 74 0
55 146 0
55 173 0
56 100 0
57 194 0
58 102 0
58 108 0
58 199 0
59 116 0
59 134 0
59 161 0
60 107 0
60 123 0
61 66 0
62 176 0
63 78 0
63 88 0
63 132 0
64 98 0
65 132 0
65 148 0
66 113 0
67 85 0
67 183 0
68 76 0
68 112 0
69 169 0
69 171 0
70 158 0
70 172 0
71 72 0
71 75 0
71 126 0
72 114 0
72 169 0
72 182 0
73 124 0
73 189 0
75 121 0
75 176 0
75 178 0
76 83 0
76 89 0
76 106 0
76 145 0
77 101 0
77 102 0
77 130 0
77 168 0
78 84 0
78 88 0
78 108 0
78 193 0
78 195 0
79 148 0
79 166 0
80 88 0
80 107 0
80 159 0
81 142 0
81 145 0
82 151 0
83 165 0
83 179 0
84 110 0
85 86 0
85 119 0
86 179 0
86 190 0
87 95 0
87 135 0
87 163 0
90 141 0
91 154 0
91 183 0
92 152 0
92 157 0
92 174 0
93 133 0
94 137 0
95 176 0
96 148 0
97 150 0
98 179 0
98 181 0
98 189 0
99 151 0
100 180 0
104 139 0
107 179 0
107 198 0
108 127 0
109 121 0
109 126 0
109 196 0
110 128 0
110 138 0
110 177 0
110 188 0
111 170 0
112 134 0
115 149 0
115 165 0
117 143 0
117 167 0
118 137 0
119 129 0
120 176 0
122 170 0
123 150 0
123 152 0
123 194 0
124 152 0
125 189 0
127 184 0
127 195 0
128 147 0
128 155 0
129 185 0
130 159 0
130 162 0
130 179 0
131 194 0
132 174 0
132 187 0
133 147 0
133 191 0
134 143 0
135 162 0
137 199 0
139 164 0
139 200 0
140 156 0
140 191 0
141 157 0
141 192 0
144 152 0
145 194 0
146 150 0
146 170 0
146 179 0
148 186 0
149 156 0
150 160 0
150 175 0
152 155 0
153 190 0
158 178 0
159 169 0
166 170 0
170 177 0
172 177 0
174 190 0
174 192 0
189 198 0
191 199 0
