450 581 0
1 314 0
2 11 0
2 115 0
2 173 0
2 211 0
3 205 0
3 214 0
3 215 0
3 219 0
3 238 0
4 108 0
5 51 0
5 64 0
5 101 0
5 183 0
6 376 0
7 376 0
7 444 0
8 140 0
9 171 0
10 172 0
12 42 0
13 92 0
13 348 0
14 42 0
14 223 0
15 38 0
15 49 0
15 77 0
15 235 0
15 347 0
16 21 0
16 332 0
16 408 0
16 448 0
17 45 0
17 209 0
18 44 0
18 203 0
18 221 0
18 275 0
18 339 0
18 355 0
19 107 0
19 178 0
19 218 0
19 332 0
20 50 0
20 99 0
20 187 0
20 224 0
21 112 0
22 198 0
22 255 0
23 352 0
24 203 0
24 245 0
24 279 0
24 325 0
24 440 0
25 157 0
25 434 0
26 32 0
27 46 0
28 240 0
28 308 0
29 216 0
30 59 0
30 125 0
30 160 0
30 174 0
30 432 0
31 73 0
31 272 0
32 85 0
32 244 0
32 406 0
33 334 0
34 65 0
34 95 0
35 291 0
36 100 0
36 319 0
36 350 0
37 286 0
38 427 0
39 104 0
39 365 0
40 74 0
40 131 0
41 61 0
41 280 0
41 285 0
41 426 0
42 231 0
42 328 0
43 295 0
45 316 0
45 427 0
45 438 0
46 75 0
46 280 0
46 282 0
47 186 0
47 251 0
47 264 0
47 394 0
48 169 0
48 246 0
48 420 0
49 130 0
49 235 0
50 124 0
50 183 0
50 436 0
52 111 0
52 153 0
52 220 0
52 342 0
52 393 0
53 150 0
53 216 0
53 266 0
53 305 0
54 162 0
54 252 0
54 272 0
54 419 0
55 176 0
55 404 0
56 165 0
56 210 0
57 155 0
57 261 0
57 318 0
57 374 0
58 187 0
58 421 0
59 187 0
59 375 0
60 111 0
60 218 0
60 235 0
61 92 0
62 237 0
62 248 0
62 266 0
62 399 0
62 412 0
62 418 0
63 85 0
63 97 0
63 104 0
63 274 0
63 377 0
64 194 0
64 247 0
65 73 0
65 224 0
66 158 0
66 325 0
67 383 0
68 302 0
69 72 0
69 147 0
69 163 0
69 276 0
69 310 0
69 345 0
70 178 0
71 301 0
71 312 0
71 344 0
71 396 0
73 360 0
73 399 0
74 112 0
76 108 0
76 136 0
76 256 0
76 332 0
76 354 0
78 355 0
78 365 0
79 137 0
79 336 0
79 399 0
79 403 0
80 339 0
81 226 0
82 169 0
83 245 0
83 255 0
84 266 0
85 198 0
85 350 0
85 447 0
86 266 0
87 93 0
87 421 0
88 216 0
88 236 0
89 203 0
89 230 0
90 322 0
91 164 0
91 286 0
91 346 0
92 368 0
93 206 0
93 401 0
93 435 0
94 370 0
94 401 0
95 196 0
95 232 0
95 318 0
96 124 0
96 138 0
97 251 0
97 275 0
98 352 0
99 162 0
99 298 0
99 389 0
99 431 0
100 338 0
102 270 0
102 448 0
103 295 0
105 112 0
106 425 0
107 195 0
107 201 0
107 225 0
108 424 0
108 450 0
109 376 0
110 434 0
111 172 0
111 177 0
111 414 0
112 167 0
112 211 0
112 407 0
113 147 0
113 166 0
113 172 0
113 202 0
113 211 0
113 249 0
113 440 0
114 160 0
114 213 0
114 362 0
114 436 0
116 146 0
116 202 0
116 278 0
116 357 0
117 370 0
118 373 0
118 445 0
119 178 0
120 444 0
121 350 0
122 317 0
123 383 0
124 286 0
124 314 0
124 429 0
126 352 0
126 396 0
127 308 0
128 294 0
129 356 0
130 304 0
131 299 0
131 333 0
131 399 0
131 411 0
132 256 0
133 171 0
134 354 0
135 138 0
135 232 0
136 222 0
136 275 0
136 397 0
137 401 0
138 235 0
138 391 0
139 289 0
139 324 0
140 149 0
140 327 0
140 388 0
140 433 0
140 446 0
141 338 0
142 170 0
142 198 0
142 312 0
142 422 0
143 305 0
144 302 0
144 387 0
145 256 0
145 404 0
147 363 0
147 373 0
148 441 0
149 295 0
150 214 0
150 318 0
150 436 0
151 368 0
152 188 0
152 203 0
152 274 0
152 311 0
153 427 0
154 334 0
154 431 0
155 307 0
156 172 0
156 320 0
156 340 0
157 159 0
157 169 0
157 171 0
157 228 0
158 178 0
159 246 0
159 316 0
159 351 0
159 372 0
160 427 0
160 434 0
161 204 0
161 441 0
164 230 0
165 250 0
165 436 0
166 353 0
167 350 0
168 398 0
169 204 0
169 384 0
171 430 0
172 277 0
175 341 0
175 450 0
176 213 0
176 364 0
176 437 0
177 206 0
177 284 0
177 440 0
178 232 0
179 294 0
180 210 0
181 209 0
181 226 0
181 382 0
181 393 0
182 209 0
183 317 0
183 348 0
184 208 0
184 241 0
184 288 0
184 367 0
184 370 0
185 236 0
186 427 0
187 267 0
189 224 0
190 370 0
191 303 0
191 318 0
192 338 0
193 220 0
193 249 0
193 279 0
193 296 0
194 303 0
196 231 0
197 353 0
199 224 0
200 427 0
202 255 0
202 291 0
202 387 0
203 242 0
203 354 0
206 338 0
206 352 0
207 444 0
208 382 0
209 229 0
209 418 0
210 279 0
210 443 0
211 302 0
212 218 0
213 230 0
213 303 0
214 259 0
214 332 0
214 368 0
214 383 0
216 330 0
216 343 0
217 414 0
218 416 0
220 278 0
220 294 0
223 248 0
223 358 0
223 436 0
224 410 0
226 327 0
226 328 0
226 404 0
227 242 0
227 331 0
228 235 0
228 241 0
228 358 0
229 236 0
230 281 0
231 297 0
231 354 0
231 385 0
232 341 0
233 268 0
234 289 0
234 341 0
235 353 0
236 328 0
236 400 0
237 294 0
237 308 0
237 439 0
237 448 0
238 253 0
239 368 0
240 346 0
241 334 0
241 339 0
242 369 0
242 439 0
243 398 0
245 256 0
245 304 0
245 421 0
245 444 0
246 326 0
247 294 0
248 387 0
248 402 0
248 440 0
248 446 0
250 299 0
250 366 0
250 418 0
252 370 0
252 382 0
252 447 0
253 331 0
253 335 0
253 448 0
254 305 0
255 371 0
256 326 0
256 375 0
257 373 0
258 317 0
259 414 0
260 289 0
261 301 0
262 327 0
262 429 0
263 314 0
263 442 0
265 354 0
266 297 0
268 284 0
268 309 0
268 316 0
268 361 0
269 322 0
269 399 0
270 341 0
271 317 0
273 339 0
275 283 0
276 414 0
279 376 0
280 442 0
280 447 0
283 305 0
284 289 0
284 441 0
286 409 0
286 415 0
287 365 0
289 320 0
290 291 0
291 303 0
291 428 0
292 442 0
293 348 0
295 375 0
295 446 0
300 354 0
302 339 0
302 372 0
303 413 0
304 345 0
304 417 0
306 420 0
307 434 0
308 385 0
312 358 0
312 365 0
312 402 0
313 363 0
313 448 0
314 318 0
314 319 0
314 449 0
315 363 0
317 335 0
318 420 0
321 429 0
322 387 0
322 418 0
323 420 0
324 441 0
325 329 0
325 340 0
325 362 0
325 394 0
328 332 0
332 358 0
334 445 0
336 386 0
337 429 0
339 423 0
341 362 0
346 359 0
346 446 0
348 390 0
349 425 0
353 380 0
356 375 0
356 394 0
356 438 0
358 447 0
362 425 0
363 379 0
363 431 0
364 400 0
368 387 0
373 395 0
374 429 0
377 410 0
378 383 0
381 425 0
381 436 0
382 386 0
382 392 0
394 398 0
394 402 0
398 412 0
402 446 0
405 442 0
415 423 0
421 444 0
