300 353 0
1 255 0
1 276 0
2 266 0
3 143 0
4 191 0
5 146 0
6 89 0
7 111 0
8 51 0
8 79 0
8 196 0
8 209 0
8 250 0
9 80 0
9 172 0
10 233 0
11 30 0
11 42 0
11 196 0
11 252 0
11 275 0
11 286 0
12 23 0
12 239 0
13 15 0
13 84 0
13 156 0
13 270 0
13 292 0
14 15 0
14 17 0
14 102 0
14 174 0
14 228 0
15 145 0
15 258 0
15 266 0
16 258 0
17 60 0
18 127 0
19 162 0
19 299 0
20 127 0
21 111 0
22 38 0
22 80 0
22 122 0
22 203 0
23 106 0
24 36 0
24 47 0
24 67 0
24 75 0
25 49 0
26 241 0
27 64 0
28 216 0
29 131 0
30 152 0
30 181 0
30 289 0
31 34 0
31 232 0
32 215 0
33 180 0
34 57 0
34 71 0
34 107 0
35 254 0
37 215 0
38 129 0
38 135 0
38 181 0
39 251 0
40 194 0
41 239 0
42 108 0
42 139 0
43 281 0
44 260 0
45 172 0
46 113 0
48 149 0
48 151 0
48 153 0
48 167 0
49 179 0
49 259 0
49 263 0
50 267 0
50 274 0
52 283 0
53 284 0
54 113 0
55 133 0
56 109 0
56 158 0
56 239 0
56 283 0
58 143 0
58 169 0
59 66 0
59 122 0
59 128 0
59 164 0
60 139 0
61 182 0
62 165 0
62 195 0
62 245 0
62 246 0
63 283 0
64 177 0
64 217 0
64 243 0
65 85 0
68 161 0
68 205 0
68 293 0
68 297 0
69 237 0
70 75 0
70 76 0
70 114 0
70 118 0
70 159 0
71 72 0
72 125 0
72 160 0
72 198 0
72 296 0
73 83 0
74 289 0
75 109 0
75 134 0
75 182 0
75 225 0
76 289 0
77 85 0
77 169 0
78 104 0
79 104 0
80 147 0
80 214 0
80 254 0
81 139 0
82 191 0
83 122 0
83 141 0
83 189 0
84 113 0
84 135 0
84 194 0
85 86 0
85 98 0
86 89 0
86 99 0
86 104 0
87 190 0
87 218 0
87 243 0
88 266 0
89 110 0
89 264 0
90 101 0
90 186 0
91 182 0
92 133 0
93 129 0
93 138 0
93 178 0
93 209 0
93 213 0
93 246 0
94 255 0
94 289 0
95 223 0
96 105 0
96 117 0
96 123 0
96 226 0
97 137 0
97 163 0
97 176 0
97 184 0
97 188 0
97 261 0
98 221 0
99 121 0
99 123 0
99 184 0
100 131 0
101 197 0
101 203 0
101 262 0
103 187 0
103 198 0
103 207 0
103 254 0
103 273 0
104 268 0
106 151 0
106 229 0
106 276 0
107 127 0
107 139 0
107 181 0
108 147 0
109 179 0
109 184 0
109 298 0
111 174 0
111 209 0
111 238 0
111 257 0
112 166 0
112 178 0
112 192 0
112 204 0
112 269 0
113 222 0
115 124 0
115 214 0
116 237 0
119 183 0
120 274 0
121 135 0
121 157 0
121 237 0
121 240 0
121 260 0
121 294 0
122 280 0
123 169 0
123 274 0
124 280 0
126 136 0
126 203 0
126 267 0
126 277 0
127 247 0
129 184 0
130 196 0
130 198 0
130 224 0
130 253 0
130 291 0
131 209 0
131 234 0
132 162 0
133 137 0
133 152 0
133 272 0
134 258 0
135 198 0
135 209 0
136 138 0
137 145 0
137 180 0
138 183 0
138 279 0
140 169 0
140 241 0
142 283 0
143 178 0
143 228 0
143 236 0
144 214 0
145 151 0
145 184 0
146 155 0
146 161 0
146 221 0
147 242 0
147 287 0
148 216 0
150 266 0
151 251 0
152 230 0
152 288 0
152 300 0
154 260 0
154 297 0
157 208 0
157 219 0
157 240 0
158 244 0
158 269 0
158 290 0
161 181 0
161 215 0
162 238 0
162 285 0
167 292 0
168 215 0
169 235 0
169 271 0
170 254 0
171 237 0
172 203 0
172 227 0
173 251 0
175 180 0
175 289 0
176 211 0
176 255 0
178 255 0
179 183 0
179 223 0
180 256 0
182 225 0
183 210 0
185 284 0
186 281 0
188 194 0
188 281 0
191 206 0
191 243 0
193 223 0
194 201 0
194 232 0
199 260 0
200 233 0
202 239 0
211 280 0
212 284 0
213 233 0
213 241 0
213 284 0
214 248 0
216 279 0
216 285 0
219 245 0
220 223 0
231 289 0
232 268 0
233 265 0
240 273 0
241 278 0
243 246 0
246 264 0
246 285 0
249 274 0
251 276 0
251 298 0
254 299 0
258 295 0
259 295 0
263 285 0
280 282 0
281 285 0
281 294 0
281 297 0
