1000 1239 0
1 177 0
2 102 0
2 267 0
2 863 0
2 882 0
3 474 0
3 560 0
3 909 0
4 895 0
5 345 0
5 642 0
5 702 0
5 790 0
5 842 0
6 797 0
7 87 0
8 504 0
9 238 0
9 419 0
9 544 0
9 827 0
10 95 0
10 162 0
10 293 0
10 452 0
10 493 0
10 567 0
10 840 0
11 797 0
12 187 0
13 107 0
13 250 0
13 706 0
13 757 0
13 817 0
13 889 0
14 221 0
15 215 0
15 409 0
15 431 0
15 742 0
16 25 0
17 448 0
17 464 0
17 562 0
17 775 0
17 985 0
18 69 0
18 261 0
18 307 0
18 707 0
18 957 0
19 444 0
20 68 0
20 120 0
20 180 0
20 689 0
20 766 0
20 918 0
21 76 0
21 574 0
21 728 0
21 952 0
22 278 0
22 492 0
22 530 0
22 740 0
22 778 0
23 516 0
24 563 0
25 245 0
25 608 0
25 724 0
25 912 0
26 810 0
27 659 0
28 853 0
28 968 0
28 990 0
29 68 0
29 167 0
29 754 0
30 949 0
31 88 0
31 336 0
31 416 0
31 478 0
31 904 0
32 345 0
33 504 0
34 149 0
34 245 0
34 315 0
34 351 0
34 509 0
35 192 0
35 282 0
35 720 0
35 963 0
36 420 0
37 177 0
38 249 0
38 573 0
38 674 0
38 853 0
38 886 0
39 428 0
40 781 0
41 148 0
42 139 0
42 169 0
42 458 0
42 635 0
42 772 0
43 64 0
43 66 0
43 484 0
43 762 0
43 791 0
44 504 0
45 93 0
45 191 0
45 493 0
45 639 0
46 497 0
47 348 0
48 250 0
49 667 0
49 824 0
49 929 0
50 790 0
51 327 0
52 287 0
53 321 0
54 805 0
55 795 0
56 339 0
56 567 0
56 725 0
56 981 0
57 119 0
58 474 0
59 134 0
59 261 0
59 444 0
59 610 0
59 652 0
59 751 0
60 86 0
60 719 0
60 924 0
61 260 0
62 65 0
62 219 0
62 333 0
62 595 0
63 197 0
65 543 0
65 824 0
65 967 0
67 248 0
68 315 0
68 378 0
68 529 0
70 466 0
71 507 0
71 621 0
71 816 0
71 943 0
72 890 0
73 222 0
73 243 0
73 385 0
73 523 0
73 838 0
74 279 0
74 395 0
74 854 0
74 930 0
74 968 0
75 334 0
76 141 0
76 382 0
76 723 0
76 946 0
77 304 0
78 283 0
79 190 0
79 420 0
79 435 0
79 505 0
79 551 0
80 225 0
80 321 0
80 756 0
80 995 0
81 930 0
82 483 0
83 403 0
84 221 0
84 313 0
84 543 0
84 677 0
84 770 0
85 110 0
86 130 0
86 179 0
86 258 0
86 309 0
86 440 0
87 572 0
87 647 0
87 879 0
89 219 0
89 261 0
89 700 0
89 941 0
89 993 0
90 310 0
91 260 0
92 287 0
94 176 0
94 450 0
94 662 0
94 672 0
95 600 0
95 797 0
96 178 0
96 287 0
96 538 0
96 886 0
97 683 0
98 284 0
98 308 0
98 673 0
98 846 0
99 393 0
99 473 0
99 858 0
99 876 0
99 882 0
99 910 0
100 231 0
101 706 0
102 260 0
102 470 0
103 895 0
104 674 0
105 332 0
105 516 0
105 618 0
105 901 0
105 971 0
106 451 0
106 779 0
106 801 0
106 991 0
107 162 0
107 649 0
107 982 0
108 580 0
109 890 0
110 219 0
110 408 0
110 969 0
111 458 0
112 751 0
113 410 0
114 524 0
114 661 0
114 719 0
114 766 0
115 973 0
116 185 0
116 266 0
116 575 0
116 675 0
117 338 0
117 437 0
117 450 0
117 769 0
118 165 0
119 142 0
119 146 0
119 590 0
120 244 0
120 280 0
120 925 0
120 952 0
121 770 0
122 836 0
123 689 0
124 139 0
125 971 0
126 327 0
127 683 0
128 276 0
129 947 0
130 362 0
130 611 0
130 623 0
130 728 0
131 990 0
132 548 0
133 961 0
134 282 0
134 623 0
134 742 0
135 415 0
136 229 0
136 597 0
136 644 0
136 929 0
136 977 0
137 961 0
138 761 0
139 539 0
139 628 0
140 227 0
143 354 0
143 451 0
143 482 0
143 774 0
144 413 0
144 508 0
144 706 0
145 225 0
146 372 0
146 378 0
147 909 0
148 433 0
148 535 0
148 777 0
148 944 0
150 177 0
150 756 0
150 775 0
151 194 0
151 567 0
151 665 0
151 937 0
152 549 0
153 422 0
153 571 0
153 644 0
153 991 0
154 659 0
155 167 0
155 895 0
155 913 0
156 404 0
157 362 0
157 388 0
157 590 0
157 845 0
158 770 0
159 512 0
160 265 0
160 271 0
160 625 0
160 776 0
161 854 0
162 260 0
163 877 0
164 924 0
165 343 0
165 357 0
165 779 0
165 794 0
166 818 0
167 175 0
167 506 0
167 779 0
167 920 0
168 469 0
168 690 0
168 755 0
168 842 0
168 992 0
169 533 0
169 828 0
169 888 0
170 329 0
170 442 0
170 996 0
171 174 0
171 190 0
171 570 0
171 617 0
171 940 0
172 554 0
173 201 0
173 248 0
173 514 0
174 280 0
174 453 0
174 625 0
177 286 0
177 529 0
177 585 0
177 838 0
178 517 0
178 622 0
178 870 0
179 383 0
179 458 0
180 329 0
180 990 0
181 337 0
181 528 0
181 667 0
181 878 0
182 378 0
182 877 0
182 957 0
183 251 0
184 334 0
185 261 0
185 679 0
186 453 0
186 728 0
186 829 0
187 394 0
187 765 0
187 878 0
188 924 0
189 475 0
190 697 0
190 754 0
190 817 0
192 383 0
192 408 0
193 365 0
193 568 0
193 779 0
194 327 0
194 340 0
194 921 0
195 380 0
195 493 0
195 790 0
195 967 0
196 483 0
197 203 0
197 372 0
197 373 0
197 385 0
198 891 0
199 998 0
200 201 0
200 462 0
200 949 0
200 995 0
201 456 0
201 808 0
201 932 0
202 205 0
204 413 0
204 463 0
204 583 0
204 848 0
204 942 0
205 275 0
205 333 0
205 988 0
206 561 0
207 315 0
207 348 0
207 638 0
208 354 0
208 401 0
208 526 0
209 810 0
210 287 0
211 561 0
212 247 0
213 258 0
213 551 0
213 807 0
214 761 0
216 258 0
216 689 0
216 841 0
217 881 0
218 909 0
219 606 0
219 660 0
220 933 0
221 273 0
221 393 0
221 616 0
221 938 0
221 957 0
222 284 0
222 710 0
223 679 0
224 580 0
225 633 0
225 714 0
226 610 0
227 270 0
227 565 0
227 614 0
228 921 0
229 487 0
229 507 0
229 622 0
229 946 0
230 252 0
230 369 0
230 757 0
230 824 0
230 886 0
231 754 0
231 868 0
231 945 0
232 271 0
233 770 0
234 851 0
235 424 0
236 659 0
236 936 0
236 942 0
236 962 0
236 970 0
237 466 0
239 263 0
240 268 0
240 348 0
240 586 0
240 656 0
240 701 0
240 772 0
241 984 0
242 980 0
244 690 0
244 738 0
244 849 0
245 252 0
245 375 0
246 901 0
247 372 0
247 814 0
247 859 0
248 742 0
248 954 0
249 347 0
249 397 0
249 986 0
250 363 0
250 500 0
250 628 0
251 289 0
251 381 0
251 498 0
251 550 0
252 651 0
252 882 0
253 276 0
253 751 0
253 848 0
254 313 0
255 291 0
255 543 0
255 549 0
255 759 0
256 264 0
256 492 0
256 834 0
256 989 0
257 836 0
258 711 0
258 715 0
259 537 0
259 544 0
259 590 0
259 707 0
259 937 0
259 1000 0
260 318 0
260 528 0
262 709 0
263 284 0
263 377 0
263 800 0
263 820 0
265 292 0
265 481 0
265 748 0
266 471 0
266 750 0
266 977 0
268 701 0
268 801 0
269 524 0
270 310 0
270 642 0
270 710 0
271 696 0
271 931 0
272 404 0
274 573 0
276 408 0
276 507 0
276 835 0
277 547 0
279 313 0
279 538 0
279 872 0
280 407 0
280 428 0
280 913 0
280 967 0
281 750 0
282 890 0
282 891 0
283 437 0
283 521 0
283 599 0
283 803 0
284 597 0
284 780 0
285 458 0
288 919 0
289 395 0
289 711 0
289 761 0
289 998 0
290 918 0
291 435 0
291 457 0
291 502 0
294 940 0
295 799 0
296 460 0
297 470 0
298 829 0
299 818 0
300 549 0
301 573 0
302 546 0
303 893 0
304 615 0
304 670 0
304 678 0
305 551 0
306 930 0
309 612 0
309 722 0
309 815 0
310 663 0
310 905 0
311 890 0
312 949 0
313 555 0
314 584 0
314 596 0
314 666 0
314 991 0
315 947 0
316 427 0
317 756 0
319 843 0
320 841 0
321 643 0
321 958 0
322 921 0
323 595 0
323 925 0
323 950 0
323 965 0
324 971 0
325 641 0
326 333 0
326 369 0
326 785 0
326 857 0
326 880 0
327 402 0
328 854 0
329 434 0
329 952 0
330 626 0
331 580 0
332 467 0
332 750 0
333 733 0
334 804 0
334 1000 0
335 345 0
336 623 0
336 702 0
337 841 0
337 843 0
337 947 0
338 404 0
338 612 0
338 765 0
338 940 0
340 718 0
340 732 0
340 764 0
341 844 0
341 851 0
341 977 0
341 980 0
342 843 0
344 407 0
345 369 0
345 960 0
346 898 0
348 839 0
349 893 0
350 459 0
352 383 0
352 719 0
352 1000 0
353 440 0
354 365 0
354 810 0
354 874 0
355 460 0
356 459 0
357 766 0
357 984 0
358 415 0
359 797 0
360 710 0
361 841 0
362 781 0
364 524 0
364 576 0
364 586 0
365 445 0
365 572 0
365 812 0
365 925 0
365 948 0
366 560 0
367 442 0
368 610 0
368 923 0
368 940 0
370 442 0
370 670 0
370 779 0
371 505 0
372 901 0
374 512 0
375 438 0
375 525 0
375 578 0
376 426 0
378 781 0
378 924 0
379 709 0
380 451 0
380 594 0
380 860 0
380 987 0
382 640 0
382 674 0
383 449 0
383 544 0
383 864 0
384 898 0
385 652 0
385 772 0
385 898 0
386 844 0
387 617 0
389 546 0
390 440 0
391 689 0
392 841 0
393 497 0
393 656 0
395 690 0
395 697 0
396 524 0
398 733 0
399 891 0
400 752 0
401 511 0
401 640 0
401 694 0
401 728 0
403 465 0
403 807 0
403 883 0
404 585 0
404 767 0
405 524 0
406 702 0
407 693 0
407 900 0
407 938 0
408 933 0
410 508 0
410 726 0
410 807 0
410 814 0
410 889 0
411 961 0
412 547 0
413 491 0
413 771 0
413 886 0
414 780 0
415 670 0
415 911 0
417 661 0
418 425 0
418 451 0
418 496 0
418 541 0
418 861 0
420 736 0
420 852 0
421 570 0
423 570 0
424 729 0
424 904 0
424 939 0
426 528 0
426 727 0
426 737 0
427 589 0
427 731 0
427 782 0
427 855 0
428 632 0
428 695 0
429 470 0
429 706 0
429 810 0
430 936 0
432 970 0
433 459 0
433 758 0
433 781 0
434 512 0
434 546 0
434 776 0
435 444 0
436 574 0
437 697 0
439 702 0
440 978 0
441 478 0
441 479 0
441 668 0
441 671 0
441 680 0
441 902 0
442 595 0
442 656 0
443 538 0
444 556 0
444 938 0
446 607 0
447 512 0
448 747 0
448 971 0
450 758 0
450 877 0
453 548 0
453 828 0
454 520 0
454 600 0
454 605 0
454 967 0
455 921 0
458 671 0
459 531 0
460 636 0
460 707 0
461 574 0
462 537 0
462 819 0
462 865 0
466 593 0
466 731 0
467 572 0
467 699 0
467 739 0
467 914 0
468 499 0
469 600 0
469 842 0
470 598 0
470 650 0
470 743 0
470 847 0
471 652 0
471 691 0
471 917 0
472 520 0
472 585 0
472 940 0
473 514 0
473 574 0
474 553 0
474 588 0
474 902 0
475 544 0
475 681 0
475 979 0
476 831 0
477 881 0
478 679 0
480 607 0
483 684 0
483 742 0
484 707 0
484 851 0
485 617 0
486 913 0
487 499 0
487 581 0
487 648 0
487 837 0
487 990 0
488 683 0
489 780 0
490 626 0
491 587 0
491 688 0
491 724 0
491 837 0
492 626 0
492 995 0
494 990 0
495 586 0
496 546 0
496 641 0
496 732 0
497 657 0
497 882 0
498 831 0
498 918 0
499 677 0
499 686 0
499 788 0
501 554 0
503 898 0
504 665 0
505 508 0
505 513 0
505 787 0
507 805 0
508 971 0
510 831 0
514 527 0
514 630 0
514 803 0
515 747 0
516 557 0
516 646 0
516 735 0
518 560 0
519 795 0
520 522 0
520 746 0
522 772 0
522 968 0
526 558 0
526 634 0
526 651 0
528 619 0
529 772 0
530 563 0
530 801 0
532 605 0
534 552 0
534 639 0
534 703 0
534 853 0
536 701 0
537 661 0
538 602 0
538 698 0
540 895 0
542 844 0
543 670 0
544 887 0
545 894 0
546 582 0
547 731 0
547 972 0
548 665 0
548 999 0
549 983 0
551 906 0
554 754 0
554 880 0
555 617 0
555 890 0
559 996 0
560 665 0
561 635 0
561 775 0
563 650 0
563 820 0
564 795 0
566 747 0
567 828 0
567 853 0
567 919 0
568 803 0
568 817 0
568 922 0
569 752 0
570 773 0
570 842 0
572 668 0
572 758 0
573 717 0
573 872 0
574 644 0
574 783 0
574 804 0
576 708 0
576 804 0
576 874 0
576 885 0
577 780 0
579 881 0
580 595 0
581 781 0
581 829 0
585 831 0
585 962 0
586 682 0
590 924 0
591 894 0
592 836 0
597 639 0
597 814 0
598 810 0
598 854 0
600 903 0
601 980 0
603 771 0
604 970 0
605 813 0
605 838 0
605 997 0
606 792 0
606 907 0
606 955 0
607 651 0
607 856 0
609 913 0
610 796 0
610 897 0
611 638 0
611 655 0
611 660 0
611 745 0
611 789 0
612 652 0
613 701 0
617 635 0
617 724 0
617 964 0
618 697 0
618 731 0
618 804 0
619 712 0
619 887 0
619 935 0
620 940 0
622 757 0
622 987 0
623 667 0
623 758 0
624 810 0
625 763 0
625 793 0
626 629 0
627 971 0
628 780 0
631 719 0
631 761 0
631 929 0
637 818 0
638 756 0
638 780 0
639 975 0
640 701 0
640 996 0
641 660 0
641 722 0
641 762 0
642 721 0
642 883 0
645 930 0
648 806 0
648 871 0
648 957 0
650 799 0
650 962 0
651 752 0
653 674 0
654 679 0
658 968 0
659 889 0
661 687 0
661 862 0
662 676 0
662 679 0
662 777 0
664 936 0
667 721 0
668 975 0
669 980 0
670 810 0
671 801 0
676 679 0
676 757 0
676 797 0
676 973 0
677 799 0
679 786 0
683 849 0
683 946 0
685 975 0
688 790 0
688 814 0
689 875 0
690 818 0
692 936 0
694 707 0
694 854 0
697 824 0
701 722 0
702 867 0
704 893 0
705 805 0
707 718 0
707 961 0
709 899 0
709 902 0
710 749 0
711 895 0
713 891 0
716 901 0
718 779 0
719 735 0
721 772 0
721 987 0
721 995 0
728 926 0
728 984 0
730 973 0
732 987 0
733 927 0
733 951 0
734 831 0
735 919 0
741 799 0
744 751 0
747 814 0
750 896 0
751 915 0
752 850 0
753 970 0
754 848 0
754 894 0
756 828 0
757 904 0
759 869 0
759 892 0
759 942 0
759 959 0
760 947 0
761 872 0
762 795 0
762 977 0
765 810 0
766 902 0
766 937 0
768 805 0
771 908 0
771 953 0
775 776 0
775 933 0
776 801 0
777 933 0
779 829 0
780 782 0
780 941 0
781 784 0
782 851 0
798 909 0
801 929 0
801 962 0
802 998 0
803 837 0
803 967 0
807 975 0
809 998 0
811 901 0
820 902 0
821 844 0
822 877 0
823 996 0
824 1000 0
825 984 0
826 933 0
829 873 0
830 975 0
832 968 0
833 940 0
836 878 0
843 916 0
848 919 0
849 909 0
866 918 0
874 921 0
878 881 0
880 919 0
883 909 0
883 923 0
884 923 0
886 887 0
893 946 0
894 994 0
895 904 0
919 934 0
923 928 0
929 937 0
941 977 0
949 976 0
956 973 0
966 996 0
968 974 0
991 996 0
