300 380 0
1 41 0
1 250 0
2 41 0
2 130 0
2 178 0
2 217 0
2 256 0
2 269 0
3 43 0
3 64 0
3 196 0
3 220 0
3 226 0
3 272 0
3 275 0
4 76 0
4 284 0
5 38 0
5 58 0
5 184 0
5 203 0
6 138 0
6 215 0
7 46 0
7 160 0
8 120 0
8 184 0
8 189 0
8 246 0
9 269 0
10 266 0
11 37 0
12 25 0
12 182 0
13 141 0
14 25 0
14 91 0
14 106 0
14 245 0
15 176 0
16 177 0
16 192 0
16 199 0
17 123 0
18 259 0
19 76 0
19 167 0
20 88 0
21 91 0
21 129 0
21 174 0
21 233 0
22 122 0
23 33 0
23 54 0
23 158 0
23 258 0
24 48 0
25 90 0
25 285 0
26 147 0
27 109 0
27 212 0
28 116 0
29 77 0
29 142 0
29 283 0
30 129 0
30 189 0
31 238 0
32 175 0
33 108 0
33 162 0
33 168 0
34 96 0
35 77 0
35 141 0
36 176 0
37 46 0
37 77 0
37 83 0
37 249 0
38 50 0
38 61 0
38 65 0
38 135 0
38 243 0
38 276 0
39 108 0
40 203 0
41 56 0
41 251 0
41 284 0
42 238 0
43 94 0
43 179 0
44 91 0
45 109 0
46 218 0
47 281 0
48 110 0
48 212 0
48 233 0
49 118 0
51 142 0
51 273 0
52 215 0
53 97 0
55 96 0
55 113 0
55 154 0
55 160 0
55 258 0
56 76 0
56 117 0
56 129 0
56 181 0
56 235 0
57 254 0
58 119 0
58 181 0
58 257 0
59 68 0
60 145 0
61 145 0
61 246 0
61 281 0
62 84 0
63 169 0
63 174 0
63 190 0
63 233 0
65 269 0
66 161 0
67 136 0
68 83 0
68 157 0
68 182 0
69 76 0
69 216 0
69 272 0
70 120 0
70 237 0
71 118 0
71 133 0
71 154 0
71 266 0
72 297 0
73 146 0
73 154 0
74 199 0
75 250 0
76 142 0
76 270 0
77 137 0
77 181 0
77 210 0
77 274 0
77 288 0
78 139 0
78 188 0
78 220 0
78 294 0
79 160 0
79 255 0
80 175 0
81 223 0
82 87 0
82 222 0
82 230 0
82 272 0
82 273 0
83 147 0
83 235 0
84 173 0
84 231 0
84 252 0
85 116 0
86 203 0
86 277 0
88 144 0
88 178 0
88 202 0
88 248 0
89 133 0
91 286 0
92 251 0
93 113 0
93 147 0
94 238 0
95 105 0
95 175 0
96 112 0
96 143 0
97 98 0
97 117 0
97 125 0
97 198 0
99 113 0
100 109 0
100 193 0
100 238 0
100 250 0
101 216 0
102 147 0
103 114 0
103 156 0
103 261 0
103 278 0
104 107 0
104 152 0
104 171 0
104 224 0
104 226 0
105 157 0
105 230 0
105 279 0
106 132 0
106 153 0
106 207 0
106 253 0
108 166 0
108 201 0
109 171 0
109 192 0
110 211 0
111 133 0
111 225 0
113 126 0
113 191 0
115 122 0
116 242 0
116 278 0
117 122 0
117 205 0
117 245 0
118 290 0
118 295 0
120 151 0
120 240 0
121 159 0
121 221 0
121 231 0
121 237 0
121 258 0
122 206 0
123 153 0
123 204 0
123 296 0
124 170 0
127 140 0
127 145 0
127 164 0
128 141 0
128 167 0
129 225 0
129 292 0
130 209 0
131 165 0
131 172 0
131 230 0
131 272 0
131 283 0
133 197 0
133 212 0
134 170 0
136 183 0
136 235 0
136 271 0
137 223 0
137 285 0
138 216 0
140 144 0
140 199 0
141 150 0
141 241 0
142 213 0
142 256 0
142 264 0
142 291 0
144 147 0
144 170 0
144 199 0
144 215 0
144 246 0
145 232 0
146 164 0
146 220 0
146 248 0
146 277 0
148 179 0
148 207 0
149 223 0
154 157 0
154 292 0
155 244 0
157 161 0
157 175 0
160 229 0
161 208 0
161 210 0
162 177 0
162 187 0
162 234 0
163 270 0
164 249 0
167 204 0
167 228 0
167 260 0
168 171 0
168 225 0
168 233 0
170 194 0
171 259 0
171 269 0
172 213 0
174 270 0
175 178 0
176 264 0
176 280 0
179 183 0
179 241 0
179 247 0
180 244 0
181 244 0
184 209 0
184 275 0
184 293 0
185 251 0
186 259 0
189 268 0
189 300 0
193 231 0
193 241 0
193 292 0
195 254 0
198 205 0
199 233 0
200 221 0
200 284 0
203 214 0
203 220 0
203 266 0
204 223 0
204 289 0
205 211 0
205 239 0
205 281 0
207 230 0
214 241 0
215 298 0
216 224 0
216 231 0
218 281 0
219 251 0
220 289 0
225 246 0
225 289 0
227 250 0
228 244 0
235 272 0
235 298 0
236 259 0
241 270 0
243 269 0
245 278 0
245 292 0
251 265 0
254 264 0
254 299 0
255 284 0
262 297 0
263 266 0
264 289 0
265 297 0
266 282 0
267 270 0
270 279 0
278 297 0
281 287 0
