500 603 0
1 77 0
2 262 0
3 444 0
4 469 0
5 48 0
6 276 0
7 32 0
7 57 0
7 63 0
7 112 0
7 167 0
8 43 0
8 185 0
8 240 0
8 298 0
9 298 0
9 492 0
10 388 0
11 360 0
12 22 0
12 482 0
13 234 0
13 422 0
14 100 0
14 224 0
14 273 0
15 360 0
16 265 0
17 50 0
17 155 0
17 173 0
17 256 0
18 71 0
18 134 0
18 179 0
18 214 0
19 31 0
20 117 0
20 129 0
20 259 0
20 308 0
21 139 0
21 263 0
22 112 0
22 176 0
23 24 0
23 100 0
23 209 0
23 489 0
24 31 0
24 234 0
24 236 0
24 271 0
25 148 0
25 176 0
25 392 0
26 243 0
27 463 0
28 60 0
28 300 0
28 309 0
28 340 0
29 39 0
30 151 0
30 455 0
31 121 0
31 467 0
32 61 0
32 75 0
32 120 0
32 329 0
33 135 0
33 287 0
33 381 0
33 471 0
34 313 0
35 259 0
36 40 0
36 52 0
36 60 0
36 69 0
36 153 0
36 171 0
36 238 0
37 410 0
38 410 0
39 175 0
39 278 0
39 283 0
40 72 0
41 291 0
42 319 0
42 437 0
43 362 0
43 394 0
43 463 0
44 199 0
45 119 0
45 147 0
45 192 0
45 292 0
46 462 0
47 405 0
48 110 0
48 242 0
48 369 0
48 424 0
48 438 0
49 90 0
49 437 0
49 480 0
50 244 0
50 275 0
50 283 0
51 60 0
52 161 0
52 165 0
52 203 0
52 361 0
52 431 0
52 492 0
53 389 0
54 188 0
55 197 0
56 453 0
57 81 0
57 174 0
57 418 0
58 482 0
59 318 0
59 398 0
60 205 0
60 257 0
60 464 0
62 129 0
62 303 0
63 250 0
64 144 0
64 319 0
64 359 0
64 477 0
64 478 0
65 113 0
65 164 0
65 213 0
65 468 0
66 210 0
66 367 0
66 369 0
66 457 0
66 483 0
67 396 0
68 286 0
70 197 0
70 232 0
70 276 0
70 451 0
71 86 0
71 364 0
71 418 0
72 131 0
72 237 0
72 264 0
72 340 0
73 291 0
74 119 0
74 160 0
74 258 0
74 338 0
76 328 0
77 246 0
77 279 0
77 403 0
77 468 0
78 174 0
78 200 0
78 204 0
78 320 0
78 363 0
78 493 0
79 360 0
80 143 0
80 239 0
80 450 0
80 453 0
81 133 0
81 215 0
81 488 0
82 117 0
82 156 0
82 398 0
82 444 0
82 490 0
83 291 0
84 226 0
85 209 0
85 274 0
85 371 0
85 473 0
86 223 0
86 402 0
86 411 0
86 441 0
87 444 0
87 476 0
88 233 0
88 299 0
89 99 0
90 286 0
91 444 0
92 138 0
92 463 0
92 489 0
93 226 0
94 218 0
94 250 0
95 377 0
96 262 0
96 427 0
97 260 0
98 463 0
99 272 0
99 275 0
99 355 0
100 117 0
100 256 0
100 362 0
100 456 0
101 255 0
101 307 0
101 424 0
101 433 0
102 125 0
102 157 0
102 239 0
102 480 0
103 105 0
103 404 0
104 184 0
104 213 0
105 124 0
105 163 0
105 192 0
105 346 0
106 171 0
106 270 0
106 358 0
106 416 0
106 474 0
107 382 0
108 233 0
108 402 0
109 271 0
109 305 0
111 370 0
114 202 0
114 292 0
115 129 0
116 144 0
117 242 0
117 401 0
118 270 0
119 291 0
119 410 0
120 227 0
120 300 0
120 445 0
121 167 0
122 158 0
122 246 0
123 184 0
125 142 0
125 172 0
125 261 0
126 226 0
126 322 0
127 156 0
127 408 0
128 232 0
129 342 0
130 208 0
130 303 0
130 305 0
130 337 0
130 441 0
132 171 0
132 311 0
136 394 0
137 170 0
137 296 0
137 362 0
137 382 0
137 397 0
137 453 0
138 195 0
139 253 0
139 375 0
139 455 0
140 354 0
141 477 0
142 493 0
143 263 0
143 409 0
143 421 0
144 182 0
144 247 0
145 191 0
145 277 0
145 307 0
145 337 0
145 430 0
146 267 0
146 285 0
146 457 0
146 498 0
147 256 0
147 359 0
147 418 0
148 354 0
149 204 0
149 225 0
149 301 0
149 429 0
150 426 0
151 343 0
151 368 0
151 407 0
151 417 0
152 322 0
154 174 0
154 220 0
154 232 0
155 239 0
155 416 0
155 451 0
156 314 0
156 355 0
156 460 0
157 169 0
157 222 0
157 331 0
157 415 0
158 426 0
159 492 0
162 364 0
163 304 0
165 413 0
165 439 0
165 461 0
166 437 0
168 482 0
169 323 0
170 383 0
170 400 0
170 415 0
171 480 0
173 373 0
173 413 0
173 445 0
174 210 0
174 299 0
174 432 0
175 267 0
176 283 0
176 399 0
177 271 0
178 287 0
178 310 0
178 428 0
178 458 0
180 450 0
181 227 0
183 364 0
184 209 0
184 219 0
184 306 0
184 427 0
185 407 0
186 221 0
187 388 0
188 237 0
188 321 0
188 407 0
189 319 0
190 429 0
190 461 0
192 260 0
192 462 0
192 467 0
193 286 0
193 396 0
194 394 0
195 253 0
195 288 0
195 302 0
196 423 0
197 313 0
197 349 0
197 476 0
198 405 0
199 284 0
199 292 0
199 386 0
200 218 0
201 273 0
202 264 0
202 312 0
202 341 0
202 448 0
202 457 0
204 246 0
204 343 0
204 445 0
205 273 0
205 396 0
205 413 0
206 359 0
206 426 0
207 313 0
209 469 0
211 245 0
211 249 0
211 362 0
211 435 0
211 446 0
212 304 0
216 218 0
216 233 0
216 373 0
216 389 0
217 377 0
218 317 0
219 243 0
220 477 0
221 275 0
221 334 0
221 379 0
223 261 0
224 406 0
226 486 0
226 489 0
227 248 0
227 387 0
228 308 0
229 259 0
229 362 0
230 389 0
231 286 0
232 477 0
232 497 0
233 323 0
234 339 0
234 390 0
235 377 0
236 391 0
237 322 0
237 451 0
238 282 0
238 327 0
238 373 0
238 406 0
239 468 0
239 488 0
241 276 0
242 380 0
242 492 0
243 275 0
243 436 0
244 351 0
244 388 0
244 428 0
244 482 0
245 304 0
245 360 0
245 373 0
246 297 0
246 395 0
250 296 0
251 296 0
251 439 0
252 262 0
253 370 0
253 451 0
254 450 0
259 416 0
259 484 0
260 309 0
260 318 0
262 292 0
265 416 0
265 447 0
265 470 0
266 418 0
266 462 0
268 394 0
269 276 0
270 494 0
271 356 0
273 350 0
275 299 0
280 300 0
281 391 0
282 327 0
282 348 0
282 481 0
283 405 0
286 355 0
286 424 0
287 313 0
287 359 0
288 368 0
289 398 0
290 423 0
292 423 0
293 492 0
294 304 0
295 311 0
296 306 0
296 392 0
300 491 0
303 354 0
303 408 0
303 426 0
303 445 0
304 406 0
308 374 0
308 494 0
311 365 0
311 489 0
313 378 0
315 408 0
316 416 0
316 440 0
316 465 0
316 500 0
319 383 0
319 404 0
322 456 0
324 425 0
325 328 0
326 398 0
328 385 0
328 468 0
330 391 0
332 406 0
333 425 0
335 351 0
336 437 0
337 413 0
337 425 0
343 360 0
344 466 0
345 425 0
347 406 0
351 448 0
351 472 0
352 466 0
353 388 0
354 442 0
357 461 0
358 489 0
359 424 0
361 469 0
362 417 0
362 420 0
364 372 0
365 458 0
366 439 0
370 384 0
370 443 0
376 462 0
377 417 0
380 393 0
380 454 0
380 459 0
382 412 0
382 490 0
389 485 0
391 424 0
396 479 0
397 461 0
401 439 0
405 414 0
408 478 0
408 495 0
410 422 0
413 486 0
417 437 0
418 457 0
419 466 0
420 453 0
422 472 0
423 496 0
431 485 0
434 469 0
438 479 0
438 490 0
449 450 0
452 453 0
466 489 0
475 480 0
477 499 0
480 487 0
