900 989 0
1 646 0
2 60 0
3 95 0
4 408 0
4 572 0
4 633 0
4 729 0
5 178 0
5 398 0
5 474 0
5 507 0
6 412 0
6 705 0
6 710 0
6 808 0
7 99 0
7 118 0
7 325 0
7 786 0
8 186 0
9 735 0
10 144 0
10 260 0
10 344 0
10 607 0
10 615 0
10 659 0
11 55 0
11 71 0
11 530 0
11 626 0
12 369 0
13 686 0
13 805 0
13 841 0
13 885 0
14 557 0
15 405 0
16 243 0
17 749 0
18 644 0
19 384 0
19 547 0
19 562 0
19 884 0
20 85 0
20 95 0
20 146 0
20 467 0
20 673 0
21 225 0
22 317 0
22 559 0
22 560 0
22 858 0
23 325 0
23 450 0
23 873 0
24 334 0
24 404 0
24 439 0
24 819 0
25 149 0
26 95 0
27 822 0
28 858 0
29 237 0
29 316 0
29 608 0
29 620 0
29 724 0
30 463 0
31 121 0
31 149 0
31 344 0
31 617 0
32 378 0
33 143 0
34 397 0
35 407 0
36 559 0
37 601 0
38 84 0
39 103 0
39 337 0
39 492 0
39 848 0
40 726 0
41 177 0
42 123 0
42 659 0
42 808 0
43 188 0
43 799 0
43 843 0
43 872 0
44 440 0
45 458 0
46 334 0
47 290 0
48 184 0
49 79 0
49 361 0
49 500 0
49 588 0
50 407 0
51 280 0
52 205 0
52 534 0
52 646 0
52 710 0
53 699 0
54 165 0
54 338 0
54 444 0
54 532 0
54 658 0
56 122 0
56 438 0
56 504 0
56 677 0
57 683 0
58 599 0
59 628 0
60 161 0
60 412 0
60 765 0
61 489 0
62 251 0
63 733 0
64 559 0
65 180 0
65 261 0
65 364 0
65 745 0
66 84 0
67 81 0
68 186 0
68 628 0
68 654 0
68 705 0
69 304 0
69 335 0
69 396 0
69 784 0
69 887 0
70 844 0
72 344 0
72 460 0
72 473 0
72 737 0
72 838 0
73 108 0
73 336 0
73 447 0
73 669 0
74 320 0
75 315 0
76 208 0
77 152 0
78 207 0
78 301 0
78 331 0
78 740 0
79 84 0
79 129 0
79 474 0
80 762 0
81 597 0
81 704 0
81 815 0
82 217 0
83 733 0
84 266 0
84 533 0
85 87 0
85 90 0
86 398 0
87 363 0
87 522 0
87 674 0
87 830 0
88 211 0
88 310 0
88 748 0
88 854 0
89 286 0
90 349 0
90 420 0
90 449 0
90 602 0
91 185 0
92 646 0
93 834 0
94 810 0
95 595 0
96 112 0
96 215 0
96 236 0
96 250 0
96 504 0
97 286 0
97 486 0
97 550 0
97 705 0
97 866 0
98 156 0
100 757 0
101 690 0
102 133 0
102 137 0
102 521 0
102 721 0
104 138 0
105 336 0
105 374 0
105 392 0
105 751 0
106 177 0
107 267 0
109 599 0
110 442 0
111 176 0
113 245 0
114 834 0
115 138 0
115 491 0
115 650 0
115 705 0
116 170 0
117 405 0
119 149 0
120 783 0
121 227 0
121 483 0
121 817 0
123 386 0
123 752 0
123 804 0
124 426 0
125 402 0
125 433 0
125 517 0
125 664 0
126 140 0
126 171 0
126 303 0
126 757 0
126 772 0
127 197 0
128 134 0
128 684 0
128 790 0
128 829 0
129 505 0
129 576 0
129 652 0
129 869 0
130 544 0
131 268 0
131 277 0
131 302 0
131 444 0
132 203 0
135 196 0
135 260 0
135 387 0
135 720 0
136 767 0
137 320 0
137 474 0
137 683 0
138 658 0
138 825 0
139 699 0
140 208 0
140 498 0
141 623 0
142 439 0
143 206 0
143 209 0
143 374 0
143 608 0
144 273 0
144 279 0
144 504 0
145 249 0
146 568 0
146 745 0
146 854 0
147 185 0
148 754 0
149 850 0
150 767 0
151 683 0
152 272 0
152 350 0
152 636 0
153 890 0
154 271 0
154 599 0
154 653 0
154 732 0
154 742 0
155 352 0
156 492 0
156 590 0
156 674 0
157 442 0
158 167 0
159 431 0
160 255 0
160 381 0
160 753 0
160 801 0
161 558 0
161 756 0
162 882 0
163 291 0
164 393 0
166 791 0
167 359 0
167 443 0
167 827 0
168 676 0
169 499 0
170 381 0
170 612 0
170 891 0
171 324 0
171 509 0
171 647 0
172 587 0
173 828 0
174 747 0
175 424 0
175 456 0
175 712 0
175 759 0
175 770 0
176 353 0
176 392 0
176 525 0
176 615 0
177 693 0
177 843 0
178 501 0
178 640 0
178 836 0
179 442 0
179 498 0
179 531 0
181 737 0
182 495 0
183 251 0
183 336 0
183 844 0
184 230 0
184 346 0
184 597 0
185 511 0
185 746 0
186 294 0
186 695 0
187 557 0
189 673 0
190 448 0
191 859 0
192 262 0
192 375 0
192 482 0
192 608 0
192 759 0
193 584 0
194 328 0
194 359 0
194 505 0
194 519 0
195 225 0
196 281 0
196 718 0
196 868 0
197 295 0
197 708 0
197 843 0
198 814 0
199 451 0
199 470 0
199 514 0
199 591 0
200 544 0
201 754 0
202 507 0
203 206 0
203 220 0
203 789 0
204 518 0
205 323 0
205 486 0
205 651 0
206 281 0
206 369 0
206 772 0
208 279 0
208 577 0
210 458 0
212 497 0
213 265 0
214 304 0
214 348 0
214 614 0
214 823 0
216 816 0
217 412 0
217 508 0
217 667 0
218 231 0
219 867 0
221 687 0
222 592 0
223 303 0
224 249 0
225 336 0
225 862 0
226 882 0
228 749 0
229 362 0
231 478 0
231 682 0
231 694 0
231 793 0
232 587 0
233 448 0
234 385 0
235 304 0
235 469 0
235 542 0
235 811 0
235 876 0
238 810 0
239 587 0
240 549 0
241 550 0
242 739 0
243 305 0
243 536 0
243 679 0
244 253 0
244 359 0
244 381 0
244 743 0
244 808 0
245 281 0
245 494 0
245 575 0
245 729 0
246 278 0
247 637 0
248 271 0
248 687 0
248 710 0
249 339 0
249 546 0
250 404 0
250 895 0
251 297 0
251 425 0
251 853 0
252 334 0
253 466 0
253 513 0
253 812 0
254 329 0
254 343 0
254 422 0
254 766 0
256 317 0
257 697 0
258 755 0
259 751 0
260 392 0
260 527 0
263 265 0
263 473 0
263 504 0
264 292 0
265 607 0
265 807 0
265 883 0
266 304 0
266 466 0
267 333 0
267 454 0
267 865 0
269 507 0
270 754 0
271 701 0
271 899 0
273 322 0
273 497 0
273 498 0
274 334 0
275 278 0
275 385 0
275 407 0
275 462 0
276 834 0
278 461 0
278 580 0
279 549 0
279 713 0
279 873 0
280 359 0
280 630 0
280 870 0
282 317 0
283 598 0
284 489 0
285 832 0
286 453 0
286 542 0
287 687 0
288 351 0
289 882 0
290 412 0
290 582 0
290 797 0
290 857 0
291 444 0
291 769 0
291 806 0
292 417 0
292 684 0
292 847 0
293 498 0
296 307 0
296 437 0
296 510 0
296 539 0
296 712 0
298 531 0
299 637 0
300 852 0
301 357 0
301 558 0
301 710 0
303 382 0
303 639 0
304 404 0
305 742 0
305 816 0
305 822 0
306 783 0
308 781 0
309 890 0
311 466 0
312 592 0
313 403 0
313 459 0
313 688 0
313 724 0
314 495 0
315 471 0
315 642 0
315 728 0
317 709 0
318 448 0
318 699 0
318 726 0
319 357 0
320 465 0
320 622 0
320 638 0
321 466 0
322 678 0
322 711 0
322 788 0
325 466 0
325 512 0
325 741 0
326 628 0
327 877 0
329 356 0
329 584 0
329 742 0
330 558 0
332 352 0
336 441 0
336 774 0
340 644 0
341 781 0
342 878 0
344 642 0
345 557 0
347 468 0
347 736 0
347 826 0
347 854 0
350 583 0
350 755 0
350 762 0
351 363 0
351 760 0
351 861 0
352 394 0
352 454 0
352 795 0
354 611 0
354 696 0
354 807 0
354 864 0
355 531 0
356 600 0
356 619 0
356 730 0
356 881 0
357 761 0
357 835 0
358 832 0
360 444 0
360 699 0
360 878 0
362 481 0
362 642 0
362 796 0
363 560 0
363 781 0
365 859 0
366 460 0
367 552 0
368 814 0
369 785 0
369 800 0
370 514 0
370 597 0
370 649 0
370 808 0
371 644 0
372 732 0
373 495 0
374 750 0
375 378 0
375 899 0
376 757 0
377 450 0
378 527 0
378 653 0
378 731 0
379 450 0
380 552 0
381 656 0
383 690 0
384 440 0
384 585 0
384 750 0
385 423 0
385 513 0
386 430 0
386 474 0
386 488 0
387 418 0
387 768 0
387 887 0
388 491 0
389 732 0
390 460 0
391 751 0
392 592 0
392 877 0
393 662 0
393 700 0
393 863 0
394 585 0
394 601 0
394 882 0
395 767 0
397 429 0
397 535 0
397 775 0
398 655 0
398 898 0
399 687 0
400 774 0
401 735 0
404 746 0
404 804 0
405 564 0
405 660 0
406 566 0
406 741 0
406 791 0
407 436 0
409 558 0
410 628 0
411 737 0
413 750 0
414 473 0
415 779 0
416 779 0
419 598 0
421 732 0
425 488 0
425 644 0
425 859 0
426 541 0
426 666 0
426 888 0
427 873 0
428 586 0
430 602 0
430 662 0
430 674 0
430 694 0
431 472 0
431 719 0
431 729 0
432 467 0
433 552 0
433 583 0
433 733 0
434 497 0
435 637 0
439 446 0
439 714 0
439 841 0
440 889 0
440 896 0
441 464 0
441 568 0
441 759 0
442 530 0
442 563 0
444 462 0
445 518 0
448 527 0
448 778 0
450 464 0
452 831 0
454 642 0
455 720 0
457 873 0
458 476 0
458 807 0
460 809 0
462 570 0
462 804 0
463 546 0
463 593 0
463 821 0
464 676 0
464 831 0
467 681 0
467 782 0
470 560 0
470 602 0
473 505 0
473 725 0
473 897 0
474 509 0
475 559 0
477 726 0
478 584 0
478 737 0
479 484 0
480 779 0
484 645 0
484 685 0
484 805 0
485 756 0
486 552 0
487 516 0
487 539 0
487 605 0
487 845 0
488 660 0
488 865 0
489 571 0
489 649 0
490 498 0
491 543 0
491 777 0
491 899 0
492 665 0
492 690 0
493 512 0
495 602 0
495 899 0
496 818 0
497 622 0
497 698 0
499 535 0
499 613 0
499 824 0
502 781 0
503 867 0
504 852 0
506 750 0
507 625 0
509 772 0
510 598 0
510 643 0
510 819 0
512 635 0
512 794 0
513 877 0
514 697 0
514 715 0
515 810 0
518 803 0
518 865 0
520 749 0
523 783 0
524 676 0
526 890 0
527 699 0
528 699 0
529 574 0
530 739 0
530 764 0
530 887 0
531 535 0
531 798 0
534 569 0
534 582 0
534 776 0
535 741 0
537 566 0
538 654 0
539 749 0
539 764 0
540 733 0
542 570 0
544 621 0
544 662 0
545 663 0
546 582 0
546 623 0
546 710 0
548 599 0
549 727 0
549 813 0
550 631 0
551 566 0
552 738 0
553 673 0
554 895 0
555 819 0
556 739 0
557 666 0
558 689 0
560 568 0
560 724 0
561 816 0
565 654 0
566 632 0
567 858 0
568 659 0
570 587 0
570 747 0
570 867 0
573 735 0
574 643 0
574 660 0
574 846 0
578 816 0
579 762 0
581 617 0
583 752 0
583 807 0
584 838 0
585 668 0
585 805 0
586 629 0
586 717 0
586 743 0
589 828 0
592 622 0
592 712 0
594 844 0
596 623 0
597 878 0
598 602 0
598 820 0
601 607 0
601 641 0
603 832 0
604 831 0
606 676 0
609 617 0
610 690 0
615 646 0
616 663 0
617 744 0
618 774 0
623 643 0
623 900 0
624 650 0
627 756 0
632 713 0
632 764 0
632 791 0
632 812 0
634 756 0
637 642 0
648 755 0
649 735 0
649 895 0
650 672 0
650 837 0
653 819 0
654 856 0
656 675 0
656 734 0
656 892 0
657 819 0
658 764 0
659 668 0
660 890 0
661 747 0
662 814 0
663 759 0
663 879 0
665 668 0
665 684 0
665 843 0
666 772 0
666 832 0
668 741 0
670 697 0
671 818 0
673 713 0
680 715 0
683 702 0
684 756 0
687 724 0
691 822 0
692 828 0
694 726 0
694 810 0
697 875 0
699 778 0
703 812 0
706 877 0
707 878 0
712 778 0
712 838 0
715 851 0
715 881 0
716 737 0
720 840 0
720 855 0
722 895 0
723 859 0
729 741 0
739 871 0
742 752 0
742 900 0
743 754 0
743 779 0
745 783 0
745 818 0
746 828 0
746 834 0
747 893 0
751 805 0
752 772 0
755 874 0
757 849 0
758 791 0
762 771 0
763 822 0
764 804 0
767 854 0
773 867 0
774 833 0
780 877 0
787 873 0
791 839 0
792 852 0
802 858 0
810 841 0
812 860 0
814 886 0
818 842 0
831 894 0
831 900 0
844 865 0
852 880 0
854 881 0
