800 843 0
1 14 0
1 76 0
1 187 0
2 212 0
2 429 0
2 450 0
2 579 0
2 686 0
3 29 0
3 66 0
3 112 0
3 652 0
4 754 0
5 259 0
5 316 0
5 593 0
5 607 0
6 717 0
7 148 0
7 384 0
7 392 0
7 532 0
7 626 0
8 625 0
9 201 0
9 390 0
9 433 0
9 714 0
10 729 0
11 48 0
11 93 0
11 321 0
11 403 0
12 394 0
13 44 0
13 46 0
13 98 0
13 406 0
14 208 0
14 503 0
14 721 0
14 753 0
15 42 0
15 552 0
15 584 0
15 637 0
16 769 0
17 89 0
17 310 0
17 645 0
17 785 0
18 44 0
18 103 0
18 317 0
18 401 0
18 519 0
19 246 0
19 347 0
19 491 0
19 594 0
20 309 0
21 66 0
22 30 0
22 318 0
22 595 0
22 648 0
23 105 0
24 576 0
25 765 0
26 467 0
27 29 0
28 600 0
29 234 0
29 560 0
30 81 0
30 451 0
30 765 0
31 295 0
32 312 0
32 615 0
32 639 0
32 743 0
33 58 0
34 600 0
35 514 0
36 131 0
36 632 0
36 657 0
37 61 0
37 296 0
37 405 0
37 602 0
38 70 0
38 187 0
38 458 0
38 554 0
39 416 0
40 61 0
41 441 0
41 547 0
41 589 0
41 703 0
43 126 0
44 496 0
44 653 0
45 127 0
47 388 0
49 73 0
50 54 0
50 114 0
50 438 0
50 775 0
51 134 0
51 430 0
51 585 0
51 667 0
52 261 0
52 305 0
52 526 0
52 574 0
53 555 0
54 145 0
54 345 0
54 614 0
55 538 0
56 623 0
57 158 0
57 302 0
57 374 0
57 695 0
58 79 0
58 358 0
58 527 0
59 555 0
60 595 0
60 608 0
60 739 0
60 788 0
61 505 0
61 620 0
62 127 0
63 342 0
64 70 0
64 212 0
64 287 0
64 731 0
64 757 0
64 764 0
65 101 0
65 211 0
65 231 0
65 279 0
65 697 0
66 178 0
66 330 0
67 131 0
67 249 0
67 376 0
67 438 0
68 258 0
68 447 0
68 749 0
68 752 0
69 709 0
70 114 0
71 209 0
72 486 0
72 624 0
72 652 0
72 653 0
73 728 0
73 792 0
73 795 0
74 653 0
75 453 0
76 276 0
76 362 0
76 526 0
77 325 0
77 611 0
77 648 0
77 700 0
78 549 0
80 104 0
80 266 0
80 540 0
80 615 0
81 156 0
81 435 0
81 682 0
82 731 0
83 689 0
84 376 0
84 416 0
84 434 0
84 548 0
85 95 0
85 163 0
85 477 0
85 678 0
86 173 0
86 393 0
86 404 0
86 406 0
87 625 0
88 681 0
90 101 0
90 194 0
90 577 0
90 760 0
91 252 0
92 641 0
93 188 0
93 377 0
93 666 0
94 659 0
95 358 0
95 572 0
95 590 0
96 119 0
96 236 0
96 746 0
96 780 0
97 285 0
97 292 0
97 348 0
97 698 0
97 737 0
99 486 0
100 255 0
101 625 0
101 652 0
102 252 0
102 394 0
102 440 0
102 674 0
105 418 0
105 433 0
105 732 0
106 606 0
107 520 0
108 135 0
108 433 0
108 573 0
108 599 0
109 432 0
109 461 0
109 665 0
109 721 0
109 735 0
110 678 0
111 242 0
111 479 0
111 670 0
112 172 0
112 307 0
112 341 0
113 207 0
113 461 0
113 629 0
113 663 0
114 445 0
114 575 0
114 581 0
115 284 0
116 289 0
116 361 0
116 424 0
116 781 0
117 155 0
118 681 0
120 683 0
121 293 0
121 310 0
121 324 0
121 497 0
122 430 0
123 467 0
124 246 0
124 422 0
124 566 0
124 742 0
125 348 0
125 399 0
125 472 0
125 793 0
126 283 0
126 679 0
126 738 0
126 784 0
127 235 0
127 633 0
128 391 0
129 184 0
130 151 0
130 280 0
130 309 0
130 366 0
130 661 0
131 572 0
131 702 0
132 798 0
133 257 0
134 407 0
134 721 0
134 771 0
136 237 0
136 289 0
136 562 0
136 586 0
137 653 0
138 451 0
139 152 0
139 346 0
139 613 0
139 684 0
140 478 0
141 352 0
142 244 0
142 319 0
142 413 0
142 595 0
143 280 0
144 484 0
146 400 0
147 151 0
147 253 0
147 484 0
147 621 0
148 270 0
148 438 0
148 761 0
149 405 0
150 370 0
151 572 0
151 703 0
153 427 0
154 734 0
155 221 0
155 355 0
155 795 0
157 549 0
158 490 0
158 740 0
158 800 0
159 596 0
160 689 0
161 548 0
162 585 0
163 411 0
163 524 0
163 588 0
164 242 0
165 667 0
166 661 0
167 585 0
168 188 0
169 630 0
170 257 0
171 350 0
171 629 0
171 692 0
171 694 0
171 707 0
174 394 0
175 253 0
176 254 0
177 290 0
179 501 0
180 790 0
181 329 0
182 239 0
183 184 0
184 220 0
184 648 0
185 677 0
185 680 0
186 602 0
187 267 0
187 286 0
187 427 0
187 490 0
188 229 0
188 385 0
189 511 0
190 387 0
190 437 0
190 487 0
190 767 0
190 784 0
191 775 0
192 274 0
192 469 0
192 530 0
192 747 0
193 427 0
195 504 0
196 287 0
196 314 0
196 640 0
197 624 0
198 382 0
199 322 0
200 247 0
202 252 0
203 434 0
204 268 0
204 414 0
204 493 0
204 706 0
205 448 0
206 696 0
207 419 0
207 466 0
207 570 0
209 264 0
209 447 0
209 461 0
209 542 0
210 280 0
211 548 0
211 632 0
212 674 0
213 722 0
214 247 0
215 316 0
215 544 0
215 628 0
215 736 0
216 448 0
217 451 0
218 299 0
219 545 0
222 391 0
223 478 0
223 512 0
223 637 0
224 382 0
225 280 0
226 425 0
227 794 0
228 754 0
230 740 0
232 479 0
233 585 0
238 621 0
239 638 0
239 651 0
239 684 0
240 570 0
241 563 0
242 251 0
242 578 0
242 746 0
243 314 0
245 689 0
246 664 0
246 693 0
247 646 0
247 650 0
248 564 0
249 436 0
249 673 0
249 716 0
250 661 0
252 356 0
253 656 0
253 745 0
254 298 0
254 308 0
254 447 0
255 365 0
255 507 0
255 615 0
255 789 0
256 329 0
257 350 0
257 551 0
260 666 0
262 621 0
263 761 0
265 290 0
267 484 0
267 775 0
269 477 0
270 452 0
270 533 0
270 535 0
271 443 0
272 520 0
273 486 0
275 416 0
277 545 0
278 342 0
281 794 0
282 549 0
283 477 0
283 563 0
284 316 0
284 349 0
284 779 0
286 381 0
286 470 0
286 649 0
286 690 0
287 398 0
287 712 0
288 538 0
289 409 0
289 478 0
290 328 0
290 449 0
291 674 0
294 731 0
295 407 0
295 528 0
295 537 0
295 575 0
296 317 0
296 646 0
296 771 0
297 525 0
299 380 0
299 633 0
299 691 0
300 512 0
301 514 0
303 722 0
304 576 0
306 504 0
309 454 0
309 726 0
310 377 0
310 729 0
311 423 0
311 534 0
311 606 0
311 659 0
313 425 0
314 420 0
314 531 0
314 715 0
315 462 0
315 612 0
315 633 0
315 796 0
316 348 0
316 640 0
317 511 0
317 512 0
318 377 0
318 466 0
318 632 0
320 479 0
322 336 0
322 431 0
322 698 0
323 344 0
326 630 0
327 477 0
329 358 0
329 634 0
331 389 0
332 428 0
333 670 0
334 456 0
335 677 0
337 545 0
338 427 0
339 405 0
340 659 0
342 472 0
342 758 0
343 576 0
344 363 0
344 437 0
344 559 0
350 440 0
350 619 0
351 388 0
352 565 0
352 609 0
352 679 0
353 570 0
354 453 0
357 500 0
358 576 0
359 570 0
360 534 0
364 434 0
366 479 0
366 489 0
367 437 0
367 447 0
367 572 0
367 615 0
368 370 0
369 667 0
370 616 0
370 763 0
371 623 0
372 761 0
373 778 0
375 722 0
376 472 0
376 698 0
377 679 0
378 419 0
379 693 0
382 414 0
382 582 0
383 660 0
384 655 0
384 798 0
386 568 0
388 546 0
388 673 0
389 475 0
389 716 0
389 773 0
391 449 0
391 518 0
394 622 0
395 488 0
396 525 0
397 419 0
400 407 0
400 543 0
400 789 0
402 757 0
405 517 0
406 448 0
406 490 0
407 717 0
408 761 0
409 463 0
409 632 0
409 640 0
410 740 0
412 659 0
414 440 0
414 600 0
415 601 0
416 539 0
416 789 0
417 765 0
419 710 0
421 534 0
423 616 0
423 702 0
423 795 0
425 436 0
425 556 0
426 709 0
428 474 0
428 498 0
428 673 0
430 439 0
430 725 0
433 664 0
434 635 0
436 456 0
436 777 0
437 538 0
437 700 0
438 516 0
440 771 0
442 448 0
443 580 0
443 655 0
443 751 0
444 488 0
446 488 0
448 523 0
449 466 0
449 644 0
451 642 0
451 784 0
453 558 0
453 595 0
455 729 0
456 470 0
456 521 0
456 787 0
457 775 0
459 480 0
459 496 0
459 579 0
459 658 0
460 778 0
463 677 0
463 709 0
463 778 0
464 534 0
465 467 0
466 747 0
467 516 0
468 666 0
470 563 0
471 693 0
472 525 0
473 548 0
476 660 0
478 713 0
479 567 0
479 590 0
481 500 0
482 765 0
483 709 0
484 605 0
485 525 0
486 598 0
488 715 0
489 617 0
489 646 0
489 708 0
490 702 0
492 798 0
494 729 0
495 619 0
496 777 0
499 683 0
500 590 0
500 772 0
501 703 0
501 741 0
501 782 0
502 670 0
504 637 0
504 776 0
506 511 0
508 512 0
509 800 0
510 777 0
511 592 0
512 718 0
513 625 0
514 636 0
514 648 0
515 717 0
516 568 0
516 629 0
516 670 0
520 550 0
520 747 0
522 678 0
523 564 0
523 698 0
526 545 0
526 640 0
529 596 0
536 602 0
538 723 0
541 624 0
549 684 0
553 731 0
555 679 0
555 762 0
557 568 0
561 790 0
563 655 0
563 687 0
564 673 0
564 727 0
568 786 0
569 621 0
571 678 0
575 661 0
579 623 0
579 664 0
583 644 0
587 740 0
590 696 0
591 653 0
596 647 0
596 795 0
597 655 0
597 657 0
597 715 0
597 746 0
600 770 0
601 716 0
601 759 0
601 797 0
602 627 0
603 674 0
604 734 0
606 610 0
606 643 0
616 683 0
616 754 0
618 777 0
619 662 0
619 711 0
623 669 0
624 631 0
630 703 0
630 719 0
632 771 0
633 764 0
637 640 0
637 722 0
641 698 0
641 748 0
641 756 0
644 672 0
644 733 0
646 681 0
652 702 0
654 777 0
655 790 0
657 664 0
657 764 0
660 699 0
660 747 0
661 675 0
666 750 0
667 676 0
668 757 0
671 696 0
677 798 0
681 744 0
683 791 0
684 764 0
685 794 0
688 778 0
689 746 0
693 783 0
696 766 0
700 754 0
701 769 0
704 800 0
705 790 0
715 769 0
716 794 0
717 755 0
720 734 0
721 734 0
724 754 0
730 769 0
757 774 0
768 775 0
799 800 0
