80 133 0
1 78 0
1 80 0
2 15 0
2 46 0
2 79 0
3 5 0
3 24 0
4 25 0
4 27 0
4 33 0
4 45 0
4 55 0
5 13 0
5 27 0
5 33 0
5 54 0
5 59 0
6 48 0
6 60 0
7 77 0
7 78 0
8 52 0
9 11 0
9 18 0
9 19 0
9 20 0
9 39 0
9 42 0
9 54 0
10 11 0
10 20 0
10 73 0
11 46 0
11 59 0
11 60 0
11 66 0
11 71 0
12 53 0
12 64 0
13 19 0
13 48 0
13 53 0
13 69 0
14 15 0
14 28 0
14 37 0
14 72 0
15 58 0
16 17 0
16 25 0
16 36 0
16 47 0
16 80 0
17 19 0
17 55 0
17 65 0
17 76 0
18 32 0
19 38 0
19 56 0
19 64 0
20 32 0
20 33 0
20 44 0
20 77 0
21 68 0
21 80 0
22 24 0
23 68 0
24 37 0
24 48 0
24 67 0
25 57 0
26 50 0
26 66 0
26 78 0
28 42 0
29 50 0
30 39 0
30 68 0
31 52 0
31 77 0
33 44 0
33 48 0
33 71 0
34 68 0
35 39 0
35 40 0
35 52 0
36 38 0
36 48 0
36 78 0
37 50 0
37 53 0
38 78 0
39 45 0
39 54 0
39 69 0
40 50 0
41 56 0
43 56 0
44 78 0
47 67 0
47 75 0
48 57 0
49 51 0
49 79 0
51 64 0
52 54 0
52 61 0
53 71 0
53 75 0
53 80 0
54 61 0
54 68 0
55 60 0
56 74 0
56 77 0
57 80 0
58 61 0
59 68 0
59 78 0
59 79 0
61 62 0
61 65 0
63 64 0
66 79 0
68 75 0
69 78 0
70 79 0
71 73 0
73 75 0
74 80 0
