100 144 0
1 20 0
1 57 0
1 70 0
1 77 0
1 86 0
2 13 0
2 19 0
2 20 0
2 29 0
3 11 0
3 29 0
3 51 0
3 91 0
3 95 0
4 14 0
4 57 0
4 70 0
4 72 0
4 73 0
4 90 0
5 42 0
6 41 0
6 42 0
6 57 0
6 64 0
6 68 0
7 68 0
7 76 0
7 97 0
8 31 0
8 68 0
8 72 0
8 75 0
8 77 0
9 14 0
9 62 0
10 48 0
10 94 0
12 39 0
12 40 0
13 14 0
13 21 0
13 54 0
13 71 0
14 15 0
14 48 0
14 59 0
16 66 0
16 84 0
17 44 0
18 97 0
18 100 0
19 32 0
19 35 0
19 42 0
19 58 0
19 64 0
20 24 0
21 23 0
21 47 0
21 56 0
21 82 0
22 46 0
22 70 0
23 69 0
23 70 0
24 40 0
24 45 0
24 97 0
25 93 0
25 99 0
26 39 0
26 52 0
26 81 0
26 91 0
27 84 0
28 32 0
28 94 0
29 70 0
29 92 0
29 99 0
30 32 0
30 43 0
30 45 0
30 58 0
30 66 0
31 57 0
33 38 0
34 44 0
35 74 0
35 78 0
35 89 0
36 44 0
37 39 0
38 50 0
38 86 0
38 98 0
39 45 0
40 67 0
40 81 0
40 88 0
40 90 0
41 46 0
42 49 0
42 80 0
42 82 0
42 85 0
44 77 0
44 88 0
45 61 0
46 53 0
46 58 0
46 86 0
48 97 0
48 99 0
49 50 0
49 85 0
50 77 0
52 92 0
54 60 0
54 71 0
54 83 0
55 92 0
57 84 0
57 85 0
62 70 0
63 92 0
64 76 0
64 87 0
65 85 0
65 93 0
69 99 0
70 71 0
74 88 0
75 80 0
77 94 0
79 84 0
84 90 0
85 95 0
85 96 0
85 100 0
86 99 0
93 94 0
95 99 0
