350 406 0
1 254 0
2 159 0
2 168 0
2 246 0
2 323 0
3 174 0
4 36 0
4 303 0
4 305 0
4 314 0
5 31 0
5 140 0
5 186 0
5 209 0
6 90 0
7 46 0
7 48 0
7 212 0
7 302 0
8 79 0
8 196 0
8 199 0
8 243 0
8 280 0
8 312 0
9 85 0
10 78 0
11 154 0
11 184 0
11 243 0
11 308 0
12 143 0
12 226 0
13 72 0
14 22 0
14 28 0
14 68 0
14 348 0
15 200 0
16 149 0
17 202 0
17 226 0
17 269 0
17 310 0
18 178 0
19 20 0
20 48 0
20 92 0
20 238 0
21 119 0
21 246 0
21 293 0
21 315 0
22 162 0
22 214 0
22 338 0
23 146 0
24 244 0
25 179 0
26 162 0
26 285 0
27 239 0
29 84 0
29 94 0
29 233 0
29 276 0
29 297 0
30 291 0
30 306 0
31 347 0
32 70 0
32 170 0
32 228 0
32 337 0
33 251 0
34 72 0
34 325 0
35 123 0
35 243 0
35 268 0
35 287 0
36 124 0
36 177 0
36 179 0
36 214 0
37 107 0
37 157 0
37 214 0
37 309 0
38 66 0
38 172 0
38 204 0
38 289 0
39 242 0
40 121 0
40 344 0
41 74 0
41 107 0
41 138 0
41 285 0
42 178 0
43 221 0
44 116 0
44 164 0
44 170 0
44 260 0
45 288 0
45 336 0
47 329 0
48 107 0
48 206 0
49 74 0
50 227 0
51 98 0
52 55 0
52 288 0
53 138 0
54 198 0
55 58 0
55 62 0
55 295 0
56 291 0
57 285 0
59 75 0
59 87 0
59 144 0
59 192 0
59 242 0
60 95 0
60 338 0
61 87 0
63 199 0
64 329 0
65 151 0
65 285 0
66 316 0
67 143 0
67 299 0
69 251 0
71 94 0
72 97 0
72 262 0
73 185 0
74 120 0
74 286 0
75 101 0
75 245 0
75 273 0
76 281 0
77 109 0
78 128 0
78 187 0
78 235 0
80 173 0
80 215 0
81 244 0
82 281 0
83 221 0
84 97 0
84 101 0
84 295 0
85 167 0
85 225 0
85 279 0
86 206 0
87 210 0
87 294 0
87 341 0
88 185 0
89 291 0
90 95 0
90 194 0
90 350 0
91 276 0
91 317 0
92 254 0
93 138 0
94 153 0
94 180 0
95 137 0
95 198 0
95 309 0
96 244 0
97 99 0
97 174 0
98 197 0
98 236 0
98 253 0
98 295 0
99 166 0
99 205 0
99 219 0
99 258 0
100 232 0
100 263 0
100 273 0
100 316 0
101 157 0
101 347 0
102 328 0
103 114 0
104 129 0
104 177 0
104 181 0
105 174 0
106 188 0
107 202 0
108 155 0
108 157 0
108 296 0
108 327 0
108 334 0
109 202 0
109 222 0
109 311 0
110 114 0
110 143 0
110 146 0
110 309 0
111 192 0
111 195 0
112 183 0
113 249 0
114 145 0
114 349 0
115 173 0
116 327 0
117 138 0
118 198 0
119 130 0
121 245 0
121 265 0
121 288 0
121 331 0
122 189 0
122 207 0
122 322 0
122 343 0
124 149 0
125 144 0
125 271 0
126 148 0
126 171 0
126 176 0
126 322 0
127 176 0
127 320 0
129 344 0
130 137 0
131 249 0
132 173 0
133 188 0
133 323 0
134 174 0
135 183 0
136 233 0
136 240 0
137 240 0
137 274 0
137 333 0
139 236 0
139 249 0
141 144 0
142 151 0
143 181 0
143 342 0
144 211 0
146 195 0
146 219 0
147 150 0
147 161 0
147 183 0
147 223 0
147 296 0
149 217 0
149 294 0
150 160 0
150 257 0
150 272 0
151 186 0
151 277 0
151 304 0
152 206 0
152 335 0
155 225 0
155 243 0
155 254 0
156 329 0
158 171 0
158 276 0
161 261 0
161 319 0
161 324 0
162 213 0
162 346 0
163 179 0
165 201 0
165 235 0
165 325 0
165 332 0
169 216 0
169 336 0
170 188 0
170 334 0
171 218 0
173 288 0
173 315 0
175 208 0
175 266 0
175 271 0
175 273 0
176 339 0
177 256 0
177 298 0
178 245 0
178 327 0
179 237 0
181 344 0
182 216 0
183 340 0
185 193 0
185 288 0
186 329 0
186 334 0
188 292 0
190 320 0
191 220 0
191 223 0
191 273 0
191 321 0
192 231 0
192 300 0
198 278 0
199 229 0
199 282 0
199 284 0
199 335 0
200 229 0
200 264 0
200 297 0
202 221 0
202 234 0
203 227 0
203 275 0
204 288 0
206 252 0
208 313 0
214 235 0
215 254 0
216 289 0
216 326 0
218 280 0
218 281 0
221 299 0
224 233 0
225 230 0
225 236 0
227 294 0
227 301 0
229 309 0
229 328 0
230 243 0
231 254 0
233 345 0
234 236 0
235 249 0
235 298 0
235 318 0
239 245 0
239 247 0
239 259 0
240 242 0
241 338 0
242 255 0
244 267 0
246 281 0
246 296 0
248 314 0
248 336 0
250 276 0
251 267 0
251 270 0
254 283 0
267 296 0
267 320 0
269 320 0
270 333 0
275 344 0
285 317 0
286 341 0
288 336 0
288 347 0
289 291 0
289 347 0
290 306 0
294 334 0
295 306 0
306 318 0
306 339 0
307 328 0
312 336 0
313 328 0
320 335 0
322 344 0
322 347 0
330 338 0
