100 144 0
1 66 0
1 70 0
1 77 0
1 84 0
2 10 0
2 11 0
2 33 0
2 45 0
2 49 0
2 59 0
2 62 0
2 94 0
3 67 0
4 59 0
4 80 0
4 95 0
5 23 0
5 31 0
5 34 0
5 89 0
5 96 0
6 37 0
6 79 0
7 91 0
8 25 0
8 30 0
8 84 0
8 93 0
9 23 0
9 73 0
11 47 0
11 79 0
11 88 0
12 44 0
12 83 0
12 86 0
13 24 0
13 29 0
13 51 0
13 61 0
13 62 0
14 62 0
15 27 0
15 80 0
16 95 0
17 42 0
18 43 0
18 73 0
18 75 0
18 92 0
19 51 0
20 29 0
20 48 0
20 76 0
21 79 0
22 44 0
23 29 0
23 67 0
23 79 0
23 97 0
24 43 0
24 52 0
24 57 0
24 100 0
25 82 0
25 83 0
26 48 0
26 51 0
27 32 0
27 40 0
27 98 0
28 67 0
29 59 0
30 82 0
31 42 0
32 33 0
32 34 0
32 53 0
32 59 0
32 87 0
33 55 0
33 67 0
33 96 0
35 90 0
36 91 0
36 97 0
37 42 0
37 73 0
37 76 0
37 80 0
38 48 0
38 71 0
38 74 0
38 78 0
39 83 0
39 95 0
40 48 0
40 54 0
40 64 0
40 65 0
41 51 0
42 50 0
42 82 0
44 47 0
44 53 0
44 69 0
46 54 0
46 71 0
46 90 0
48 52 0
50 67 0
51 81 0
52 83 0
52 92 0
52 96 0
53 76 0
53 81 0
53 91 0
53 95 0
54 56 0
54 86 0
55 97 0
56 89 0
58 97 0
59 89 0
60 96 0
61 90 0
62 75 0
62 99 0
63 95 0
68 91 0
72 80 0
72 97 0
73 86 0
73 89 0
76 84 0
81 83 0
83 98 0
84 90 0
84 95 0
85 96 0
88 89 0
91 94 0
98 100 0
