500 637 0
1 146 0
1 474 0
2 464 0
3 363 0
4 227 0
5 182 0
5 191 0
5 263 0
5 490 0
6 94 0
6 322 0
6 408 0
7 108 0
7 203 0
7 363 0
7 442 0
7 454 0
8 347 0
9 131 0
9 154 0
9 254 0
9 398 0
10 302 0
11 298 0
11 312 0
11 342 0
11 422 0
11 425 0
11 451 0
12 192 0
13 103 0
13 302 0
13 374 0
13 404 0
13 408 0
14 132 0
14 436 0
14 496 0
15 27 0
15 36 0
15 50 0
15 182 0
15 281 0
15 429 0
16 276 0
16 285 0
16 307 0
16 321 0
16 435 0
17 314 0
18 19 0
18 30 0
18 75 0
18 316 0
18 439 0
19 244 0
20 70 0
20 155 0
21 215 0
21 442 0
22 289 0
22 413 0
23 341 0
23 372 0
23 425 0
23 495 0
24 137 0
24 327 0
24 369 0
24 457 0
25 302 0
25 341 0
26 90 0
26 186 0
26 317 0
26 351 0
26 428 0
27 297 0
28 174 0
28 396 0
29 82 0
31 211 0
31 351 0
32 263 0
32 376 0
32 389 0
32 446 0
33 440 0
34 211 0
35 355 0
35 446 0
36 46 0
36 81 0
36 97 0
36 241 0
37 100 0
37 138 0
37 206 0
37 219 0
38 59 0
38 104 0
38 106 0
38 245 0
38 313 0
39 168 0
39 273 0
40 355 0
41 163 0
42 75 0
42 106 0
42 126 0
42 228 0
43 56 0
44 443 0
45 82 0
47 464 0
48 107 0
48 221 0
48 398 0
48 472 0
48 476 0
49 362 0
50 86 0
50 242 0
50 289 0
50 312 0
51 248 0
51 293 0
51 304 0
51 391 0
52 335 0
53 280 0
53 430 0
54 293 0
55 88 0
55 112 0
55 118 0
56 74 0
56 332 0
56 427 0
57 134 0
57 174 0
57 362 0
57 464 0
58 113 0
60 88 0
61 148 0
61 341 0
61 474 0
62 220 0
62 228 0
62 414 0
63 197 0
63 261 0
63 323 0
63 463 0
64 176 0
64 291 0
64 333 0
65 231 0
66 150 0
66 499 0
67 162 0
68 206 0
68 460 0
69 209 0
70 98 0
70 240 0
70 292 0
71 239 0
72 78 0
72 85 0
72 382 0
72 383 0
72 498 0
73 316 0
73 319 0
73 475 0
74 230 0
75 270 0
75 499 0
76 364 0
76 369 0
77 166 0
77 373 0
77 381 0
77 435 0
78 462 0
79 349 0
79 421 0
80 187 0
81 216 0
81 296 0
82 224 0
82 321 0
82 434 0
83 405 0
84 305 0
85 438 0
87 187 0
87 248 0
87 349 0
87 440 0
87 446 0
88 210 0
88 411 0
89 222 0
89 239 0
89 297 0
89 327 0
89 366 0
89 457 0
90 146 0
90 178 0
90 490 0
91 115 0
91 214 0
92 220 0
93 103 0
93 318 0
94 280 0
94 339 0
95 136 0
96 187 0
97 347 0
98 238 0
98 470 0
98 493 0
99 134 0
99 227 0
99 347 0
99 413 0
99 500 0
100 415 0
101 491 0
102 437 0
103 199 0
103 462 0
104 370 0
105 438 0
106 146 0
106 460 0
107 175 0
108 280 0
109 293 0
110 176 0
110 319 0
110 489 0
111 175 0
111 237 0
111 249 0
111 418 0
111 442 0
112 239 0
113 145 0
113 334 0
113 340 0
114 183 0
114 383 0
114 425 0
114 428 0
115 417 0
116 222 0
117 126 0
117 190 0
118 162 0
119 419 0
120 365 0
120 405 0
121 270 0
122 278 0
123 139 0
123 269 0
123 274 0
123 333 0
124 164 0
125 141 0
125 272 0
125 300 0
125 371 0
126 136 0
126 211 0
126 308 0
127 299 0
128 141 0
128 185 0
128 343 0
128 482 0
129 310 0
130 280 0
132 395 0
133 203 0
134 147 0
134 228 0
134 323 0
135 442 0
136 176 0
136 286 0
137 172 0
137 251 0
137 412 0
138 217 0
138 218 0
140 160 0
140 192 0
140 271 0
140 398 0
140 477 0
141 327 0
141 500 0
142 363 0
143 310 0
144 306 0
145 163 0
145 308 0
145 355 0
145 454 0
146 217 0
146 363 0
146 432 0
147 180 0
147 250 0
147 473 0
147 494 0
148 319 0
149 329 0
150 336 0
150 442 0
151 174 0
151 278 0
152 203 0
153 228 0
153 332 0
153 435 0
153 447 0
155 430 0
156 201 0
157 248 0
158 192 0
158 265 0
159 365 0
159 430 0
160 177 0
160 380 0
160 437 0
161 233 0
161 297 0
161 338 0
161 387 0
162 324 0
162 434 0
163 225 0
163 492 0
164 342 0
164 403 0
164 417 0
164 473 0
165 380 0
165 457 0
167 401 0
168 181 0
168 323 0
168 331 0
168 384 0
169 408 0
169 422 0
170 190 0
170 489 0
171 192 0
171 209 0
173 179 0
173 194 0
173 246 0
173 473 0
174 466 0
175 388 0
175 417 0
175 429 0
175 438 0
176 211 0
177 252 0
177 325 0
177 409 0
178 489 0
180 283 0
183 258 0
183 374 0
183 454 0
184 465 0
185 335 0
187 470 0
187 480 0
188 353 0
189 305 0
190 326 0
190 387 0
192 206 0
192 264 0
192 275 0
193 342 0
193 390 0
194 242 0
195 417 0
196 235 0
198 216 0
199 296 0
200 408 0
201 292 0
201 357 0
201 402 0
201 453 0
202 291 0
203 267 0
204 304 0
205 443 0
206 319 0
206 374 0
207 246 0
207 488 0
208 479 0
208 500 0
209 263 0
209 420 0
210 374 0
210 401 0
210 419 0
211 344 0
211 393 0
211 443 0
212 270 0
212 396 0
213 280 0
213 291 0
213 305 0
213 376 0
214 326 0
214 402 0
214 469 0
215 380 0
215 384 0
216 257 0
216 414 0
216 477 0
218 353 0
218 442 0
220 406 0
220 428 0
222 322 0
222 449 0
222 478 0
223 401 0
224 303 0
226 395 0
227 236 0
227 356 0
228 389 0
229 440 0
230 460 0
231 359 0
231 360 0
231 477 0
232 278 0
232 364 0
232 454 0
232 474 0
233 363 0
234 409 0
234 491 0
235 424 0
235 452 0
235 471 0
238 302 0
239 459 0
242 391 0
243 296 0
243 299 0
244 280 0
244 308 0
245 310 0
247 396 0
247 460 0
248 288 0
248 330 0
249 299 0
253 308 0
255 489 0
256 419 0
258 271 0
258 389 0
259 390 0
260 362 0
260 436 0
262 312 0
263 488 0
264 465 0
265 281 0
266 404 0
268 329 0
269 314 0
269 318 0
269 376 0
270 277 0
270 283 0
271 391 0
271 429 0
271 490 0
273 288 0
273 332 0
273 481 0
273 497 0
278 337 0
278 377 0
279 405 0
280 399 0
281 336 0
281 483 0
282 491 0
284 369 0
285 305 0
286 407 0
287 438 0
288 300 0
290 304 0
290 451 0
290 493 0
291 433 0
292 348 0
292 391 0
293 370 0
293 439 0
294 349 0
295 297 0
296 306 0
299 425 0
299 456 0
301 465 0
303 460 0
304 472 0
306 426 0
306 428 0
308 311 0
309 314 0
310 320 0
310 373 0
312 367 0
312 452 0
312 484 0
314 346 0
315 329 0
316 369 0
318 392 0
318 415 0
318 487 0
320 353 0
320 376 0
320 491 0
323 478 0
326 395 0
326 446 0
327 389 0
328 348 0
329 383 0
332 430 0
333 450 0
335 358 0
335 375 0
335 383 0
338 457 0
339 413 0
345 436 0
347 423 0
348 399 0
348 455 0
349 475 0
350 478 0
352 440 0
353 444 0
354 386 0
354 401 0
355 421 0
357 429 0
361 404 0
362 386 0
362 458 0
362 465 0
363 394 0
364 394 0
364 410 0
365 370 0
365 417 0
366 369 0
367 453 0
368 411 0
368 437 0
368 489 0
370 425 0
377 483 0
378 488 0
379 419 0
380 485 0
382 433 0
385 404 0
386 421 0
388 474 0
390 477 0
390 493 0
391 452 0
393 413 0
393 500 0
395 400 0
396 416 0
396 452 0
397 500 0
398 405 0
407 478 0
408 447 0
429 434 0
431 464 0
434 489 0
435 436 0
437 450 0
437 482 0
441 457 0
443 447 0
443 480 0
445 457 0
446 473 0
447 465 0
448 489 0
461 488 0
462 486 0
467 483 0
467 490 0
468 500 0
478 479 0
486 499 0
496 499 0
