40 92 0
1 9 0
1 15 0
1 30 0
2 6 0
2 7 0
2 20 0
2 26 0
2 28 0
2 30 0
2 33 0
3 5 0
3 7 0
3 17 0
3 27 0
4 6 0
4 9 0
4 13 0
4 27 0
4 30 0
4 34 0
4 36 0
4 38 0
5 9 0
5 13 0
5 16 0
5 33 0
5 35 0
6 7 0
6 10 0
6 15 0
6 20 0
6 27 0
6 34 0
7 19 0
7 22 0
7 25 0
7 28 0
8 10 0
9 13 0
9 15 0
9 17 0
9 23 0
9 25 0
9 30 0
9 31 0
10 12 0
10 34 0
10 40 0
11 14 0
11 27 0
11 35 0
12 14 0
12 25 0
12 31 0
13 14 0
13 28 0
13 35 0
13 37 0
14 17 0
14 29 0
14 36 0
15 29 0
16 20 0
17 18 0
17 21 0
17 23 0
18 30 0
18 32 0
18 37 0
19 21 0
19 27 0
19 34 0
20 29 0
20 31 0
20 34 0
20 38 0
20 40 0
21 28 0
22 35 0
24 25 0
24 37 0
25 30 0
25 33 0
25 39 0
26 27 0
27 33 0
28 31 0
30 38 0
31 39 0
33 39 0
35 39 0
36 37 0
