180 242 0
1 71 0
1 75 0
2 134 0
3 59 0
4 52 0
4 65 0
4 100 0
4 108 0
4 109 0
5 54 0
5 65 0
5 159 0
6 93 0
6 114 0
7 89 0
7 125 0
8 12 0
8 49 0
8 109 0
9 179 0
10 84 0
10 125 0
11 59 0
11 78 0
11 79 0
11 85 0
11 135 0
12 54 0
12 80 0
12 97 0
12 128 0
13 95 0
14 71 0
14 130 0
15 86 0
16 46 0
16 56 0
16 163 0
17 34 0
17 75 0
17 122 0
17 152 0
18 159 0
19 33 0
19 144 0
20 32 0
20 44 0
20 63 0
20 148 0
21 55 0
21 68 0
21 76 0
21 119 0
22 63 0
22 89 0
23 100 0
24 60 0
24 118 0
24 136 0
24 137 0
24 156 0
25 116 0
25 135 0
26 27 0
26 135 0
27 31 0
27 59 0
27 60 0
27 94 0
28 75 0
29 114 0
29 126 0
29 163 0
29 180 0
30 118 0
30 159 0
31 58 0
32 50 0
32 114 0
33 121 0
34 105 0
34 124 0
34 148 0
35 61 0
36 145 0
37 121 0
38 40 0
38 53 0
38 133 0
38 161 0
39 65 0
39 134 0
40 59 0
41 67 0
42 106 0
42 117 0
43 104 0
45 106 0
46 152 0
47 145 0
48 99 0
49 136 0
49 179 0
50 121 0
51 144 0
52 108 0
53 64 0
55 160 0
56 107 0
56 144 0
57 93 0
58 126 0
59 73 0
59 82 0
59 129 0
59 160 0
60 81 0
60 167 0
61 80 0
61 132 0
61 148 0
62 87 0
62 147 0
62 150 0
62 180 0
64 81 0
64 101 0
64 105 0
65 83 0
65 169 0
65 172 0
66 95 0
67 74 0
67 82 0
67 88 0
69 78 0
69 131 0
70 78 0
70 143 0
70 149 0
70 168 0
70 177 0
71 120 0
71 133 0
71 153 0
72 90 0
72 106 0
72 108 0
74 107 0
75 113 0
75 139 0
75 179 0
76 81 0
76 89 0
76 174 0
77 108 0
78 109 0
78 134 0
80 104 0
80 105 0
81 97 0
82 95 0
82 101 0
82 143 0
84 115 0
84 120 0
84 160 0
86 93 0
86 102 0
86 148 0
86 166 0
88 89 0
89 173 0
90 99 0
91 122 0
92 108 0
92 167 0
93 103 0
93 124 0
95 170 0
96 132 0
96 142 0
96 179 0
97 107 0
97 151 0
97 156 0
97 159 0
97 175 0
98 104 0
99 120 0
99 154 0
100 140 0
100 178 0
101 120 0
101 161 0
102 154 0
104 125 0
104 130 0
105 109 0
105 180 0
106 158 0
106 161 0
107 110 0
107 166 0
107 177 0
109 125 0
111 116 0
112 144 0
115 140 0
116 123 0
116 125 0
117 152 0
120 152 0
120 170 0
121 138 0
121 161 0
122 146 0
122 149 0
122 175 0
124 144 0
124 179 0
125 145 0
125 153 0
125 166 0
126 162 0
127 145 0
127 180 0
131 141 0
131 151 0
131 180 0
134 171 0
135 148 0
137 174 0
138 154 0
138 163 0
142 174 0
152 157 0
155 174 0
163 176 0
164 167 0
165 167 0
168 180 0
