60 83 0
1 59 0
2 13 0
2 17 0
3 11 0
4 20 0
4 22 0
5 37 0
5 51 0
6 7 0
6 11 0
6 40 0
7 36 0
7 44 0
7 49 0
7 58 0
8 20 0
8 36 0
9 13 0
9 42 0
10 37 0
11 15 0
11 40 0
11 45 0
12 15 0
12 28 0
12 34 0
12 35 0
12 47 0
12 54 0
13 25 0
13 39 0
13 58 0
14 22 0
14 29 0
14 44 0
14 49 0
15 36 0
15 57 0
16 50 0
17 26 0
18 50 0
19 21 0
20 44 0
20 53 0
21 45 0
21 56 0
21 58 0
22 32 0
23 46 0
23 60 0
24 57 0
25 50 0
26 32 0
26 44 0
26 51 0
27 49 0
27 54 0
27 57 0
29 52 0
30 46 0
30 55 0
30 60 0
31 59 0
33 37 0
35 36 0
35 37 0
35 39 0
35 59 0
36 40 0
36 44 0
36 46 0
38 39 0
39 48 0
39 52 0
41 58 0
41 59 0
42 57 0
43 46 0
45 59 0
47 50 0
49 56 0
50 58 0
55 57 0
