1000 1095 0
1 68 0
1 721 0
1 861 0
1 891 0
2 690 0
3 741 0
4 22 0
4 615 0
4 619 0
4 703 0
5 153 0
5 270 0
5 830 0
5 855 0
6 878 0
7 793 0
8 17 0
8 383 0
8 685 0
8 836 0
8 894 0
9 200 0
9 438 0
9 999 0
10 403 0
11 895 0
12 289 0
13 276 0
13 435 0
13 484 0
13 497 0
13 584 0
14 348 0
14 419 0
14 645 0
14 694 0
14 940 0
15 477 0
16 517 0
18 116 0
18 439 0
18 550 0
18 617 0
19 135 0
19 492 0
19 959 0
20 307 0
20 537 0
20 635 0
20 826 0
21 73 0
22 94 0
22 339 0
22 696 0
22 697 0
22 782 0
22 872 0
23 812 0
24 724 0
25 407 0
26 222 0
26 589 0
26 617 0
26 672 0
27 642 0
28 100 0
28 250 0
28 670 0
28 766 0
29 807 0
30 494 0
31 539 0
32 234 0
33 414 0
34 47 0
35 928 0
36 422 0
37 447 0
37 467 0
37 912 0
37 987 0
38 119 0
39 430 0
40 757 0
41 92 0
42 616 0
43 133 0
43 575 0
43 870 0
43 939 0
44 153 0
44 352 0
44 537 0
44 979 0
44 987 0
45 512 0
45 607 0
45 779 0
45 801 0
46 517 0
47 102 0
47 473 0
47 552 0
48 213 0
48 959 0
48 987 0
49 105 0
50 74 0
51 629 0
52 646 0
53 694 0
54 898 0
55 142 0
55 458 0
55 670 0
55 915 0
56 383 0
56 643 0
56 980 0
57 178 0
58 188 0
59 659 0
60 529 0
61 153 0
61 489 0
61 529 0
61 598 0
62 690 0
63 847 0
64 983 0
65 455 0
66 129 0
67 847 0
69 854 0
70 511 0
71 437 0
72 296 0
72 403 0
72 447 0
72 707 0
73 317 0
73 665 0
73 764 0
74 695 0
74 859 0
74 925 0
74 940 0
75 630 0
76 281 0
76 309 0
76 687 0
76 790 0
77 928 0
78 248 0
78 383 0
78 624 0
78 930 0
78 977 0
79 205 0
79 478 0
79 946 0
79 954 0
80 391 0
81 92 0
82 378 0
83 419 0
84 267 0
85 226 0
85 782 0
85 950 0
86 914 0
87 853 0
88 199 0
88 591 0
88 810 0
88 853 0
88 868 0
89 493 0
89 681 0
89 730 0
89 947 0
90 171 0
90 713 0
90 845 0
90 931 0
91 847 0
92 495 0
92 701 0
93 131 0
93 322 0
93 498 0
93 650 0
93 851 0
93 932 0
95 448 0
96 324 0
97 131 0
97 148 0
97 648 0
97 696 0
97 911 0
98 489 0
99 323 0
99 528 0
99 783 0
99 784 0
101 569 0
101 678 0
101 837 0
101 838 0
103 367 0
103 591 0
103 658 0
103 976 0
104 830 0
105 488 0
105 594 0
105 609 0
105 717 0
106 188 0
107 541 0
107 646 0
107 936 0
108 156 0
108 255 0
108 369 0
108 564 0
108 783 0
109 248 0
109 481 0
109 539 0
110 258 0
111 128 0
112 838 0
113 646 0
114 416 0
114 671 0
114 764 0
114 820 0
114 849 0
115 950 0
116 579 0
116 664 0
117 414 0
118 769 0
119 577 0
119 733 0
119 764 0
120 318 0
121 798 0
122 358 0
123 378 0
124 513 0
124 802 0
124 820 0
124 829 0
125 814 0
126 202 0
126 346 0
126 845 0
126 876 0
127 918 0
128 249 0
128 845 0
128 920 0
129 200 0
129 551 0
129 666 0
130 927 0
131 351 0
131 520 0
132 520 0
134 616 0
135 719 0
135 900 0
135 908 0
136 391 0
137 902 0
138 957 0
139 358 0
140 279 0
141 944 0
143 152 0
143 745 0
143 889 0
143 959 0
144 306 0
145 629 0
146 923 0
147 627 0
149 703 0
150 873 0
151 289 0
152 260 0
152 805 0
152 900 0
153 532 0
154 505 0
154 633 0
154 721 0
154 727 0
155 377 0
155 821 0
155 850 0
155 905 0
157 678 0
158 805 0
159 307 0
160 274 0
160 330 0
160 695 0
161 961 0
162 707 0
163 259 0
164 362 0
165 871 0
166 296 0
167 638 0
168 839 0
169 853 0
170 267 0
172 399 0
173 837 0
174 316 0
174 370 0
174 549 0
174 740 0
175 489 0
176 769 0
176 926 0
176 953 0
177 199 0
178 251 0
178 514 0
178 777 0
179 933 0
180 301 0
180 315 0
180 697 0
180 840 0
180 935 0
181 536 0
182 227 0
183 234 0
183 279 0
183 487 0
183 956 0
184 530 0
185 241 0
186 966 0
187 212 0
188 268 0
188 465 0
188 840 0
189 942 0
190 511 0
191 757 0
192 373 0
193 486 0
194 407 0
195 999 0
196 684 0
197 633 0
197 644 0
197 716 0
197 790 0
198 206 0
198 330 0
198 381 0
198 569 0
199 796 0
199 859 0
200 415 0
200 537 0
200 771 0
201 714 0
201 792 0
201 842 0
201 965 0
203 854 0
204 724 0
206 359 0
206 491 0
206 806 0
207 477 0
207 487 0
207 775 0
207 873 0
208 400 0
209 470 0
209 508 0
209 816 0
209 890 0
210 542 0
210 617 0
210 686 0
210 851 0
211 868 0
212 652 0
212 761 0
212 998 0
213 240 0
213 302 0
213 851 0
214 737 0
215 579 0
216 536 0
216 579 0
216 603 0
216 968 0
217 813 0
218 516 0
219 486 0
220 260 0
220 427 0
220 780 0
220 848 0
221 307 0
223 348 0
224 975 0
225 868 0
226 464 0
226 524 0
226 636 0
226 686 0
227 235 0
227 586 0
227 841 0
228 229 0
228 444 0
228 565 0
228 989 0
230 699 0
231 944 0
232 554 0
233 448 0
234 919 0
234 952 0
236 430 0
237 918 0
238 898 0
239 813 0
240 503 0
240 597 0
240 903 0
241 558 0
241 706 0
241 772 0
241 901 0
242 968 0
243 741 0
244 394 0
244 662 0
244 745 0
244 999 0
245 333 0
245 449 0
245 668 0
245 762 0
245 832 0
246 737 0
247 619 0
248 525 0
248 643 0
248 950 0
252 421 0
252 465 0
252 727 0
252 731 0
253 318 0
254 962 0
256 288 0
257 739 0
258 305 0
258 788 0
258 994 0
259 596 0
259 717 0
259 971 0
260 341 0
260 699 0
260 932 0
261 642 0
262 467 0
262 630 0
262 698 0
262 739 0
263 560 0
264 282 0
264 327 0
264 385 0
264 442 0
264 815 0
264 850 0
265 289 0
266 793 0
267 459 0
267 644 0
269 807 0
270 314 0
270 608 0
270 803 0
271 769 0
272 750 0
273 798 0
274 565 0
274 667 0
274 673 0
274 715 0
275 871 0
276 324 0
276 399 0
276 979 0
277 330 0
278 934 0
279 510 0
279 916 0
280 480 0
281 742 0
281 849 0
282 480 0
282 761 0
283 327 0
283 411 0
283 548 0
283 622 0
283 831 0
284 536 0
285 775 0
286 455 0
287 320 0
288 438 0
288 578 0
288 677 0
289 716 0
290 846 0
291 566 0
292 699 0
293 813 0
294 424 0
294 568 0
294 735 0
294 785 0
295 368 0
295 561 0
295 723 0
295 963 0
296 382 0
296 442 0
296 896 0
297 422 0
298 724 0
299 826 0
300 690 0
302 499 0
302 525 0
302 615 0
303 516 0
304 805 0
306 505 0
306 538 0
306 982 0
307 640 0
308 321 0
308 349 0
308 442 0
308 712 0
308 819 0
310 520 0
311 320 0
311 324 0
311 565 0
312 873 0
313 426 0
318 728 0
318 804 0
319 371 0
320 832 0
320 869 0
320 951 0
321 361 0
321 530 0
322 455 0
322 554 0
322 793 0
324 338 0
325 614 0
326 874 0
327 415 0
328 361 0
329 953 0
330 892 0
331 704 0
332 694 0
333 345 0
333 447 0
333 614 0
333 616 0
334 675 0
335 699 0
336 957 0
337 341 0
340 348 0
341 521 0
341 879 0
342 941 0
343 675 0
344 923 0
345 807 0
345 976 0
347 826 0
348 864 0
349 430 0
349 846 0
349 889 0
350 475 0
351 364 0
351 387 0
351 973 0
352 486 0
352 775 0
353 403 0
354 775 0
355 914 0
356 984 0
357 942 0
358 734 0
358 790 0
360 443 0
361 440 0
361 761 0
362 725 0
362 888 0
362 954 0
363 581 0
365 414 0
366 530 0
368 480 0
368 645 0
368 683 0
370 391 0
370 435 0
370 506 0
370 525 0
371 711 0
371 727 0
371 913 0
372 517 0
373 483 0
373 676 0
373 686 0
373 883 0
374 814 0
375 669 0
375 689 0
375 790 0
375 844 0
376 966 0
378 565 0
378 981 0
379 614 0
380 630 0
381 453 0
381 729 0
381 753 0
383 825 0
384 502 0
386 659 0
386 912 0
386 928 0
386 966 0
388 793 0
389 941 0
390 703 0
391 749 0
391 940 0
392 983 0
393 610 0
393 685 0
393 744 0
393 922 0
394 457 0
394 758 0
394 860 0
395 927 0
396 664 0
396 694 0
396 812 0
397 398 0
398 573 0
398 691 0
398 849 0
399 887 0
399 929 0
400 401 0
400 469 0
400 588 0
400 591 0
400 673 0
402 474 0
403 546 0
403 749 0
404 541 0
405 476 0
405 490 0
405 641 0
405 866 0
406 511 0
407 557 0
407 840 0
408 992 0
409 969 0
410 579 0
412 536 0
413 475 0
414 733 0
414 965 0
415 718 0
415 996 0
416 487 0
416 825 0
417 602 0
418 878 0
419 572 0
419 978 0
420 447 0
420 592 0
420 724 0
420 957 0
422 466 0
422 820 0
423 830 0
424 502 0
424 602 0
424 645 0
425 707 0
426 523 0
426 730 0
426 828 0
428 678 0
429 532 0
429 625 0
429 756 0
429 955 0
430 767 0
431 871 0
432 590 0
433 590 0
434 630 0
435 857 0
436 898 0
437 473 0
437 526 0
437 751 0
438 539 0
438 610 0
438 822 0
438 889 0
441 798 0
443 451 0
443 481 0
443 742 0
443 881 0
445 566 0
446 856 0
448 542 0
448 743 0
450 698 0
452 678 0
454 480 0
455 794 0
456 492 0
459 617 0
459 973 0
459 975 0
460 961 0
461 539 0
462 856 0
463 962 0
465 616 0
467 575 0
467 777 0
468 703 0
470 597 0
470 769 0
470 927 0
471 694 0
472 638 0
473 569 0
473 664 0
474 601 0
474 661 0
474 788 0
475 791 0
475 849 0
477 620 0
477 945 0
479 969 0
480 637 0
481 503 0
481 684 0
481 936 0
482 953 0
485 839 0
486 676 0
486 685 0
487 548 0
487 671 0
489 534 0
492 599 0
492 721 0
492 799 0
494 656 0
494 728 0
494 988 0
496 592 0
498 878 0
498 957 0
499 653 0
499 783 0
499 845 0
500 984 0
501 619 0
502 897 0
502 970 0
503 730 0
503 779 0
504 635 0
505 516 0
505 519 0
505 673 0
506 628 0
506 768 0
506 882 0
507 646 0
509 579 0
511 721 0
515 934 0
516 710 0
517 841 0
518 529 0
519 580 0
519 583 0
519 736 0
520 533 0
522 839 0
525 717 0
527 898 0
527 912 0
527 961 0
527 993 0
529 651 0
529 901 0
530 808 0
530 850 0
531 643 0
532 536 0
532 675 0
535 966 0
537 850 0
539 973 0
540 684 0
541 575 0
541 763 0
542 757 0
542 807 0
543 980 0
544 775 0
545 914 0
547 659 0
548 627 0
548 983 0
553 962 0
554 612 0
554 688 0
555 895 0
556 643 0
558 902 0
558 912 0
558 944 0
559 664 0
560 720 0
560 781 0
560 788 0
562 895 0
563 918 0
564 950 0
564 969 0
565 810 0
566 626 0
566 997 0
567 837 0
569 633 0
570 874 0
571 659 0
574 855 0
575 847 0
576 627 0
579 716 0
581 594 0
581 776 0
581 976 0
582 771 0
585 823 0
587 598 0
588 750 0
588 825 0
588 889 0
590 695 0
590 907 0
592 595 0
592 787 0
593 635 0
594 968 0
597 701 0
597 788 0
597 884 0
598 754 0
598 817 0
600 683 0
602 654 0
602 865 0
603 671 0
603 823 0
604 855 0
605 969 0
606 774 0
610 889 0
611 757 0
613 739 0
614 786 0
615 728 0
615 840 0
615 875 0
615 884 0
616 618 0
617 854 0
619 880 0
621 771 0
623 857 0
626 895 0
626 914 0
626 990 0
627 706 0
627 708 0
629 858 0
629 976 0
631 874 0
632 975 0
633 959 0
634 926 0
635 972 0
638 679 0
638 701 0
639 968 0
641 690 0
641 798 0
641 990 0
642 777 0
642 964 0
643 680 0
643 749 0
644 918 0
644 975 0
645 851 0
646 653 0
647 698 0
649 737 0
650 737 0
650 942 0
650 962 0
653 923 0
653 980 0
655 684 0
657 984 0
660 936 0
662 733 0
662 789 0
662 885 0
662 924 0
663 741 0
664 765 0
664 852 0
670 810 0
670 813 0
671 987 0
671 990 0
674 927 0
675 747 0
676 975 0
682 826 0
683 692 0
683 706 0
685 903 0
686 839 0
686 901 0
693 992 0
695 742 0
695 745 0
695 992 0
696 825 0
697 999 0
698 748 0
700 900 0
701 995 0
702 846 0
704 779 0
704 862 0
704 875 0
704 905 0
705 805 0
707 991 0
709 856 0
716 814 0
717 941 0
722 822 0
726 868 0
727 857 0
728 953 0
730 878 0
732 774 0
738 993 0
739 906 0
741 783 0
742 822 0
745 951 0
746 992 0
750 770 0
750 948 0
752 823 0
755 769 0
759 846 0
760 902 0
761 903 0
761 933 0
764 856 0
771 809 0
773 944 0
774 877 0
774 965 0
777 969 0
778 812 0
779 934 0
782 855 0
782 995 0
795 926 0
797 902 0
800 995 0
810 959 0
811 854 0
812 954 0
814 863 0
818 923 0
820 926 0
822 834 0
823 951 0
824 993 0
827 936 0
830 974 0
832 950 0
833 873 0
835 995 0
837 867 0
837 905 0
838 886 0
838 910 0
841 979 0
841 984 0
843 993 0
849 874 0
853 904 0
855 960 0
857 949 0
859 918 0
871 951 0
875 950 0
884 956 0
893 936 0
899 957 0
900 968 0
903 954 0
909 956 0
917 934 0
921 983 0
928 986 0
932 933 0
933 1000 0
937 980 0
938 956 0
941 943 0
942 958 0
953 967 0
961 985 0
965 990 0
976 979 0
