60 95 0
1 53 0
2 14 0
2 29 0
2 50 0
2 56 0
2 58 0
3 28 0
3 36 0
3 51 0
4 9 0
4 30 0
5 49 0
6 38 0
6 56 0
7 27 0
7 30 0
7 51 0
7 58 0
8 11 0
8 31 0
8 36 0
8 46 0
8 47 0
8 50 0
8 51 0
8 52 0
8 60 0
9 34 0
9 57 0
9 58 0
9 59 0
10 53 0
11 38 0
11 60 0
12 19 0
12 55 0
13 20 0
13 46 0
14 36 0
14 53 0
14 58 0
15 18 0
16 17 0
17 24 0
17 32 0
17 37 0
17 40 0
17 41 0
17 47 0
17 54 0
18 41 0
18 43 0
18 44 0
18 51 0
18 55 0
19 33 0
20 38 0
21 22 0
21 30 0
21 42 0
21 48 0
21 57 0
22 58 0
23 28 0
23 55 0
25 36 0
25 37 0
25 46 0
25 53 0
26 49 0
27 36 0
27 38 0
27 52 0
28 36 0
28 39 0
28 50 0
30 38 0
30 55 0
32 59 0
33 34 0
33 45 0
33 54 0
33 59 0
34 51 0
35 57 0
37 57 0
39 46 0
40 49 0
41 54 0
43 55 0
46 54 0
49 51 0
52 53 0
52 59 0
54 58 0
