1000 1191 0
1 897 0
2 843 0
3 554 0
4 339 0
5 38 0
5 163 0
5 272 0
5 309 0
5 330 0
5 980 0
6 859 0
7 889 0
8 449 0
9 69 0
9 123 0
9 712 0
9 752 0
10 483 0
11 179 0
12 581 0
13 725 0
14 657 0
15 32 0
15 64 0
15 250 0
15 494 0
15 506 0
15 965 0
16 704 0
17 192 0
18 322 0
18 373 0
18 619 0
19 107 0
19 646 0
19 738 0
19 893 0
20 945 0
21 600 0
22 704 0
23 752 0
24 126 0
24 151 0
24 279 0
24 343 0
24 591 0
25 463 0
26 809 0
27 447 0
28 723 0
29 690 0
29 819 0
29 867 0
29 881 0
30 454 0
31 47 0
31 193 0
31 537 0
31 670 0
31 760 0
33 654 0
34 512 0
35 835 0
36 674 0
37 211 0
38 249 0
38 963 0
39 686 0
40 162 0
40 170 0
40 183 0
40 246 0
40 661 0
41 427 0
42 230 0
43 457 0
44 543 0
45 850 0
46 428 0
47 445 0
47 649 0
47 947 0
48 474 0
48 624 0
48 671 0
48 801 0
49 510 0
49 652 0
49 660 0
50 943 0
51 969 0
52 242 0
52 589 0
52 870 0
52 999 0
53 907 0
54 737 0
55 333 0
55 606 0
55 647 0
55 661 0
55 799 0
56 581 0
57 670 0
58 139 0
59 488 0
60 809 0
61 68 0
61 105 0
61 767 0
61 857 0
62 348 0
63 746 0
64 207 0
64 678 0
64 760 0
65 127 0
65 253 0
65 269 0
65 717 0
65 999 0
66 175 0
66 537 0
66 800 0
67 106 0
69 128 0
69 202 0
69 319 0
69 988 0
70 664 0
70 844 0
70 963 0
71 195 0
71 682 0
71 755 0
71 957 0
72 700 0
73 553 0
73 793 0
73 814 0
73 942 0
74 348 0
75 90 0
76 78 0
76 270 0
76 657 0
76 787 0
77 216 0
77 505 0
77 527 0
77 706 0
78 544 0
78 856 0
79 446 0
79 592 0
79 660 0
79 798 0
80 618 0
81 524 0
82 155 0
82 248 0
82 698 0
82 766 0
82 816 0
83 315 0
83 796 0
83 985 0
84 322 0
85 297 0
86 639 0
87 714 0
87 889 0
87 999 0
88 610 0
89 139 0
89 216 0
89 372 0
90 303 0
90 453 0
90 944 0
91 375 0
91 393 0
91 626 0
91 730 0
91 799 0
92 213 0
93 725 0
94 359 0
95 327 0
96 489 0
96 803 0
96 805 0
96 933 0
97 165 0
97 193 0
97 242 0
97 554 0
97 810 0
98 899 0
99 437 0
100 442 0
100 739 0
100 823 0
100 933 0
101 204 0
101 723 0
101 882 0
102 163 0
103 609 0
104 364 0
106 122 0
106 472 0
106 864 0
108 346 0
108 612 0
108 633 0
108 727 0
108 730 0
108 757 0
109 197 0
110 315 0
111 175 0
111 483 0
111 543 0
111 604 0
112 408 0
112 514 0
112 545 0
112 802 0
113 434 0
114 207 0
114 288 0
114 455 0
115 554 0
116 254 0
116 274 0
116 382 0
116 565 0
116 864 0
117 304 0
118 773 0
119 771 0
120 324 0
121 583 0
123 355 0
123 484 0
123 530 0
123 759 0
123 862 0
124 184 0
124 581 0
124 686 0
124 844 0
125 787 0
126 187 0
126 294 0
129 512 0
130 317 0
130 436 0
130 691 0
130 767 0
131 148 0
131 290 0
131 459 0
131 804 0
132 164 0
133 206 0
134 291 0
135 493 0
135 536 0
135 797 0
135 893 0
136 564 0
137 635 0
138 215 0
139 486 0
139 506 0
139 509 0
140 583 0
141 934 0
142 330 0
143 639 0
144 681 0
145 249 0
146 273 0
146 296 0
146 436 0
146 443 0
147 850 0
149 421 0
150 948 0
151 347 0
151 741 0
151 904 0
152 754 0
153 304 0
153 318 0
153 430 0
154 330 0
154 359 0
154 624 0
155 322 0
155 398 0
155 575 0
155 932 0
156 207 0
156 559 0
156 648 0
156 749 0
157 197 0
157 771 0
157 780 0
157 910 0
158 431 0
158 441 0
158 519 0
158 835 0
159 359 0
159 540 0
159 627 0
159 779 0
159 818 0
160 263 0
161 843 0
163 325 0
163 951 0
164 500 0
164 774 0
164 918 0
165 248 0
165 420 0
165 508 0
165 903 0
166 874 0
167 551 0
167 555 0
167 625 0
167 900 0
168 488 0
168 554 0
168 746 0
169 281 0
171 258 0
172 424 0
173 534 0
174 737 0
175 245 0
175 247 0
175 435 0
176 197 0
177 197 0
177 233 0
177 372 0
177 654 0
177 704 0
178 224 0
178 517 0
178 723 0
178 775 0
179 302 0
179 767 0
179 986 0
180 192 0
180 242 0
180 882 0
181 681 0
182 339 0
183 725 0
183 809 0
184 190 0
184 486 0
184 755 0
185 874 0
186 224 0
187 414 0
187 782 0
187 832 0
187 972 0
188 305 0
189 308 0
190 255 0
190 510 0
190 775 0
191 548 0
191 727 0
191 815 0
191 986 0
192 241 0
192 405 0
192 691 0
193 306 0
193 317 0
193 387 0
194 421 0
196 347 0
197 513 0
197 730 0
198 449 0
199 209 0
199 643 0
199 656 0
199 815 0
200 398 0
200 558 0
200 660 0
200 796 0
201 967 0
202 666 0
202 737 0
203 282 0
204 303 0
204 316 0
204 979 0
205 714 0
206 262 0
206 526 0
206 566 0
206 815 0
207 229 0
207 431 0
207 437 0
207 818 0
208 225 0
209 294 0
209 387 0
209 609 0
209 637 0
209 787 0
209 986 0
210 550 0
211 276 0
211 582 0
211 959 0
212 683 0
213 579 0
213 643 0
213 977 0
214 499 0
214 560 0
214 590 0
214 767 0
215 653 0
215 672 0
215 839 0
216 604 0
216 683 0
216 809 0
217 498 0
218 312 0
218 318 0
218 688 0
218 887 0
219 439 0
219 576 0
219 578 0
219 633 0
220 936 0
221 674 0
222 229 0
222 433 0
222 691 0
222 808 0
223 683 0
224 666 0
224 715 0
224 892 0
225 651 0
225 861 0
225 880 0
226 373 0
227 531 0
227 601 0
227 621 0
227 699 0
227 747 0
228 543 0
229 537 0
230 368 0
230 397 0
230 430 0
231 258 0
231 323 0
231 488 0
231 980 0
232 537 0
233 323 0
233 592 0
234 907 0
235 779 0
236 395 0
236 549 0
236 656 0
236 841 0
237 905 0
238 654 0
239 519 0
240 361 0
242 681 0
243 312 0
244 852 0
248 498 0
249 333 0
249 432 0
249 942 0
250 335 0
250 928 0
250 967 0
251 502 0
252 620 0
253 516 0
253 582 0
255 500 0
255 619 0
255 661 0
255 956 0
256 347 0
257 843 0
258 629 0
258 891 0
259 422 0
260 552 0
261 743 0
262 304 0
262 540 0
263 277 0
263 486 0
263 781 0
264 377 0
264 558 0
264 829 0
264 840 0
265 455 0
266 674 0
267 945 0
268 748 0
268 850 0
268 907 0
270 286 0
270 703 0
270 792 0
270 848 0
270 858 0
271 571 0
272 394 0
272 921 0
275 777 0
278 746 0
278 771 0
278 798 0
278 850 0
280 829 0
281 349 0
281 496 0
281 879 0
281 886 0
282 337 0
282 778 0
282 867 0
282 949 0
283 341 0
284 948 0
285 754 0
287 544 0
288 549 0
288 597 0
288 934 0
289 771 0
291 362 0
291 365 0
291 677 0
291 935 0
292 305 0
293 582 0
293 608 0
293 652 0
293 783 0
293 942 0
294 796 0
294 874 0
295 504 0
297 392 0
297 487 0
297 795 0
298 512 0
298 730 0
298 963 0
299 583 0
300 821 0
301 937 0
303 396 0
303 712 0
303 744 0
303 839 0
303 985 0
304 541 0
304 549 0
304 811 0
305 429 0
305 441 0
305 989 0
306 373 0
306 678 0
306 943 0
307 504 0
308 489 0
308 786 0
308 961 0
309 668 0
309 680 0
309 789 0
310 721 0
311 693 0
312 409 0
312 415 0
312 500 0
312 506 0
313 488 0
314 350 0
314 378 0
314 753 0
314 782 0
315 425 0
315 490 0
315 917 0
317 372 0
317 652 0
318 677 0
318 705 0
318 831 0
320 618 0
321 347 0
322 698 0
322 869 0
322 879 0
323 444 0
323 470 0
324 624 0
324 713 0
324 744 0
326 463 0
327 395 0
327 481 0
327 834 0
328 973 0
329 533 0
330 998 0
331 693 0
332 611 0
332 775 0
332 859 0
333 512 0
334 631 0
335 697 0
335 807 0
335 902 0
336 373 0
338 593 0
338 626 0
338 757 0
338 803 0
339 351 0
339 467 0
339 896 0
340 422 0
341 490 0
341 529 0
341 733 0
342 985 0
344 552 0
345 434 0
347 831 0
348 802 0
348 828 0
349 411 0
349 763 0
349 780 0
351 571 0
351 684 0
352 502 0
353 934 0
354 377 0
355 496 0
355 773 0
355 967 0
356 721 0
357 464 0
357 920 0
357 932 0
358 423 0
358 479 0
358 489 0
358 806 0
359 362 0
359 577 0
359 632 0
360 593 0
360 608 0
360 760 0
360 851 0
360 894 0
361 893 0
361 924 0
361 997 0
362 700 0
363 887 0
364 440 0
364 549 0
364 768 0
366 639 0
367 585 0
367 622 0
367 695 0
367 711 0
367 762 0
369 969 0
370 967 0
371 517 0
372 459 0
372 490 0
372 993 0
373 529 0
373 734 0
374 454 0
376 826 0
377 650 0
377 732 0
379 398 0
379 427 0
379 501 0
379 703 0
379 737 0
379 934 0
380 457 0
381 973 0
382 431 0
382 986 0
383 709 0
384 664 0
385 904 0
386 684 0
387 550 0
388 740 0
389 568 0
389 658 0
389 884 0
389 885 0
390 664 0
391 821 0
392 398 0
392 455 0
392 899 0
394 449 0
394 552 0
394 752 0
395 454 0
395 688 0
395 710 0
395 986 0
396 707 0
396 836 0
399 905 0
400 417 0
401 655 0
402 932 0
403 746 0
404 835 0
406 492 0
407 714 0
410 777 0
411 584 0
411 685 0
411 703 0
411 923 0
412 844 0
413 448 0
415 631 0
415 714 0
415 759 0
416 723 0
417 490 0
417 570 0
417 742 0
418 564 0
419 502 0
421 619 0
421 982 0
422 756 0
422 881 0
424 485 0
424 503 0
424 785 0
426 437 0
427 450 0
427 539 0
427 685 0
428 452 0
428 593 0
428 715 0
428 913 0
430 796 0
430 800 0
430 910 0
430 973 0
431 478 0
431 846 0
434 471 0
434 867 0
436 498 0
436 824 0
437 966 0
438 683 0
438 719 0
438 721 0
441 554 0
441 816 0
446 464 0
446 802 0
446 896 0
447 616 0
447 630 0
447 634 0
448 643 0
448 922 0
448 994 0
449 626 0
451 469 0
451 475 0
451 756 0
451 921 0
454 845 0
455 529 0
455 954 0
456 788 0
457 616 0
457 685 0
458 670 0
459 698 0
459 856 0
459 887 0
460 533 0
461 609 0
462 610 0
463 861 0
463 914 0
464 502 0
464 836 0
464 879 0
464 969 0
465 657 0
466 912 0
468 809 0
469 841 0
469 912 0
473 534 0
475 676 0
475 819 0
475 895 0
476 840 0
477 571 0
480 657 0
482 564 0
483 603 0
483 910 0
485 633 0
485 664 0
485 705 0
485 709 0
485 928 0
486 597 0
488 614 0
489 843 0
490 920 0
491 719 0
492 822 0
492 855 0
492 940 0
495 516 0
496 824 0
497 932 0
498 507 0
498 883 0
500 631 0
501 748 0
501 758 0
501 968 0
504 625 0
504 875 0
510 656 0
510 803 0
511 708 0
512 881 0
515 609 0
515 841 0
515 936 0
516 531 0
516 542 0
516 869 0
517 555 0
517 673 0
517 729 0
518 598 0
519 783 0
519 946 0
520 537 0
521 842 0
522 810 0
523 897 0
524 594 0
524 627 0
524 731 0
524 805 0
525 561 0
525 582 0
525 669 0
525 877 0
528 580 0
531 592 0
531 714 0
532 598 0
532 759 0
532 835 0
533 663 0
533 864 0
534 783 0
534 866 0
535 710 0
537 623 0
538 637 0
540 546 0
540 615 0
543 599 0
544 819 0
544 916 0
547 604 0
547 660 0
547 712 0
547 980 0
548 855 0
548 964 0
548 1000 0
549 799 0
549 912 0
550 563 0
550 626 0
550 778 0
552 573 0
552 896 0
554 622 0
555 704 0
556 681 0
557 826 0
558 568 0
558 575 0
558 893 0
562 856 0
564 616 0
567 571 0
568 882 0
568 905 0
569 859 0
571 601 0
571 695 0
571 869 0
572 889 0
574 600 0
575 788 0
578 583 0
578 818 0
578 852 0
580 624 0
580 938 0
580 950 0
581 839 0
581 978 0
582 621 0
582 842 0
586 948 0
587 637 0
587 810 0
587 980 0
588 610 0
591 609 0
591 803 0
592 613 0
592 861 0
593 674 0
595 710 0
596 684 0
597 605 0
597 854 0
597 920 0
598 757 0
598 992 0
600 667 0
600 677 0
601 730 0
602 907 0
604 858 0
607 836 0
608 754 0
610 666 0
610 672 0
611 783 0
611 890 0
611 970 0
613 693 0
613 707 0
613 907 0
616 780 0
617 921 0
618 691 0
618 926 0
619 838 0
619 889 0
620 702 0
620 778 0
620 996 0
621 748 0
622 693 0
624 798 0
625 635 0
625 796 0
627 829 0
628 743 0
631 715 0
631 764 0
635 641 0
635 825 0
636 936 0
637 790 0
637 955 0
638 686 0
639 757 0
640 763 0
642 871 0
643 681 0
644 763 0
645 850 0
652 690 0
654 927 0
655 805 0
655 811 0
655 849 0
655 952 0
656 818 0
657 841 0
659 708 0
661 945 0
661 958 0
662 821 0
664 727 0
664 853 0
665 921 0
666 707 0
670 776 0
672 708 0
672 775 0
672 811 0
675 758 0
677 780 0
678 692 0
678 816 0
679 824 0
683 993 0
684 741 0
686 687 0
688 963 0
689 824 0
690 741 0
690 780 0
694 856 0
695 712 0
695 777 0
696 837 0
700 858 0
700 956 0
701 844 0
702 721 0
702 773 0
702 798 0
704 769 0
705 836 0
707 990 0
708 939 0
709 720 0
709 831 0
709 898 0
710 791 0
714 911 0
716 836 0
718 899 0
719 908 0
719 942 0
719 958 0
722 800 0
723 744 0
723 931 0
724 752 0
725 782 0
726 985 0
728 787 0
733 882 0
733 936 0
735 897 0
736 743 0
740 750 0
740 755 0
740 929 0
741 855 0
743 861 0
745 838 0
746 956 0
748 755 0
748 872 0
751 836 0
752 830 0
754 896 0
756 800 0
756 829 0
758 941 0
758 989 0
759 838 0
761 836 0
761 852 0
761 993 0
763 772 0
765 800 0
770 969 0
773 784 0
773 962 0
775 989 0
777 919 0
779 847 0
779 991 0
782 980 0
788 815 0
788 981 0
794 840 0
796 864 0
802 821 0
803 928 0
805 897 0
810 930 0
812 912 0
813 905 0
815 859 0
817 904 0
819 874 0
820 882 0
821 888 0
826 901 0
826 989 0
827 838 0
829 968 0
833 852 0
835 881 0
835 984 0
837 865 0
837 867 0
837 974 0
838 888 0
840 975 0
841 871 0
841 937 0
842 863 0
842 960 0
855 953 0
856 971 0
858 921 0
859 987 0
860 887 0
864 993 0
868 963 0
871 888 0
871 976 0
873 973 0
874 920 0
876 937 0
878 882 0
881 968 0
899 915 0
904 909 0
906 943 0
925 937 0
928 958 0
928 999 0
933 936 0
933 963 0
943 995 0
945 983 0
948 999 0
