500 534 0
1 62 0
1 106 0
2 238 0
3 374 0
4 384 0
5 75 0
5 141 0
5 185 0
5 327 0
6 260 0
7 344 0
7 367 0
7 403 0
7 449 0
8 355 0
9 20 0
10 213 0
10 246 0
10 360 0
10 467 0
11 356 0
12 42 0
12 54 0
12 201 0
12 278 0
13 314 0
14 237 0
15 125 0
16 196 0
17 384 0
18 35 0
19 89 0
19 340 0
20 29 0
20 235 0
20 469 0
21 388 0
22 73 0
22 75 0
22 175 0
22 269 0
22 405 0
23 109 0
23 176 0
23 224 0
23 431 0
24 420 0
25 352 0
26 229 0
26 390 0
26 446 0
26 499 0
27 160 0
27 373 0
27 411 0
27 426 0
28 395 0
28 454 0
30 273 0
31 223 0
31 236 0
31 257 0
31 351 0
32 111 0
32 129 0
32 197 0
32 381 0
33 131 0
33 164 0
33 209 0
33 303 0
34 36 0
34 53 0
34 77 0
34 182 0
35 217 0
35 233 0
35 399 0
37 329 0
38 199 0
38 465 0
39 106 0
39 166 0
39 340 0
39 394 0
40 47 0
40 385 0
40 487 0
40 499 0
41 326 0
42 345 0
42 451 0
43 142 0
44 61 0
45 166 0
46 475 0
48 129 0
48 149 0
48 397 0
48 407 0
49 124 0
49 180 0
49 235 0
49 412 0
50 59 0
51 59 0
52 473 0
55 401 0
56 240 0
56 312 0
57 280 0
57 289 0
58 67 0
59 254 0
59 271 0
59 368 0
59 458 0
60 179 0
61 97 0
61 216 0
61 363 0
62 106 0
62 326 0
62 448 0
63 473 0
64 347 0
65 202 0
65 311 0
65 343 0
65 402 0
65 473 0
66 472 0
67 278 0
67 315 0
67 498 0
68 142 0
68 294 0
68 306 0
68 430 0
69 106 0
70 283 0
71 155 0
71 262 0
71 299 0
71 468 0
72 329 0
74 355 0
75 249 0
75 389 0
76 226 0
77 191 0
77 220 0
77 472 0
78 85 0
78 100 0
78 112 0
78 128 0
79 131 0
80 177 0
81 489 0
82 159 0
82 204 0
82 311 0
82 447 0
83 190 0
83 220 0
83 285 0
83 286 0
83 396 0
84 359 0
85 319 0
85 374 0
85 459 0
86 118 0
86 234 0
86 250 0
86 480 0
87 196 0
88 118 0
88 314 0
89 122 0
89 298 0
89 375 0
89 376 0
90 101 0
90 206 0
90 213 0
90 330 0
91 93 0
92 372 0
93 216 0
93 464 0
93 476 0
94 196 0
95 292 0
95 299 0
95 373 0
95 482 0
96 274 0
98 290 0
99 472 0
102 135 0
103 237 0
104 303 0
105 422 0
106 346 0
107 151 0
107 368 0
107 398 0
107 441 0
108 173 0
110 329 0
113 322 0
113 358 0
113 367 0
113 439 0
114 242 0
115 131 0
116 347 0
117 375 0
119 183 0
120 463 0
121 164 0
122 129 0
122 292 0
122 367 0
123 150 0
125 236 0
125 263 0
125 279 0
126 354 0
127 190 0
127 321 0
127 325 0
127 474 0
129 260 0
130 138 0
130 162 0
130 194 0
130 387 0
131 296 0
132 230 0
132 323 0
132 342 0
132 369 0
133 169 0
134 189 0
134 213 0
134 408 0
134 492 0
135 187 0
135 251 0
135 271 0
136 386 0
137 497 0
138 209 0
138 326 0
138 353 0
139 475 0
140 168 0
142 200 0
142 280 0
143 462 0
144 374 0
145 497 0
146 177 0
147 298 0
147 303 0
148 371 0
150 241 0
150 281 0
150 367 0
152 191 0
153 188 0
154 388 0
156 340 0
157 422 0
158 294 0
161 388 0
163 268 0
164 193 0
164 295 0
165 345 0
165 373 0
165 433 0
165 496 0
166 293 0
166 316 0
167 460 0
168 248 0
168 357 0
168 482 0
169 217 0
169 227 0
169 423 0
170 421 0
170 430 0
171 288 0
172 179 0
173 362 0
173 383 0
173 450 0
174 356 0
176 261 0
176 333 0
176 459 0
177 190 0
177 470 0
178 196 0
178 286 0
178 289 0
178 462 0
179 271 0
179 453 0
181 268 0
183 232 0
183 245 0
183 467 0
184 285 0
184 370 0
184 388 0
184 475 0
186 371 0
188 258 0
188 391 0
188 499 0
190 199 0
190 360 0
191 332 0
191 405 0
192 422 0
194 462 0
195 326 0
196 247 0
198 352 0
199 380 0
199 421 0
203 328 0
205 274 0
207 283 0
208 328 0
209 292 0
209 311 0
210 238 0
211 237 0
212 359 0
212 384 0
213 422 0
214 273 0
215 221 0
215 242 0
216 222 0
216 372 0
217 220 0
217 417 0
218 318 0
219 325 0
220 484 0
221 225 0
221 434 0
221 482 0
222 272 0
222 287 0
222 378 0
222 421 0
226 379 0
226 450 0
226 479 0
228 298 0
231 318 0
234 286 0
234 314 0
234 355 0
234 358 0
235 285 0
235 290 0
236 356 0
236 459 0
237 287 0
238 287 0
238 466 0
239 489 0
240 299 0
240 313 0
240 438 0
242 404 0
242 455 0
242 484 0
243 460 0
244 430 0
246 273 0
246 460 0
246 473 0
247 319 0
249 337 0
249 342 0
249 396 0
252 272 0
252 292 0
252 294 0
252 396 0
253 261 0
255 290 0
256 331 0
259 288 0
259 378 0
260 442 0
260 451 0
261 416 0
261 488 0
264 333 0
265 356 0
266 374 0
267 370 0
268 369 0
268 373 0
268 382 0
270 489 0
271 394 0
272 306 0
272 394 0
273 409 0
274 378 0
274 495 0
275 376 0
276 290 0
277 359 0
278 283 0
278 306 0
282 401 0
283 448 0
284 465 0
285 461 0
286 362 0
286 441 0
287 331 0
288 337 0
288 339 0
289 457 0
289 491 0
291 333 0
294 307 0
294 334 0
297 298 0
298 436 0
299 371 0
299 386 0
300 353 0
301 376 0
302 352 0
303 494 0
304 319 0
305 333 0
306 499 0
308 428 0
309 420 0
309 430 0
310 463 0
311 401 0
312 370 0
314 444 0
317 420 0
318 348 0
318 450 0
319 493 0
320 355 0
324 417 0
328 445 0
328 484 0
329 378 0
331 335 0
331 338 0
336 376 0
337 347 0
337 489 0
340 500 0
341 354 0
342 395 0
342 420 0
343 406 0
347 365 0
349 389 0
350 428 0
352 467 0
353 458 0
353 490 0
354 366 0
354 467 0
359 461 0
360 396 0
360 459 0
361 372 0
364 372 0
369 499 0
370 400 0
371 443 0
375 435 0
375 456 0
377 395 0
378 428 0
378 430 0
384 425 0
384 482 0
386 437 0
386 471 0
386 484 0
389 419 0
389 429 0
392 473 0
393 406 0
394 450 0
395 413 0
401 452 0
402 460 0
406 427 0
406 461 0
406 481 0
410 497 0
414 472 0
415 475 0
417 440 0
417 478 0
418 460 0
420 477 0
424 462 0
428 432 0
441 463 0
441 465 0
454 465 0
461 497 0
462 483 0
463 486 0
465 485 0
483 484 0
