450 482 0
1 246 0
2 20 0
2 103 0
2 345 0
2 352 0
3 44 0
3 54 0
3 178 0
3 430 0
4 428 0
5 101 0
6 189 0
7 424 0
8 311 0
9 27 0
9 36 0
10 280 0
11 43 0
11 68 0
11 94 0
11 383 0
12 197 0
12 356 0
13 77 0
13 93 0
13 123 0
13 216 0
14 245 0
15 330 0
16 261 0
17 377 0
18 272 0
18 330 0
19 260 0
21 388 0
22 140 0
22 256 0
22 396 0
22 448 0
23 65 0
24 230 0
25 53 0
25 307 0
25 408 0
25 446 0
26 130 0
27 62 0
27 168 0
27 443 0
28 318 0
29 289 0
30 211 0
31 205 0
31 246 0
31 313 0
31 327 0
32 38 0
32 269 0
32 272 0
32 414 0
33 127 0
33 160 0
33 253 0
33 351 0
34 401 0
35 288 0
36 336 0
37 67 0
37 199 0
37 307 0
37 427 0
38 98 0
38 111 0
38 248 0
39 97 0
39 245 0
39 272 0
39 356 0
40 173 0
40 283 0
41 181 0
42 170 0
43 240 0
43 314 0
43 343 0
45 211 0
46 407 0
47 101 0
48 91 0
48 103 0
48 287 0
48 402 0
49 206 0
50 327 0
51 169 0
52 407 0
55 262 0
56 230 0
56 431 0
57 116 0
58 64 0
58 119 0
58 175 0
58 191 0
59 117 0
59 121 0
59 288 0
59 403 0
60 107 0
60 132 0
60 187 0
60 433 0
61 83 0
63 118 0
65 109 0
65 194 0
65 334 0
66 231 0
69 327 0
70 112 0
71 240 0
72 294 0
72 299 0
72 323 0
72 387 0
72 421 0
73 321 0
74 259 0
75 170 0
75 320 0
76 77 0
76 137 0
76 360 0
76 404 0
77 99 0
77 172 0
78 230 0
79 220 0
79 312 0
79 370 0
79 450 0
80 262 0
81 167 0
81 214 0
81 255 0
81 300 0
82 198 0
83 158 0
83 320 0
83 358 0
83 436 0
84 222 0
85 378 0
86 121 0
86 218 0
86 272 0
86 343 0
87 321 0
88 224 0
88 369 0
88 406 0
88 429 0
89 415 0
90 278 0
92 117 0
95 297 0
96 261 0
97 125 0
97 386 0
97 438 0
99 238 0
99 273 0
99 305 0
100 242 0
101 150 0
101 443 0
102 200 0
102 226 0
102 275 0
102 361 0
103 331 0
103 337 0
104 174 0
104 291 0
104 300 0
104 405 0
105 324 0
106 182 0
107 136 0
108 135 0
108 424 0
110 354 0
112 170 0
112 342 0
112 388 0
113 149 0
114 289 0
115 325 0
115 428 0
116 139 0
116 306 0
116 323 0
117 252 0
117 437 0
118 279 0
118 339 0
118 375 0
120 202 0
120 302 0
120 385 0
120 395 0
121 146 0
121 203 0
121 369 0
122 414 0
123 250 0
124 403 0
126 155 0
127 152 0
127 259 0
127 303 0
127 435 0
128 303 0
129 170 0
129 424 0
130 299 0
130 425 0
130 430 0
131 135 0
131 220 0
131 266 0
131 376 0
133 250 0
134 156 0
134 245 0
136 258 0
138 215 0
138 264 0
138 295 0
138 392 0
138 448 0
141 164 0
142 378 0
143 245 0
144 442 0
145 297 0
146 231 0
146 250 0
146 317 0
147 415 0
148 182 0
149 192 0
149 301 0
149 390 0
151 181 0
151 345 0
152 228 0
152 229 0
152 359 0
153 198 0
154 157 0
154 233 0
154 358 0
154 398 0
155 191 0
155 195 0
155 432 0
156 260 0
159 349 0
161 321 0
162 205 0
163 366 0
164 267 0
164 322 0
164 445 0
165 377 0
166 283 0
169 193 0
169 228 0
169 268 0
170 190 0
171 288 0
172 267 0
172 359 0
172 448 0
173 229 0
173 290 0
173 384 0
176 239 0
177 314 0
177 339 0
177 367 0
178 255 0
179 317 0
180 401 0
181 228 0
181 419 0
182 186 0
182 371 0
183 308 0
184 200 0
184 220 0
184 301 0
184 310 0
185 205 0
187 198 0
187 313 0
187 336 0
188 308 0
189 328 0
189 332 0
189 364 0
191 222 0
191 331 0
196 206 0
197 209 0
197 374 0
197 400 0
197 422 0
198 227 0
200 377 0
200 428 0
201 222 0
202 260 0
202 330 0
202 343 0
203 349 0
204 303 0
205 281 0
206 267 0
206 367 0
207 211 0
207 266 0
208 310 0
208 318 0
210 431 0
211 300 0
212 281 0
212 377 0
213 388 0
217 336 0
218 254 0
218 359 0
219 265 0
220 242 0
221 410 0
222 309 0
223 341 0
225 337 0
228 283 0
229 378 0
229 440 0
230 448 0
231 379 0
231 444 0
232 298 0
232 310 0
232 371 0
232 375 0
233 399 0
234 431 0
235 314 0
236 337 0
237 414 0
239 334 0
239 392 0
239 393 0
240 251 0
240 277 0
240 314 0
241 280 0
242 293 0
242 436 0
243 354 0
244 378 0
246 296 0
246 411 0
247 280 0
249 265 0
250 363 0
250 381 0
254 310 0
254 331 0
254 340 0
254 357 0
257 269 0
258 263 0
258 276 0
258 342 0
259 389 0
259 417 0
260 304 0
260 423 0
261 364 0
261 382 0
262 301 0
262 355 0
265 346 0
265 375 0
266 441 0
267 341 0
269 329 0
269 348 0
270 288 0
271 366 0
272 443 0
274 341 0
278 298 0
278 333 0
278 447 0
280 374 0
282 440 0
283 380 0
283 426 0
284 314 0
285 428 0
286 403 0
289 368 0
289 375 0
292 324 0
292 407 0
297 342 0
297 353 0
298 410 0
298 415 0
300 343 0
301 324 0
303 399 0
304 341 0
307 431 0
307 441 0
308 371 0
308 372 0
310 313 0
311 350 0
311 369 0
311 373 0
313 364 0
315 324 0
316 317 0
317 319 0
318 369 0
318 434 0
321 430 0
323 349 0
323 441 0
324 391 0
325 327 0
326 414 0
330 394 0
330 426 0
331 358 0
334 357 0
334 401 0
335 431 0
336 338 0
337 420 0
340 440 0
342 357 0
344 356 0
347 401 0
349 416 0
354 362 0
354 443 0
356 412 0
357 430 0
358 366 0
359 441 0
364 407 0
365 410 0
366 435 0
371 442 0
374 424 0
374 441 0
397 436 0
397 442 0
403 449 0
409 422 0
409 442 0
410 413 0
415 418 0
439 440 0
