80 133 0
1 39 0
2 19 0
2 37 0
3 12 0
4 72 0
4 79 0
5 63 0
5 76 0
6 31 0
6 39 0
6 55 0
6 72 0
6 78 0
7 11 0
7 17 0
7 18 0
7 33 0
8 24 0
8 36 0
8 50 0
8 78 0
9 72 0
10 46 0
10 79 0
11 17 0
11 51 0
11 53 0
11 60 0
11 68 0
12 26 0
12 34 0
12 39 0
12 62 0
12 69 0
12 73 0
12 75 0
12 77 0
13 17 0
13 24 0
13 31 0
13 35 0
13 71 0
13 77 0
14 16 0
14 18 0
15 30 0
15 57 0
15 60 0
15 64 0
16 39 0
17 18 0
17 28 0
17 43 0
17 49 0
18 41 0
18 57 0
18 58 0
18 64 0
19 29 0
19 80 0
20 29 0
20 61 0
21 78 0
22 47 0
22 55 0
22 56 0
22 71 0
23 61 0
23 62 0
24 53 0
24 57 0
24 71 0
24 73 0
25 59 0
25 72 0
25 80 0
26 55 0
26 61 0
27 28 0
27 80 0
28 37 0
28 69 0
29 43 0
29 77 0
30 32 0
31 63 0
31 80 0
32 42 0
32 69 0
32 72 0
33 59 0
34 57 0
34 69 0
34 71 0
35 78 0
36 66 0
36 70 0
37 40 0
37 47 0
37 62 0
37 70 0
37 71 0
38 50 0
39 45 0
40 46 0
41 51 0
42 66 0
43 52 0
43 73 0
43 77 0
44 46 0
46 48 0
46 63 0
47 71 0
49 63 0
50 54 0
50 57 0
53 59 0
53 61 0
54 65 0
55 73 0
59 65 0
59 70 0
60 67 0
66 74 0
66 77 0
67 78 0
69 70 0
69 71 0
69 79 0
71 72 0
71 73 0
75 76 0
