500 568 0
1 35 0
2 93 0
2 228 0
2 267 0
2 324 0
3 111 0
4 38 0
5 69 0
6 373 0
7 487 0
8 395 0
9 470 0
10 11 0
10 12 0
10 116 0
10 488 0
11 235 0
11 292 0
11 375 0
12 149 0
12 485 0
12 495 0
13 43 0
13 63 0
13 206 0
13 307 0
14 105 0
14 415 0
14 419 0
15 445 0
16 352 0
17 67 0
17 174 0
17 249 0
17 331 0
17 378 0
18 483 0
19 450 0
20 327 0
21 214 0
22 134 0
22 216 0
22 272 0
22 400 0
23 92 0
24 138 0
25 117 0
25 413 0
26 36 0
26 158 0
26 172 0
26 407 0
27 61 0
28 110 0
28 273 0
29 87 0
29 91 0
30 346 0
31 61 0
31 160 0
31 187 0
31 204 0
31 269 0
31 296 0
32 268 0
32 308 0
33 101 0
34 428 0
35 68 0
35 370 0
35 424 0
36 52 0
36 92 0
36 237 0
37 161 0
38 53 0
38 358 0
38 439 0
39 46 0
39 125 0
39 253 0
39 355 0
40 97 0
40 257 0
40 275 0
40 339 0
41 250 0
42 156 0
44 118 0
44 294 0
44 347 0
44 420 0
44 444 0
45 52 0
45 349 0
46 54 0
46 137 0
46 145 0
47 470 0
48 178 0
49 102 0
49 152 0
49 234 0
49 360 0
49 430 0
50 253 0
51 348 0
52 398 0
52 419 0
53 139 0
53 165 0
53 388 0
53 427 0
53 445 0
53 478 0
54 413 0
54 479 0
54 494 0
55 82 0
55 471 0
56 250 0
57 134 0
57 285 0
57 321 0
57 481 0
58 65 0
58 139 0
58 326 0
58 349 0
59 354 0
60 136 0
60 176 0
61 145 0
61 264 0
61 295 0
62 220 0
63 119 0
63 455 0
63 487 0
64 69 0
64 116 0
64 243 0
64 354 0
66 216 0
66 308 0
68 324 0
69 191 0
69 379 0
70 245 0
70 399 0
70 485 0
71 277 0
72 238 0
72 346 0
73 231 0
74 415 0
75 164 0
76 130 0
77 189 0
77 265 0
78 91 0
78 110 0
79 88 0
80 107 0
81 487 0
82 179 0
83 471 0
84 479 0
85 409 0
86 189 0
87 409 0
87 450 0
88 245 0
88 403 0
88 436 0
89 205 0
90 306 0
91 278 0
91 361 0
92 170 0
92 230 0
94 488 0
95 180 0
95 225 0
95 323 0
95 324 0
95 414 0
96 189 0
96 195 0
96 338 0
96 352 0
98 428 0
99 184 0
99 304 0
99 349 0
100 256 0
100 270 0
100 324 0
100 451 0
101 145 0
101 236 0
101 290 0
101 418 0
102 255 0
103 455 0
104 395 0
105 130 0
106 334 0
106 340 0
107 326 0
107 381 0
107 417 0
108 231 0
109 343 0
110 364 0
110 411 0
110 425 0
111 134 0
111 136 0
111 167 0
112 138 0
113 175 0
113 231 0
113 334 0
113 454 0
114 479 0
115 304 0
116 361 0
116 396 0
117 164 0
117 276 0
117 370 0
117 390 0
117 444 0
118 178 0
118 336 0
118 385 0
119 196 0
119 275 0
119 376 0
120 323 0
121 445 0
122 422 0
123 431 0
124 261 0
124 282 0
124 465 0
124 498 0
125 154 0
125 319 0
125 367 0
126 422 0
127 471 0
128 220 0
129 260 0
130 310 0
130 328 0
131 156 0
131 211 0
132 137 0
132 195 0
133 239 0
133 383 0
133 457 0
133 480 0
134 301 0
135 483 0
137 269 0
137 336 0
137 478 0
138 328 0
138 344 0
140 215 0
141 201 0
142 164 0
142 343 0
142 470 0
142 490 0
143 176 0
144 342 0
145 348 0
145 456 0
146 165 0
147 237 0
147 274 0
147 328 0
147 403 0
148 275 0
148 441 0
148 443 0
148 491 0
149 368 0
150 277 0
150 422 0
151 364 0
151 488 0
153 483 0
155 215 0
156 177 0
156 274 0
157 494 0
158 492 0
159 163 0
160 178 0
161 168 0
161 366 0
161 437 0
162 340 0
163 262 0
163 375 0
163 393 0
163 430 0
164 210 0
164 472 0
165 166 0
165 210 0
165 293 0
165 378 0
166 342 0
169 314 0
171 207 0
173 182 0
173 204 0
173 243 0
173 426 0
173 496 0
175 286 0
175 341 0
175 369 0
176 371 0
176 383 0
176 386 0
178 309 0
179 196 0
179 218 0
179 368 0
180 476 0
181 186 0
181 268 0
181 284 0
181 288 0
182 403 0
183 413 0
184 409 0
185 332 0
187 291 0
187 304 0
187 389 0
188 427 0
189 287 0
190 314 0
192 333 0
193 242 0
193 290 0
193 380 0
193 423 0
194 309 0
194 350 0
195 229 0
195 330 0
196 201 0
196 219 0
197 385 0
198 209 0
198 221 0
198 273 0
198 315 0
199 327 0
200 431 0
201 351 0
201 405 0
202 388 0
202 487 0
203 355 0
204 342 0
204 373 0
205 364 0
205 499 0
205 500 0
207 361 0
207 382 0
207 432 0
208 350 0
209 499 0
211 244 0
211 266 0
212 255 0
213 387 0
214 284 0
214 300 0
214 377 0
215 275 0
215 345 0
217 250 0
219 290 0
219 303 0
219 416 0
219 453 0
220 290 0
220 363 0
222 332 0
223 463 0
224 260 0
226 291 0
226 352 0
227 246 0
227 259 0
227 366 0
227 482 0
231 241 0
232 301 0
232 308 0
232 323 0
232 431 0
232 488 0
233 306 0
237 269 0
237 454 0
238 431 0
240 387 0
241 487 0
243 247 0
243 435 0
243 461 0
244 306 0
248 291 0
249 352 0
250 430 0
251 385 0
251 451 0
252 266 0
253 280 0
253 384 0
254 269 0
254 376 0
254 389 0
254 396 0
255 315 0
255 452 0
258 399 0
260 279 0
260 384 0
260 403 0
263 327 0
265 348 0
266 274 0
266 497 0
271 308 0
274 409 0
277 346 0
277 359 0
277 360 0
277 404 0
277 498 0
279 442 0
281 323 0
283 334 0
284 338 0
284 467 0
288 327 0
289 463 0
290 333 0
290 471 0
290 490 0
291 392 0
291 449 0
296 350 0
296 428 0
296 463 0
297 489 0
298 427 0
299 488 0
301 374 0
301 376 0
302 312 0
302 421 0
302 459 0
302 460 0
304 305 0
306 328 0
306 466 0
311 479 0
313 343 0
314 361 0
314 473 0
315 346 0
315 490 0
316 354 0
317 411 0
317 450 0
318 332 0
320 462 0
322 348 0
323 477 0
324 336 0
325 342 0
326 333 0
326 454 0
327 460 0
328 350 0
329 354 0
330 458 0
332 403 0
333 408 0
333 468 0
334 388 0
334 456 0
335 368 0
335 494 0
336 378 0
337 346 0
338 383 0
338 396 0
340 364 0
340 429 0
342 458 0
343 493 0
350 353 0
350 469 0
351 478 0
352 389 0
353 389 0
355 394 0
355 397 0
356 428 0
357 387 0
362 389 0
364 454 0
365 467 0
366 478 0
366 489 0
370 395 0
370 446 0
371 455 0
372 385 0
373 434 0
373 466 0
374 387 0
374 415 0
374 422 0
376 446 0
378 399 0
383 483 0
389 433 0
391 445 0
395 442 0
396 490 0
399 406 0
401 489 0
402 462 0
409 475 0
410 462 0
412 413 0
415 440 0
424 445 0
427 476 0
430 446 0
438 489 0
446 498 0
447 470 0
448 463 0
450 460 0
455 486 0
460 478 0
462 498 0
464 494 0
467 474 0
467 484 0
