900 1034 0
1 24 0
1 233 0
1 741 0
1 876 0
2 18 0
2 220 0
2 449 0
2 618 0
3 314 0
4 689 0
5 340 0
6 242 0
6 331 0
6 429 0
6 446 0
6 474 0
6 551 0
7 438 0
8 269 0
8 525 0
8 622 0
8 753 0
8 893 0
9 114 0
9 309 0
9 815 0
10 399 0
11 413 0
12 789 0
13 450 0
14 835 0
15 575 0
16 773 0
17 470 0
18 221 0
18 811 0
19 438 0
20 31 0
20 148 0
20 199 0
20 327 0
21 121 0
21 492 0
21 565 0
21 637 0
21 655 0
21 709 0
22 200 0
22 229 0
22 751 0
22 781 0
22 825 0
23 63 0
23 73 0
23 273 0
23 564 0
25 412 0
25 465 0
25 576 0
25 698 0
25 889 0
26 579 0
27 303 0
28 209 0
29 383 0
30 492 0
30 510 0
30 578 0
30 625 0
31 172 0
31 305 0
31 609 0
32 110 0
33 884 0
34 602 0
35 119 0
36 141 0
36 260 0
36 688 0
36 748 0
36 814 0
37 342 0
38 731 0
39 338 0
40 119 0
41 375 0
42 221 0
42 324 0
42 799 0
42 818 0
42 894 0
43 728 0
43 778 0
43 861 0
43 893 0
44 756 0
45 497 0
46 103 0
47 110 0
48 339 0
48 375 0
48 455 0
48 551 0
48 620 0
49 75 0
49 78 0
49 270 0
49 324 0
50 455 0
50 567 0
50 586 0
50 729 0
51 193 0
51 495 0
51 707 0
51 832 0
51 894 0
52 300 0
52 794 0
52 850 0
52 892 0
53 609 0
54 374 0
55 94 0
56 130 0
56 162 0
56 431 0
56 454 0
57 456 0
57 587 0
57 621 0
57 832 0
58 457 0
58 538 0
58 811 0
58 893 0
59 689 0
60 310 0
60 316 0
60 434 0
61 365 0
62 460 0
62 593 0
62 634 0
62 691 0
63 336 0
63 350 0
63 547 0
63 707 0
64 415 0
64 532 0
64 574 0
64 733 0
65 501 0
66 138 0
66 175 0
66 370 0
66 583 0
66 871 0
67 231 0
67 414 0
67 742 0
68 180 0
68 200 0
68 280 0
68 316 0
68 780 0
68 878 0
69 160 0
69 422 0
69 573 0
69 865 0
70 89 0
70 253 0
70 610 0
70 817 0
71 178 0
71 240 0
71 618 0
71 770 0
71 799 0
72 314 0
74 342 0
74 459 0
74 832 0
75 369 0
75 529 0
75 800 0
76 571 0
76 616 0
76 626 0
76 802 0
77 561 0
78 106 0
78 562 0
78 598 0
79 182 0
79 442 0
79 618 0
79 798 0
80 238 0
80 327 0
80 340 0
80 543 0
80 627 0
80 674 0
81 523 0
82 525 0
83 742 0
84 544 0
85 216 0
86 756 0
87 747 0
88 134 0
88 548 0
88 744 0
88 769 0
88 866 0
90 252 0
91 693 0
92 651 0
93 399 0
94 95 0
94 391 0
94 767 0
94 807 0
94 818 0
96 747 0
97 434 0
97 568 0
97 654 0
97 674 0
97 728 0
98 218 0
98 219 0
98 403 0
98 730 0
99 645 0
100 553 0
100 647 0
100 758 0
100 824 0
101 455 0
101 462 0
101 731 0
101 775 0
102 196 0
103 283 0
103 464 0
103 889 0
104 864 0
105 158 0
106 509 0
106 585 0
106 891 0
107 531 0
108 679 0
109 493 0
110 181 0
110 218 0
110 749 0
111 135 0
112 388 0
113 226 0
114 222 0
114 312 0
114 715 0
115 192 0
116 432 0
117 701 0
118 266 0
118 499 0
118 807 0
118 824 0
119 187 0
119 648 0
119 836 0
120 737 0
122 339 0
123 293 0
124 184 0
124 704 0
124 716 0
124 795 0
125 281 0
125 577 0
125 639 0
125 713 0
126 136 0
126 180 0
126 549 0
126 657 0
127 180 0
127 452 0
127 507 0
127 511 0
127 785 0
128 236 0
129 462 0
130 265 0
130 651 0
130 663 0
131 226 0
132 621 0
133 644 0
134 236 0
134 602 0
135 306 0
135 347 0
135 697 0
137 151 0
137 157 0
137 400 0
137 709 0
139 190 0
140 682 0
142 159 0
142 297 0
142 404 0
142 582 0
143 417 0
143 436 0
143 858 0
143 896 0
144 654 0
145 402 0
146 778 0
147 198 0
149 567 0
150 217 0
150 232 0
150 676 0
150 697 0
151 418 0
151 451 0
151 755 0
152 365 0
153 399 0
154 579 0
155 223 0
155 526 0
155 551 0
156 737 0
158 356 0
158 391 0
158 533 0
161 560 0
163 484 0
164 545 0
165 815 0
166 879 0
167 343 0
167 393 0
167 630 0
167 688 0
167 812 0
168 381 0
169 375 0
170 731 0
171 213 0
172 221 0
172 761 0
172 854 0
172 861 0
173 426 0
174 523 0
175 350 0
175 720 0
176 895 0
177 711 0
179 223 0
179 317 0
179 327 0
179 723 0
179 833 0
180 270 0
182 196 0
182 252 0
182 338 0
183 413 0
185 753 0
186 839 0
187 587 0
187 644 0
188 729 0
189 701 0
190 285 0
190 387 0
190 590 0
191 314 0
191 418 0
191 535 0
192 480 0
192 581 0
192 828 0
192 899 0
193 223 0
193 648 0
193 709 0
193 795 0
194 622 0
195 414 0
195 895 0
196 486 0
196 613 0
197 224 0
197 365 0
197 528 0
198 235 0
198 379 0
198 761 0
200 383 0
201 568 0
202 468 0
203 513 0
204 523 0
205 711 0
206 231 0
206 269 0
206 324 0
206 813 0
207 285 0
207 437 0
207 492 0
207 539 0
207 752 0
208 229 0
208 364 0
208 418 0
208 581 0
208 775 0
209 210 0
209 482 0
209 741 0
211 509 0
212 339 0
212 561 0
212 840 0
213 562 0
213 569 0
213 869 0
214 649 0
215 891 0
216 341 0
216 598 0
216 695 0
216 845 0
218 438 0
218 498 0
221 309 0
221 455 0
223 560 0
223 773 0
224 665 0
224 718 0
224 828 0
225 352 0
225 395 0
225 430 0
225 446 0
226 505 0
226 688 0
227 508 0
228 736 0
228 783 0
228 855 0
228 880 0
229 686 0
230 267 0
231 359 0
231 362 0
231 733 0
234 278 0
234 295 0
234 515 0
234 751 0
235 267 0
235 526 0
236 472 0
236 536 0
236 757 0
237 589 0
238 346 0
238 500 0
238 642 0
239 649 0
241 560 0
242 290 0
242 509 0
243 543 0
244 348 0
245 451 0
246 621 0
247 557 0
247 601 0
247 856 0
247 885 0
248 686 0
249 728 0
250 316 0
250 606 0
250 808 0
250 861 0
251 374 0
252 268 0
252 410 0
254 350 0
254 710 0
254 837 0
255 459 0
255 550 0
255 789 0
256 293 0
257 259 0
257 486 0
257 488 0
257 646 0
257 803 0
258 390 0
261 468 0
262 680 0
263 699 0
264 686 0
265 309 0
265 486 0
265 571 0
265 889 0
267 284 0
267 672 0
267 858 0
269 715 0
269 850 0
270 398 0
270 865 0
271 776 0
272 720 0
274 900 0
275 288 0
276 501 0
277 335 0
279 374 0
282 567 0
285 648 0
286 365 0
287 589 0
288 419 0
288 660 0
288 661 0
288 857 0
289 493 0
290 368 0
290 754 0
290 824 0
291 877 0
292 318 0
293 362 0
293 624 0
294 338 0
296 512 0
297 611 0
297 854 0
298 450 0
298 462 0
298 649 0
299 305 0
301 729 0
302 886 0
303 386 0
303 416 0
303 752 0
304 365 0
304 390 0
304 707 0
304 742 0
305 478 0
305 830 0
307 354 0
307 701 0
307 789 0
308 432 0
309 316 0
309 872 0
309 898 0
310 841 0
310 850 0
310 853 0
311 528 0
313 337 0
313 423 0
313 661 0
313 678 0
313 766 0
314 629 0
314 800 0
315 848 0
316 838 0
318 429 0
318 487 0
318 580 0
318 612 0
318 850 0
319 521 0
319 601 0
319 638 0
319 669 0
320 775 0
321 524 0
322 535 0
323 350 0
324 539 0
325 585 0
326 530 0
328 530 0
329 778 0
330 547 0
332 530 0
333 645 0
334 451 0
335 354 0
335 577 0
335 695 0
336 470 0
336 774 0
338 477 0
339 479 0
339 563 0
340 448 0
340 471 0
340 652 0
342 385 0
342 608 0
342 779 0
344 567 0
345 598 0
345 600 0
345 732 0
345 777 0
348 582 0
348 764 0
348 786 0
349 821 0
350 491 0
350 820 0
351 418 0
351 424 0
351 738 0
351 894 0
353 689 0
354 621 0
354 832 0
355 900 0
357 390 0
358 388 0
359 402 0
359 497 0
359 591 0
360 461 0
361 384 0
361 517 0
361 634 0
361 897 0
362 432 0
362 839 0
363 475 0
364 382 0
364 421 0
364 817 0
366 432 0
367 679 0
369 399 0
369 689 0
369 710 0
371 684 0
372 575 0
373 442 0
373 698 0
373 859 0
373 883 0
374 855 0
375 408 0
376 426 0
377 602 0
378 459 0
380 513 0
381 715 0
381 717 0
381 868 0
383 725 0
383 843 0
383 854 0
385 561 0
385 738 0
385 877 0
388 571 0
388 650 0
389 773 0
390 632 0
391 544 0
391 813 0
392 815 0
394 840 0
396 651 0
397 790 0
398 518 0
398 815 0
398 840 0
399 700 0
401 684 0
402 440 0
402 664 0
405 524 0
405 790 0
405 804 0
406 475 0
407 682 0
409 545 0
411 895 0
413 726 0
413 861 0
414 540 0
414 554 0
414 769 0
414 871 0
418 453 0
418 658 0
418 741 0
420 693 0
423 456 0
423 590 0
424 582 0
424 751 0
424 817 0
425 753 0
426 527 0
426 562 0
427 604 0
427 614 0
427 648 0
427 831 0
428 586 0
429 518 0
433 586 0
434 468 0
434 528 0
435 835 0
437 512 0
437 649 0
437 756 0
438 806 0
439 840 0
441 663 0
442 484 0
442 531 0
443 804 0
444 558 0
445 547 0
446 707 0
446 835 0
447 680 0
450 546 0
450 703 0
450 898 0
451 759 0
453 558 0
453 711 0
453 737 0
456 660 0
456 793 0
458 720 0
459 529 0
461 469 0
461 584 0
461 634 0
462 690 0
463 518 0
466 508 0
467 591 0
468 580 0
468 752 0
470 507 0
470 715 0
470 818 0
472 738 0
472 776 0
472 879 0
473 654 0
473 773 0
473 775 0
475 653 0
475 733 0
476 864 0
481 837 0
483 816 0
484 633 0
484 687 0
485 516 0
489 699 0
490 516 0
492 747 0
493 502 0
493 751 0
494 760 0
495 512 0
495 877 0
496 775 0
497 541 0
497 658 0
498 539 0
498 697 0
498 855 0
501 552 0
501 741 0
501 771 0
503 587 0
504 722 0
506 620 0
507 815 0
508 750 0
508 800 0
509 863 0
509 888 0
512 628 0
512 873 0
513 519 0
513 769 0
513 814 0
514 684 0
516 799 0
516 855 0
518 862 0
520 804 0
522 568 0
523 646 0
524 635 0
524 733 0
525 772 0
525 874 0
526 627 0
526 725 0
526 796 0
528 552 0
528 811 0
529 682 0
529 720 0
530 661 0
531 667 0
531 745 0
534 591 0
535 694 0
535 865 0
537 900 0
539 611 0
542 837 0
543 570 0
543 623 0
543 812 0
544 787 0
544 852 0
545 619 0
545 648 0
547 805 0
547 807 0
550 706 0
550 739 0
550 765 0
550 875 0
551 561 0
552 861 0
553 577 0
553 622 0
555 864 0
556 790 0
558 700 0
558 735 0
558 784 0
559 886 0
560 695 0
560 887 0
561 768 0
562 602 0
566 609 0
568 597 0
571 816 0
572 821 0
575 797 0
575 865 0
577 611 0
577 774 0
579 719 0
579 752 0
580 864 0
581 620 0
582 722 0
583 760 0
583 882 0
583 900 0
585 592 0
585 871 0
586 683 0
587 822 0
588 603 0
589 687 0
589 795 0
589 881 0
590 617 0
590 872 0
590 884 0
591 788 0
594 728 0
595 693 0
596 737 0
598 660 0
598 693 0
599 835 0
601 611 0
601 886 0
602 749 0
603 605 0
603 673 0
603 817 0
606 682 0
606 769 0
607 886 0
609 782 0
611 652 0
611 828 0
615 710 0
618 632 0
618 895 0
620 724 0
621 819 0
622 643 0
622 849 0
627 700 0
631 679 0
632 761 0
634 687 0
634 882 0
636 663 0
637 756 0
637 815 0
640 755 0
641 728 0
644 685 0
644 761 0
644 847 0
645 671 0
645 765 0
645 888 0
646 813 0
646 821 0
649 826 0
651 721 0
652 654 0
654 810 0
656 760 0
658 835 0
659 891 0
661 882 0
662 680 0
663 827 0
666 879 0
668 701 0
670 731 0
674 769 0
674 798 0
674 854 0
675 884 0
677 804 0
679 697 0
680 725 0
681 760 0
682 708 0
684 749 0
684 898 0
686 698 0
686 828 0
688 829 0
688 872 0
692 710 0
696 774 0
699 889 0
699 890 0
700 839 0
701 795 0
702 837 0
705 755 0
711 762 0
712 848 0
714 729 0
720 838 0
720 860 0
722 814 0
722 851 0
725 738 0
727 751 0
727 755 0
727 789 0
734 790 0
740 840 0
742 829 0
742 838 0
743 774 0
744 775 0
744 816 0
746 776 0
747 846 0
753 870 0
755 834 0
756 823 0
761 789 0
763 821 0
765 832 0
765 837 0
776 842 0
778 858 0
790 898 0
791 877 0
792 816 0
798 882 0
798 894 0
800 864 0
801 839 0
804 861 0
809 879 0
811 848 0
811 872 0
812 891 0
813 858 0
816 867 0
824 832 0
824 888 0
829 884 0
844 848 0
