40 60 0
1 11 0
1 13 0
2 15 0
2 35 0
3 7 0
3 10 0
3 13 0
3 24 0
3 25 0
3 26 0
3 29 0
3 39 0
4 8 0
4 28 0
4 29 0
4 30 0
5 23 0
6 15 0
6 20 0
6 37 0
7 23 0
8 15 0
9 17 0
9 18 0
9 26 0
9 31 0
10 35 0
11 12 0
11 40 0
12 15 0
13 26 0
13 36 0
13 38 0
14 33 0
15 25 0
15 34 0
16 27 0
16 33 0
18 21 0
19 25 0
19 33 0
20 40 0
21 23 0
21 27 0
22 23 0
22 37 0
23 25 0
23 33 0
24 27 0
25 35 0
26 27 0
28 38 0
29 33 0
29 40 0
30 38 0
32 39 0
32 40 0
33 39 0
35 37 0
38 39 0
