1000 1143 0
1 32 0
1 53 0
1 485 0
1 643 0
1 733 0
2 667 0
3 58 0
3 641 0
3 870 0
3 959 0
4 419 0
5 117 0
6 232 0
7 379 0
8 436 0
9 783 0
10 700 0
10 760 0
10 763 0
10 891 0
10 919 0
11 218 0
12 51 0
13 169 0
13 192 0
13 723 0
13 788 0
13 856 0
14 575 0
15 750 0
16 664 0
17 26 0
18 160 0
18 351 0
18 574 0
18 701 0
18 762 0
19 743 0
20 350 0
20 452 0
20 590 0
20 936 0
21 617 0
22 452 0
22 602 0
22 914 0
23 899 0
24 435 0
25 813 0
26 581 0
26 674 0
26 684 0
27 129 0
27 300 0
27 314 0
27 490 0
27 960 0
28 524 0
29 186 0
30 555 0
31 116 0
31 147 0
31 379 0
31 441 0
31 742 0
32 264 0
32 798 0
33 92 0
33 108 0
33 351 0
33 823 0
33 963 0
34 324 0
35 623 0
36 127 0
36 421 0
36 444 0
36 647 0
36 924 0
37 75 0
38 489 0
39 832 0
40 683 0
41 196 0
42 132 0
42 185 0
42 207 0
42 246 0
42 737 0
43 147 0
44 469 0
45 372 0
45 405 0
45 540 0
45 698 0
46 64 0
46 144 0
46 324 0
46 755 0
46 889 0
47 336 0
48 120 0
48 197 0
48 392 0
48 637 0
49 179 0
50 543 0
51 57 0
51 601 0
51 797 0
51 901 0
52 301 0
52 312 0
52 372 0
52 632 0
52 729 0
54 59 0
54 150 0
54 240 0
54 503 0
54 635 0
54 663 0
55 64 0
56 571 0
57 146 0
57 511 0
57 642 0
58 544 0
58 792 0
58 899 0
58 912 0
60 267 0
61 843 0
62 488 0
63 562 0
64 375 0
64 577 0
64 966 0
65 231 0
66 862 0
67 191 0
67 237 0
67 242 0
67 611 0
67 844 0
68 565 0
69 186 0
70 176 0
70 383 0
70 715 0
70 789 0
71 343 0
71 411 0
71 471 0
71 498 0
72 732 0
73 398 0
73 681 0
73 683 0
73 704 0
74 800 0
75 174 0
75 641 0
75 904 0
76 801 0
77 103 0
77 489 0
77 513 0
77 732 0
78 89 0
78 407 0
78 676 0
78 961 0
79 809 0
79 842 0
79 850 0
79 900 0
79 999 0
80 282 0
80 471 0
80 586 0
80 759 0
81 113 0
81 130 0
81 186 0
81 310 0
81 368 0
81 467 0
82 524 0
83 449 0
83 452 0
83 668 0
83 677 0
84 526 0
85 197 0
85 398 0
85 572 0
85 626 0
86 671 0
87 168 0
88 810 0
90 818 0
91 433 0
92 388 0
92 855 0
92 968 0
93 794 0
94 346 0
95 143 0
96 558 0
97 291 0
97 444 0
97 534 0
97 648 0
98 558 0
99 539 0
100 181 0
101 179 0
101 277 0
101 408 0
102 134 0
102 158 0
102 925 0
103 369 0
103 647 0
103 903 0
104 184 0
105 791 0
105 824 0
105 831 0
105 840 0
106 236 0
106 599 0
106 936 0
107 336 0
109 912 0
110 600 0
111 335 0
112 647 0
112 649 0
112 682 0
112 915 0
113 310 0
113 542 0
113 579 0
113 613 0
113 871 0
114 539 0
115 957 0
116 827 0
116 989 0
117 125 0
117 200 0
117 564 0
117 695 0
118 837 0
119 140 0
119 185 0
119 651 0
119 725 0
119 802 0
120 433 0
120 546 0
121 466 0
122 184 0
123 974 0
124 264 0
126 638 0
128 206 0
128 394 0
128 606 0
128 720 0
130 546 0
130 597 0
130 760 0
131 408 0
133 232 0
134 228 0
134 546 0
134 845 0
134 930 0
135 395 0
135 552 0
135 906 0
135 971 0
136 798 0
137 362 0
138 574 0
139 478 0
140 146 0
140 260 0
141 787 0
142 798 0
143 492 0
143 551 0
143 936 0
144 201 0
144 249 0
144 814 0
145 303 0
146 628 0
146 687 0
147 317 0
147 399 0
148 183 0
148 219 0
148 505 0
148 753 0
149 414 0
149 577 0
149 821 0
149 933 0
151 531 0
152 571 0
152 582 0
152 911 0
152 957 0
153 169 0
153 440 0
153 609 0
153 845 0
153 931 0
154 841 0
155 217 0
155 221 0
155 291 0
155 552 0
155 590 0
156 954 0
157 730 0
158 297 0
158 298 0
158 320 0
158 900 0
159 354 0
159 458 0
159 891 0
159 958 0
160 212 0
160 262 0
160 470 0
160 912 0
161 198 0
162 422 0
163 810 0
164 575 0
165 236 0
166 949 0
167 629 0
168 278 0
168 471 0
168 634 0
169 402 0
169 777 0
170 645 0
171 479 0
172 841 0
173 349 0
173 462 0
173 599 0
173 956 0
175 426 0
175 459 0
175 565 0
175 706 0
177 629 0
178 303 0
179 312 0
179 776 0
180 550 0
181 357 0
181 746 0
181 973 0
182 365 0
184 291 0
184 748 0
185 378 0
185 843 0
186 612 0
187 989 0
188 404 0
189 571 0
190 410 0
191 428 0
191 742 0
192 447 0
192 618 0
192 671 0
193 489 0
194 877 0
195 968 0
196 245 0
196 268 0
196 756 0
196 856 0
197 546 0
197 678 0
198 423 0
198 510 0
198 689 0
199 466 0
202 536 0
203 574 0
204 456 0
205 796 0
208 209 0
208 402 0
208 562 0
209 296 0
209 420 0
209 564 0
209 858 0
210 696 0
211 442 0
212 580 0
212 679 0
213 392 0
213 742 0
213 829 0
213 925 0
214 369 0
214 595 0
214 792 0
214 822 0
215 231 0
216 629 0
216 807 0
216 889 0
216 902 0
217 558 0
217 773 0
217 818 0
218 306 0
218 601 0
218 751 0
219 753 0
219 765 0
220 761 0
221 433 0
221 680 0
221 817 0
222 442 0
222 762 0
222 937 0
223 508 0
224 681 0
225 950 0
226 483 0
226 503 0
226 640 0
226 652 0
226 917 0
227 531 0
228 231 0
228 827 0
228 856 0
228 995 0
229 670 0
229 722 0
229 936 0
229 939 0
230 794 0
231 707 0
232 777 0
232 930 0
233 293 0
234 627 0
235 899 0
236 577 0
236 868 0
236 946 0
237 832 0
237 926 0
238 413 0
238 506 0
238 686 0
238 786 0
239 616 0
241 642 0
242 645 0
242 680 0
243 957 0
244 950 0
246 410 0
246 988 0
247 955 0
248 993 0
250 441 0
251 280 0
252 854 0
253 479 0
254 774 0
255 428 0
256 667 0
257 899 0
258 627 0
259 346 0
260 313 0
260 401 0
260 481 0
260 695 0
261 955 0
262 345 0
262 347 0
262 434 0
262 944 0
263 704 0
264 268 0
264 367 0
265 452 0
265 614 0
265 893 0
265 972 0
266 296 0
266 298 0
266 577 0
266 757 0
266 988 0
267 320 0
267 652 0
267 716 0
267 744 0
268 381 0
268 406 0
269 625 0
269 646 0
269 702 0
269 890 0
270 436 0
270 664 0
270 875 0
270 914 0
271 381 0
272 319 0
272 391 0
272 611 0
272 811 0
273 366 0
274 303 0
274 340 0
274 346 0
274 398 0
275 838 0
276 526 0
277 316 0
277 459 0
277 623 0
277 854 0
277 993 0
279 864 0
280 607 0
280 711 0
280 870 0
281 286 0
281 441 0
281 607 0
281 807 0
283 655 0
283 751 0
283 753 0
283 959 0
284 911 0
285 429 0
285 774 0
285 954 0
286 406 0
286 428 0
286 848 0
286 862 0
287 318 0
287 507 0
287 793 0
287 905 0
288 965 0
289 773 0
290 800 0
291 602 0
292 808 0
293 337 0
293 580 0
293 892 0
294 877 0
295 774 0
296 384 0
296 696 0
296 837 0
298 692 0
298 838 0
299 843 0
302 984 0
303 332 0
304 623 0
304 664 0
304 968 0
305 363 0
307 480 0
307 762 0
307 806 0
307 930 0
307 975 0
308 784 0
309 573 0
310 743 0
311 543 0
312 542 0
312 922 0
314 470 0
314 488 0
314 829 0
315 340 0
316 645 0
316 821 0
318 329 0
318 667 0
318 742 0
320 801 0
321 848 0
322 853 0
323 995 0
324 624 0
324 709 0
325 832 0
326 807 0
327 902 0
328 448 0
329 360 0
329 384 0
329 540 0
329 658 0
330 454 0
331 853 0
333 965 0
334 433 0
335 451 0
335 776 0
335 803 0
335 920 0
336 716 0
336 886 0
338 488 0
339 508 0
340 603 0
340 622 0
341 555 0
342 949 0
344 995 0
346 852 0
348 531 0
349 541 0
349 542 0
349 605 0
349 745 0
350 365 0
350 469 0
350 726 0
350 965 0
351 619 0
352 448 0
353 836 0
354 511 0
354 556 0
354 616 0
355 363 0
355 573 0
355 841 0
355 925 0
356 445 0
356 537 0
356 589 0
356 849 0
357 378 0
357 402 0
357 927 0
358 381 0
359 456 0
361 761 0
362 656 0
362 712 0
362 814 0
362 890 0
363 654 0
363 766 0
364 832 0
365 487 0
365 593 0
365 983 0
366 630 0
366 776 0
366 943 0
368 903 0
368 985 0
369 479 0
369 750 0
370 818 0
371 683 0
372 582 0
372 860 0
373 732 0
374 671 0
376 773 0
377 389 0
377 519 0
377 870 0
377 923 0
378 589 0
378 678 0
378 900 0
379 585 0
379 918 0
380 743 0
381 987 0
382 565 0
383 550 0
383 626 0
383 864 0
384 524 0
385 927 0
386 468 0
387 771 0
388 757 0
388 937 0
388 989 0
390 562 0
392 586 0
392 590 0
392 601 0
392 959 0
393 599 0
394 406 0
394 765 0
394 768 0
396 914 0
397 645 0
398 716 0
400 780 0
402 584 0
402 785 0
402 885 0
403 838 0
404 650 0
404 686 0
404 782 0
406 586 0
406 637 0
406 904 0
408 443 0
408 455 0
408 948 0
409 514 0
409 559 0
409 576 0
409 988 0
410 691 0
410 937 0
412 478 0
414 800 0
414 926 0
415 912 0
416 902 0
417 933 0
418 549 0
418 583 0
418 716 0
418 952 0
418 960 0
419 493 0
419 689 0
419 755 0
422 518 0
422 545 0
422 871 0
422 997 0
424 862 0
425 550 0
425 619 0
425 863 0
426 779 0
426 816 0
426 953 0
427 940 0
428 553 0
428 633 0
429 532 0
429 638 0
429 853 0
429 984 0
430 544 0
431 437 0
431 597 0
431 721 0
431 747 0
432 974 0
433 460 0
433 988 0
434 508 0
434 794 0
434 875 0
435 592 0
435 846 0
435 937 0
436 564 0
436 897 0
438 467 0
439 618 0
441 741 0
441 805 0
442 516 0
442 946 0
443 593 0
443 662 0
443 780 0
443 829 0
444 903 0
446 696 0
447 611 0
447 776 0
447 959 0
448 685 0
448 980 0
450 860 0
452 784 0
453 683 0
454 598 0
454 686 0
454 964 0
456 936 0
456 978 0
457 544 0
459 757 0
459 850 0
460 531 0
460 884 0
461 761 0
462 529 0
462 739 0
462 960 0
463 574 0
464 995 0
465 862 0
466 495 0
466 792 0
466 821 0
467 857 0
467 986 0
468 552 0
468 620 0
468 713 0
469 880 0
469 935 0
470 517 0
470 772 0
471 511 0
472 692 0
473 787 0
474 808 0
475 730 0
476 524 0
476 903 0
476 949 0
477 513 0
478 697 0
478 981 0
479 734 0
479 904 0
482 854 0
484 619 0
484 922 0
484 957 0
486 750 0
488 851 0
489 557 0
491 602 0
494 732 0
496 513 0
497 810 0
499 602 0
500 838 0
501 550 0
502 854 0
503 801 0
503 829 0
504 807 0
508 882 0
509 768 0
511 590 0
511 609 0
512 853 0
513 777 0
513 872 0
515 869 0
520 984 0
521 539 0
522 662 0
523 562 0
524 997 0
525 680 0
526 830 0
526 890 0
527 985 0
528 703 0
530 884 0
531 997 0
532 791 0
532 890 0
532 903 0
533 771 0
535 703 0
536 669 0
536 791 0
536 1000 0
538 781 0
539 697 0
540 577 0
543 799 0
543 946 0
544 610 0
546 889 0
547 883 0
548 784 0
549 689 0
549 853 0
550 740 0
552 954 0
554 965 0
555 684 0
555 828 0
556 568 0
556 673 0
556 803 0
556 831 0
558 604 0
560 860 0
561 730 0
562 611 0
563 664 0
565 596 0
566 783 0
567 902 0
569 600 0
570 933 0
571 876 0
572 685 0
572 686 0
572 695 0
573 587 0
573 977 0
574 850 0
575 661 0
575 670 0
575 881 0
578 794 0
580 582 0
580 761 0
580 810 0
582 903 0
588 864 0
589 701 0
589 787 0
591 922 0
593 680 0
594 833 0
597 619 0
597 680 0
599 728 0
600 661 0
600 724 0
602 817 0
602 898 0
607 883 0
608 940 0
609 955 0
611 670 0
615 704 0
616 688 0
616 834 0
617 685 0
617 778 0
617 928 0
618 835 0
618 865 0
619 873 0
619 998 0
621 833 0
623 699 0
626 661 0
626 697 0
627 760 0
627 815 0
629 951 0
631 750 0
634 664 0
634 830 0
634 903 0
635 869 0
635 997 0
636 679 0
637 757 0
637 903 0
638 666 0
638 820 0
639 701 0
641 832 0
641 922 0
642 726 0
642 932 0
644 664 0
645 870 0
647 726 0
647 942 0
647 974 0
652 993 0
653 662 0
655 808 0
655 949 0
655 985 0
657 984 0
659 784 0
660 798 0
661 869 0
662 996 0
663 922 0
663 940 0
665 796 0
667 910 0
671 736 0
672 974 0
675 950 0
678 866 0
678 875 0
678 956 0
679 731 0
679 821 0
681 879 0
681 938 0
684 933 0
684 956 0
685 926 0
689 877 0
689 889 0
690 860 0
692 694 0
692 934 0
693 837 0
695 730 0
696 967 0
697 798 0
701 976 0
703 717 0
703 751 0
704 758 0
705 993 0
706 754 0
706 797 0
706 970 0
706 982 0
708 773 0
710 818 0
714 863 0
718 914 0
719 843 0
727 968 0
733 742 0
733 774 0
733 833 0
735 771 0
738 827 0
743 821 0
749 926 0
751 884 0
752 863 0
753 755 0
753 863 0
753 883 0
760 771 0
762 827 0
764 768 0
765 770 0
765 894 0
765 895 0
767 869 0
768 839 0
769 949 0
774 913 0
775 837 0
780 847 0
780 990 0
781 790 0
781 845 0
781 969 0
783 826 0
783 930 0
787 992 0
791 796 0
795 801 0
796 994 0
797 946 0
800 945 0
800 988 0
803 889 0
804 848 0
808 888 0
812 827 0
813 850 0
813 941 0
813 947 0
813 963 0
814 883 0
817 927 0
818 866 0
819 985 0
821 956 0
825 957 0
830 904 0
831 850 0
833 874 0
836 871 0
836 909 0
836 961 0
841 962 0
845 940 0
848 979 0
859 877 0
861 912 0
864 942 0
866 883 0
867 927 0
875 891 0
875 961 0
878 968 0
883 896 0
884 921 0
887 954 0
907 911 0
908 940 0
911 991 0
916 993 0
925 946 0
925 997 0
929 989 0
937 950 0
942 974 0
955 961 0
963 989 0
