180 200 0
1 63 0
1 64 0
1 93 0
1 130 0
2 131 0
3 18 0
3 35 0
4 28 0
5 60 0
5 112 0
6 134 0
7 64 0
8 28 0
8 35 0
9 36 0
9 102 0
10 15 0
10 47 0
10 90 0
11 101 0
12 55 0
13 168 0
14 134 0
15 46 0
15 47 0
15 119 0
16 144 0
17 49 0
18 81 0
18 111 0
18 180 0
19 22 0
19 76 0
19 84 0
19 177 0
20 64 0
20 66 0
21 45 0
22 56 0
22 57 0
22 101 0
23 26 0
23 60 0
24 178 0
25 60 0
25 129 0
26 116 0
26 158 0
26 165 0
27 130 0
28 34 0
28 54 0
29 65 0
30 61 0
30 131 0
31 130 0
32 71 0
32 81 0
32 108 0
32 109 0
33 58 0
34 48 0
34 56 0
34 95 0
35 43 0
35 44 0
36 52 0
37 96 0
38 173 0
39 95 0
40 48 0
41 173 0
42 55 0
43 65 0
44 124 0
44 136 0
44 170 0
45 89 0
45 107 0
45 164 0
46 131 0
46 169 0
46 179 0
48 157 0
48 160 0
49 68 0
49 85 0
49 92 0
49 146 0
50 128 0
51 99 0
52 100 0
52 164 0
52 175 0
53 89 0
53 90 0
53 94 0
53 105 0
53 114 0
55 82 0
55 165 0
56 62 0
56 77 0
57 120 0
57 137 0
57 150 0
58 115 0
58 133 0
58 172 0
59 102 0
60 110 0
61 99 0
62 103 0
62 174 0
63 66 0
63 122 0
63 149 0
64 135 0
65 90 0
65 163 0
66 118 0
67 74 0
69 130 0
70 112 0
72 112 0
72 128 0
73 128 0
74 87 0
74 90 0
74 143 0
75 178 0
77 99 0
77 128 0
77 138 0
77 148 0
78 134 0
79 86 0
79 92 0
79 96 0
79 134 0
79 156 0
80 97 0
80 136 0
80 146 0
80 159 0
81 103 0
81 118 0
83 173 0
86 154 0
86 171 0
88 93 0
88 112 0
88 144 0
88 168 0
90 179 0
91 169 0
92 129 0
92 174 0
93 164 0
93 174 0
95 113 0
95 134 0
95 176 0
96 115 0
96 126 0
96 161 0
98 112 0
99 162 0
101 121 0
101 145 0
102 118 0
102 140 0
102 164 0
103 115 0
103 136 0
104 118 0
106 118 0
110 115 0
110 123 0
110 141 0
117 168 0
118 166 0
119 128 0
125 178 0
127 138 0
129 152 0
129 153 0
131 142 0
132 144 0
136 178 0
138 139 0
138 155 0
144 148 0
145 170 0
147 169 0
151 169 0
165 173 0
165 179 0
167 168 0
174 179 0
