600 637 0
1 53 0
2 171 0
2 286 0
2 458 0
2 563 0
3 321 0
4 430 0
5 113 0
6 206 0
6 370 0
6 393 0
6 456 0
7 221 0
7 269 0
7 541 0
7 548 0
8 105 0
8 126 0
8 422 0
8 529 0
9 469 0
10 294 0
11 88 0
11 251 0
11 312 0
11 506 0
12 267 0
13 381 0
14 341 0
15 496 0
16 92 0
16 215 0
16 272 0
16 335 0
16 571 0
17 575 0
18 129 0
18 173 0
18 180 0
18 512 0
19 589 0
20 25 0
20 61 0
20 86 0
20 374 0
21 143 0
22 360 0
22 511 0
22 574 0
22 579 0
23 114 0
24 74 0
24 223 0
24 428 0
24 580 0
25 356 0
25 360 0
26 291 0
27 76 0
27 91 0
27 239 0
27 491 0
27 546 0
28 287 0
29 510 0
30 319 0
30 341 0
30 479 0
30 535 0
31 519 0
32 234 0
33 153 0
33 174 0
33 368 0
33 432 0
34 117 0
35 43 0
35 153 0
35 214 0
35 366 0
36 599 0
37 154 0
38 46 0
38 93 0
38 230 0
38 254 0
38 398 0
39 148 0
39 342 0
39 381 0
39 448 0
40 589 0
41 44 0
41 170 0
41 172 0
41 470 0
42 57 0
42 69 0
42 200 0
42 456 0
45 423 0
46 61 0
46 186 0
46 365 0
47 126 0
47 279 0
47 436 0
47 514 0
48 111 0
49 186 0
50 544 0
51 399 0
52 594 0
53 76 0
53 459 0
53 560 0
54 442 0
55 101 0
56 275 0
58 468 0
59 319 0
60 122 0
61 308 0
61 456 0
62 310 0
63 251 0
63 501 0
63 535 0
64 186 0
65 600 0
66 260 0
67 72 0
67 141 0
67 178 0
67 284 0
68 591 0
70 153 0
70 251 0
70 272 0
70 356 0
71 151 0
71 442 0
71 468 0
71 579 0
73 381 0
74 313 0
74 498 0
74 600 0
75 248 0
76 175 0
76 199 0
77 501 0
78 468 0
79 573 0
80 294 0
81 326 0
82 139 0
83 306 0
83 418 0
83 419 0
83 565 0
84 243 0
85 573 0
86 173 0
86 220 0
86 487 0
87 489 0
89 107 0
90 339 0
90 441 0
90 552 0
90 568 0
94 186 0
95 336 0
96 313 0
96 343 0
96 489 0
96 522 0
97 591 0
98 342 0
99 594 0
100 209 0
100 210 0
100 252 0
100 272 0
100 351 0
101 337 0
101 408 0
101 556 0
102 430 0
103 442 0
104 168 0
106 126 0
106 150 0
106 363 0
106 500 0
107 320 0
107 482 0
107 538 0
108 595 0
109 208 0
110 120 0
111 205 0
111 352 0
111 477 0
112 275 0
113 317 0
113 411 0
113 483 0
114 280 0
114 314 0
114 548 0
115 276 0
116 594 0
117 134 0
117 143 0
118 440 0
119 263 0
120 232 0
120 288 0
120 394 0
120 598 0
121 289 0
121 456 0
121 467 0
121 520 0
122 162 0
122 391 0
122 593 0
123 136 0
123 224 0
123 570 0
123 588 0
124 304 0
125 294 0
126 227 0
127 169 0
128 489 0
130 365 0
131 427 0
132 335 0
132 377 0
132 464 0
132 597 0
133 595 0
135 501 0
137 476 0
138 503 0
139 309 0
139 316 0
139 411 0
140 225 0
140 336 0
140 544 0
140 579 0
142 153 0
142 434 0
142 567 0
142 572 0
143 148 0
143 327 0
144 526 0
145 321 0
146 238 0
147 208 0
148 166 0
148 518 0
149 423 0
150 175 0
150 273 0
150 360 0
151 155 0
151 203 0
151 301 0
151 491 0
151 542 0
152 479 0
154 369 0
154 487 0
154 533 0
156 262 0
156 413 0
156 513 0
156 581 0
157 199 0
158 526 0
159 307 0
159 490 0
159 493 0
159 500 0
160 326 0
161 244 0
161 300 0
161 308 0
161 401 0
163 346 0
164 168 0
165 303 0
166 313 0
166 360 0
166 535 0
167 291 0
168 351 0
168 425 0
168 541 0
169 339 0
169 347 0
169 410 0
170 291 0
170 509 0
170 526 0
173 294 0
173 416 0
175 411 0
175 548 0
175 562 0
176 536 0
177 319 0
179 431 0
181 296 0
182 497 0
183 586 0
184 346 0
185 278 0
186 517 0
187 311 0
187 397 0
187 486 0
187 563 0
188 194 0
189 426 0
190 325 0
191 304 0
192 426 0
193 576 0
194 352 0
194 404 0
194 439 0
195 245 0
195 256 0
195 494 0
195 559 0
196 274 0
197 249 0
197 394 0
197 473 0
197 525 0
198 243 0
199 324 0
199 504 0
201 343 0
202 468 0
204 498 0
207 379 0
208 363 0
208 474 0
211 497 0
212 260 0
213 407 0
215 361 0
215 511 0
215 560 0
216 553 0
217 379 0
218 503 0
219 523 0
220 304 0
220 575 0
220 599 0
222 234 0
225 333 0
225 451 0
225 564 0
226 291 0
227 445 0
227 455 0
227 528 0
228 278 0
229 522 0
230 263 0
230 521 0
231 248 0
233 448 0
234 382 0
234 439 0
234 475 0
235 263 0
236 278 0
237 469 0
238 350 0
238 388 0
238 548 0
240 304 0
241 431 0
242 448 0
243 547 0
243 588 0
245 263 0
245 275 0
245 574 0
246 469 0
247 321 0
248 344 0
248 563 0
250 296 0
251 282 0
251 325 0
251 542 0
251 595 0
253 326 0
255 340 0
257 479 0
258 332 0
259 498 0
260 337 0
260 429 0
261 519 0
263 492 0
264 442 0
265 586 0
266 365 0
267 354 0
267 487 0
267 562 0
268 544 0
270 471 0
271 274 0
271 278 0
271 374 0
271 576 0
272 276 0
273 331 0
273 339 0
273 593 0
274 435 0
274 443 0
275 292 0
276 473 0
276 551 0
276 590 0
277 301 0
277 338 0
277 362 0
277 482 0
277 499 0
281 576 0
282 427 0
282 526 0
283 510 0
284 426 0
284 503 0
284 511 0
285 503 0
287 302 0
287 334 0
287 484 0
290 325 0
293 553 0
295 340 0
296 495 0
296 581 0
297 521 0
298 399 0
299 423 0
301 303 0
302 303 0
302 501 0
302 592 0
303 328 0
305 341 0
308 379 0
308 553 0
310 363 0
310 557 0
310 578 0
313 425 0
315 463 0
318 466 0
319 485 0
321 382 0
322 471 0
323 465 0
325 405 0
326 331 0
329 448 0
330 531 0
331 465 0
331 519 0
332 364 0
332 502 0
332 507 0
335 509 0
336 372 0
336 444 0
337 351 0
337 497 0
337 574 0
339 399 0
340 378 0
340 433 0
341 461 0
342 452 0
342 577 0
343 478 0
343 585 0
345 390 0
345 569 0
345 583 0
345 598 0
346 419 0
346 481 0
348 463 0
349 575 0
352 407 0
352 574 0
353 599 0
355 361 0
356 509 0
356 592 0
356 598 0
357 396 0
358 584 0
359 543 0
361 387 0
361 450 0
361 588 0
363 531 0
364 423 0
364 431 0
364 579 0
365 587 0
367 543 0
371 595 0
373 416 0
374 581 0
374 588 0
375 531 0
376 476 0
377 407 0
377 576 0
379 524 0
380 600 0
381 505 0
382 535 0
382 543 0
382 552 0
383 544 0
384 430 0
385 536 0
386 599 0
389 465 0
390 510 0
390 511 0
390 586 0
392 440 0
394 440 0
394 509 0
395 527 0
396 417 0
396 419 0
396 453 0
399 539 0
400 407 0
402 498 0
403 600 0
406 527 0
407 424 0
407 434 0
409 589 0
411 536 0
412 522 0
414 466 0
415 427 0
416 561 0
416 566 0
419 592 0
420 553 0
421 591 0
425 469 0
425 589 0
426 437 0
427 439 0
427 500 0
427 508 0
430 464 0
431 582 0
433 584 0
433 591 0
433 592 0
434 487 0
438 573 0
440 516 0
446 523 0
447 584 0
449 521 0
454 463 0
457 496 0
460 510 0
462 471 0
463 518 0
463 541 0
464 466 0
464 535 0
465 530 0
466 554 0
471 593 0
472 576 0
473 552 0
476 500 0
476 555 0
479 558 0
480 489 0
482 509 0
482 521 0
487 573 0
488 543 0
489 542 0
491 536 0
496 518 0
496 540 0
497 550 0
509 562 0
511 563 0
515 519 0
517 523 0
517 535 0
517 560 0
518 594 0
522 532 0
523 552 0
523 593 0
527 581 0
527 596 0
531 545 0
534 586 0
537 575 0
549 584 0
