250 321 0
1 230 0
2 185 0
3 34 0
4 230 0
5 32 0
6 220 0
7 131 0
8 59 0
8 82 0
8 120 0
8 234 0
9 102 0
9 189 0
9 204 0
9 220 0
10 12 0
10 180 0
10 182 0
10 203 0
11 36 0
11 155 0
11 163 0
11 198 0
11 212 0
12 62 0
13 49 0
13 250 0
14 49 0
15 20 0
16 168 0
17 174 0
18 135 0
18 188 0
19 127 0
19 210 0
20 43 0
20 44 0
20 142 0
21 230 0
21 248 0
22 99 0
22 104 0
23 59 0
23 87 0
23 138 0
23 141 0
23 172 0
23 205 0
23 222 0
24 34 0
25 139 0
25 144 0
25 147 0
25 184 0
26 153 0
26 179 0
26 236 0
27 51 0
27 62 0
27 113 0
27 223 0
28 34 0
28 82 0
29 188 0
30 176 0
31 60 0
31 115 0
31 150 0
31 166 0
32 139 0
32 161 0
32 186 0
32 236 0
33 73 0
34 193 0
35 53 0
35 122 0
36 152 0
37 58 0
37 168 0
38 56 0
38 80 0
38 101 0
38 143 0
38 196 0
38 198 0
39 205 0
40 109 0
40 117 0
40 200 0
40 228 0
41 77 0
41 90 0
41 134 0
41 156 0
42 153 0
42 188 0
43 146 0
43 174 0
43 232 0
45 170 0
46 50 0
46 117 0
46 187 0
46 209 0
47 59 0
47 94 0
47 160 0
47 172 0
48 88 0
48 101 0
48 103 0
48 163 0
48 167 0
49 101 0
49 112 0
49 207 0
52 127 0
53 145 0
54 141 0
55 58 0
56 129 0
57 149 0
57 213 0
58 59 0
58 72 0
58 124 0
59 197 0
61 218 0
62 197 0
62 230 0
62 248 0
63 220 0
64 166 0
64 250 0
65 130 0
66 222 0
66 223 0
67 107 0
67 200 0
68 145 0
68 171 0
69 162 0
70 143 0
71 93 0
72 244 0
73 140 0
73 148 0
73 193 0
74 97 0
74 190 0
74 208 0
74 242 0
75 130 0
76 103 0
76 189 0
76 197 0
76 208 0
78 93 0
79 86 0
79 132 0
79 171 0
79 240 0
81 122 0
82 192 0
82 222 0
83 86 0
84 153 0
85 227 0
85 248 0
86 179 0
86 189 0
86 194 0
87 88 0
87 167 0
87 200 0
87 213 0
87 219 0
88 188 0
88 210 0
89 218 0
90 145 0
90 189 0
90 206 0
91 104 0
91 128 0
91 153 0
91 189 0
92 125 0
92 210 0
93 150 0
93 247 0
95 145 0
96 221 0
98 113 0
98 161 0
98 167 0
98 218 0
99 155 0
99 162 0
100 104 0
101 168 0
103 152 0
103 192 0
104 231 0
105 205 0
106 232 0
107 144 0
107 159 0
107 201 0
108 131 0
108 162 0
108 196 0
110 232 0
111 121 0
111 131 0
113 148 0
114 151 0
114 161 0
114 178 0
114 214 0
114 244 0
116 138 0
116 211 0
117 146 0
117 185 0
118 143 0
119 122 0
119 163 0
120 193 0
120 240 0
121 205 0
122 150 0
123 158 0
123 230 0
125 210 0
126 143 0
127 135 0
127 136 0
127 203 0
128 183 0
128 202 0
128 244 0
129 221 0
130 191 0
130 193 0
131 165 0
131 229 0
132 161 0
132 192 0
132 193 0
132 196 0
133 153 0
135 194 0
136 224 0
136 241 0
137 141 0
137 152 0
138 150 0
138 192 0
138 229 0
139 213 0
140 164 0
141 225 0
143 144 0
143 153 0
144 146 0
145 164 0
145 218 0
146 192 0
149 163 0
149 195 0
149 224 0
152 171 0
154 185 0
155 176 0
156 241 0
157 176 0
158 240 0
159 187 0
161 211 0
162 203 0
163 176 0
166 176 0
168 226 0
169 206 0
170 229 0
170 237 0
170 241 0
171 181 0
173 185 0
173 189 0
173 225 0
174 215 0
174 217 0
175 222 0
177 250 0
178 226 0
182 244 0
185 208 0
194 203 0
197 203 0
197 239 0
199 248 0
200 223 0
202 240 0
206 216 0
206 243 0
208 218 0
208 250 0
211 233 0
211 235 0
220 249 0
221 229 0
221 245 0
222 238 0
226 233 0
227 232 0
237 247 0
239 240 0
240 246 0
