700 780 0
1 211 0
2 10 0
2 83 0
2 90 0
3 575 0
4 6 0
4 45 0
4 325 0
4 467 0
5 69 0
5 106 0
5 307 0
5 492 0
6 201 0
6 262 0
6 439 0
7 664 0
8 547 0
9 400 0
9 452 0
9 555 0
10 352 0
10 617 0
10 677 0
11 25 0
11 58 0
11 340 0
11 364 0
12 444 0
13 20 0
13 307 0
13 453 0
13 570 0
14 296 0
15 95 0
15 256 0
15 432 0
15 530 0
16 605 0
17 403 0
18 181 0
19 546 0
20 74 0
20 109 0
20 449 0
20 514 0
21 76 0
22 141 0
22 152 0
22 272 0
22 452 0
22 688 0
23 86 0
23 211 0
23 454 0
23 465 0
24 554 0
26 56 0
27 606 0
28 52 0
29 123 0
30 77 0
30 119 0
30 353 0
30 656 0
31 233 0
31 510 0
31 570 0
32 570 0
33 206 0
33 368 0
33 555 0
33 633 0
34 524 0
35 462 0
36 475 0
37 609 0
38 454 0
39 49 0
39 279 0
39 304 0
39 430 0
39 548 0
40 155 0
40 405 0
40 469 0
40 602 0
41 547 0
42 689 0
43 190 0
43 482 0
43 606 0
43 637 0
44 654 0
45 92 0
45 519 0
46 668 0
47 84 0
47 88 0
47 516 0
47 581 0
47 626 0
48 159 0
48 236 0
48 317 0
48 366 0
48 410 0
50 73 0
51 190 0
52 127 0
52 152 0
52 561 0
53 575 0
54 303 0
54 428 0
54 665 0
55 90 0
55 332 0
55 396 0
55 551 0
56 64 0
56 118 0
56 450 0
57 75 0
57 257 0
57 554 0
57 605 0
59 395 0
60 633 0
61 607 0
62 206 0
62 256 0
62 649 0
63 457 0
65 294 0
66 566 0
67 301 0
67 436 0
67 660 0
67 679 0
68 637 0
69 145 0
69 534 0
69 538 0
70 107 0
71 612 0
72 403 0
73 182 0
73 504 0
73 594 0
75 131 0
75 504 0
75 627 0
76 460 0
76 466 0
76 549 0
76 551 0
77 369 0
77 465 0
77 555 0
78 510 0
79 148 0
80 429 0
80 450 0
80 485 0
80 663 0
81 122 0
82 211 0
83 178 0
83 380 0
83 450 0
83 687 0
85 341 0
86 173 0
86 237 0
86 667 0
87 408 0
88 503 0
88 596 0
89 605 0
90 110 0
90 291 0
90 576 0
91 211 0
92 405 0
92 593 0
92 602 0
92 633 0
93 368 0
94 508 0
95 113 0
95 234 0
95 544 0
96 684 0
97 170 0
97 234 0
97 578 0
97 585 0
98 191 0
98 616 0
98 629 0
98 673 0
99 106 0
100 105 0
100 152 0
100 290 0
100 683 0
101 529 0
101 558 0
101 631 0
101 685 0
102 240 0
102 351 0
102 423 0
102 648 0
102 679 0
103 139 0
103 285 0
103 343 0
103 632 0
103 656 0
104 212 0
104 223 0
104 234 0
104 452 0
104 641 0
106 422 0
106 672 0
107 227 0
107 345 0
107 446 0
108 639 0
109 131 0
109 541 0
110 259 0
110 429 0
110 484 0
110 556 0
111 309 0
112 503 0
113 457 0
113 511 0
113 596 0
113 609 0
114 151 0
115 432 0
116 147 0
117 668 0
118 432 0
118 656 0
119 396 0
119 558 0
119 627 0
120 639 0
121 312 0
122 154 0
122 285 0
122 588 0
122 676 0
123 246 0
123 332 0
123 441 0
124 319 0
124 495 0
124 537 0
124 551 0
125 179 0
126 395 0
128 267 0
129 609 0
130 291 0
130 425 0
130 654 0
131 296 0
131 473 0
131 595 0
132 201 0
133 157 0
134 609 0
135 225 0
136 377 0
136 378 0
136 531 0
136 608 0
137 405 0
137 430 0
137 440 0
137 558 0
138 532 0
139 403 0
139 542 0
139 638 0
139 668 0
140 444 0
142 476 0
143 664 0
144 251 0
146 546 0
147 613 0
147 669 0
147 677 0
148 207 0
148 356 0
148 427 0
148 429 0
149 547 0
150 510 0
151 193 0
151 244 0
151 305 0
152 369 0
153 577 0
156 302 0
157 410 0
157 582 0
157 587 0
158 408 0
160 180 0
161 635 0
162 250 0
163 242 0
164 388 0
164 390 0
164 407 0
164 622 0
165 269 0
166 624 0
167 682 0
168 250 0
168 394 0
168 395 0
168 501 0
169 341 0
171 232 0
171 408 0
171 540 0
172 474 0
172 479 0
172 518 0
172 622 0
174 457 0
175 251 0
176 510 0
177 344 0
179 375 0
179 625 0
179 692 0
180 208 0
180 234 0
180 317 0
181 354 0
181 610 0
181 632 0
183 447 0
184 457 0
185 217 0
186 187 0
186 229 0
186 338 0
186 343 0
186 560 0
188 379 0
189 309 0
190 601 0
190 611 0
192 453 0
194 304 0
194 305 0
194 356 0
194 373 0
194 627 0
195 532 0
196 577 0
197 567 0
198 269 0
199 470 0
200 261 0
201 455 0
201 486 0
202 447 0
203 505 0
204 231 0
204 416 0
204 513 0
204 695 0
205 206 0
206 402 0
206 586 0
209 488 0
210 313 0
210 477 0
210 480 0
210 483 0
210 642 0
210 693 0
211 221 0
213 590 0
214 251 0
215 356 0
215 420 0
215 658 0
215 666 0
216 605 0
217 230 0
217 347 0
217 662 0
218 671 0
219 454 0
220 262 0
221 257 0
221 446 0
222 403 0
224 470 0
225 360 0
225 446 0
225 545 0
226 291 0
228 519 0
230 312 0
230 341 0
230 372 0
231 369 0
231 664 0
231 700 0
232 286 0
232 373 0
232 383 0
233 343 0
233 498 0
233 647 0
233 680 0
235 694 0
238 267 0
239 395 0
241 262 0
242 248 0
242 461 0
242 529 0
243 566 0
244 356 0
244 483 0
245 254 0
245 356 0
245 442 0
245 553 0
247 280 0
247 281 0
247 437 0
247 440 0
247 533 0
249 444 0
250 414 0
250 562 0
251 685 0
252 348 0
253 694 0
255 344 0
256 491 0
256 691 0
257 359 0
257 596 0
258 424 0
258 526 0
258 670 0
258 686 0
260 473 0
261 330 0
261 350 0
261 405 0
262 353 0
262 571 0
263 595 0
264 331 0
265 367 0
266 374 0
266 526 0
266 539 0
266 549 0
267 275 0
267 685 0
268 473 0
269 540 0
269 623 0
270 567 0
271 624 0
273 334 0
274 303 0
276 595 0
277 530 0
278 684 0
281 492 0
281 682 0
282 524 0
283 336 0
284 355 0
285 583 0
287 387 0
288 421 0
289 665 0
291 327 0
291 464 0
292 523 0
292 525 0
292 580 0
292 619 0
293 546 0
294 373 0
294 560 0
294 636 0
295 296 0
296 509 0
297 470 0
298 604 0
299 635 0
300 367 0
302 386 0
302 405 0
302 417 0
303 363 0
303 373 0
303 528 0
304 654 0
305 567 0
305 604 0
306 583 0
307 401 0
307 656 0
308 425 0
309 622 0
309 643 0
310 321 0
310 483 0
310 494 0
310 693 0
311 653 0
312 459 0
312 507 0
314 421 0
315 379 0
316 334 0
317 631 0
318 432 0
320 394 0
322 425 0
323 653 0
324 421 0
326 333 0
328 476 0
329 331 0
331 380 0
331 559 0
331 677 0
332 639 0
332 684 0
333 540 0
333 572 0
333 628 0
334 337 0
334 529 0
334 596 0
335 689 0
336 649 0
336 657 0
336 674 0
337 369 0
337 590 0
339 492 0
341 600 0
342 508 0
343 541 0
344 430 0
344 579 0
346 454 0
348 472 0
348 483 0
348 650 0
349 570 0
351 541 0
351 664 0
353 511 0
355 434 0
355 463 0
355 552 0
356 593 0
357 368 0
358 462 0
359 532 0
359 590 0
361 408 0
362 458 0
364 367 0
364 372 0
364 547 0
365 668 0
367 591 0
368 543 0
369 616 0
370 637 0
371 428 0
372 378 0
372 558 0
376 476 0
378 408 0
378 488 0
379 435 0
379 588 0
380 664 0
381 505 0
382 653 0
384 576 0
385 524 0
387 401 0
387 404 0
387 512 0
389 671 0
391 505 0
392 399 0
393 646 0
394 452 0
394 593 0
396 501 0
396 655 0
397 399 0
398 682 0
399 574 0
399 649 0
400 413 0
400 551 0
400 615 0
401 462 0
401 510 0
403 502 0
406 453 0
409 492 0
410 482 0
410 671 0
411 554 0
412 583 0
415 671 0
418 542 0
419 433 0
419 477 0
419 550 0
419 626 0
421 477 0
421 649 0
425 593 0
425 616 0
426 590 0
428 522 0
428 631 0
430 612 0
431 453 0
432 499 0
438 664 0
439 483 0
439 490 0
439 544 0
439 619 0
440 646 0
440 682 0
443 621 0
444 580 0
445 577 0
446 501 0
446 519 0
447 521 0
447 529 0
448 646 0
450 501 0
451 621 0
456 621 0
458 481 0
458 644 0
458 651 0
462 598 0
463 532 0
463 555 0
463 607 0
465 498 0
465 580 0
465 622 0
468 511 0
470 651 0
471 635 0
473 498 0
475 569 0
475 616 0
475 659 0
476 626 0
478 607 0
482 626 0
482 627 0
486 490 0
486 625 0
487 604 0
488 599 0
488 634 0
489 519 0
490 524 0
490 577 0
490 694 0
493 566 0
496 570 0
497 646 0
500 624 0
502 503 0
502 649 0
503 504 0
504 635 0
505 685 0
506 530 0
508 580 0
508 675 0
511 603 0
515 612 0
517 526 0
517 544 0
517 651 0
517 677 0
517 692 0
519 640 0
520 604 0
522 575 0
522 622 0
526 546 0
527 606 0
530 565 0
532 568 0
535 575 0
536 554 0
540 619 0
540 624 0
540 632 0
541 573 0
542 560 0
542 630 0
542 638 0
544 656 0
549 576 0
555 679 0
556 606 0
557 700 0
563 595 0
564 700 0
566 631 0
567 597 0
575 679 0
576 584 0
576 697 0
577 692 0
583 625 0
588 655 0
588 689 0
589 689 0
590 631 0
590 678 0
592 633 0
593 643 0
593 693 0
602 631 0
606 696 0
607 645 0
612 681 0
614 694 0
618 665 0
620 700 0
621 651 0
625 643 0
625 653 0
625 655 0
632 654 0
637 699 0
638 665 0
639 690 0
649 655 0
652 684 0
654 665 0
661 665 0
682 698 0
