900 989 0
1 628 0
2 52 0
3 305 0
3 537 0
3 598 0
3 672 0
3 839 0
4 30 0
4 210 0
4 323 0
4 727 0
5 182 0
6 446 0
7 573 0
8 131 0
9 360 0
9 414 0
9 508 0
9 881 0
10 445 0
11 22 0
11 314 0
11 374 0
11 792 0
11 830 0
12 841 0
13 564 0
14 160 0
15 634 0
16 346 0
17 66 0
18 51 0
18 457 0
18 496 0
18 651 0
19 422 0
20 564 0
21 124 0
21 180 0
21 343 0
21 375 0
22 445 0
22 665 0
23 868 0
24 319 0
24 366 0
24 389 0
24 455 0
25 637 0
26 346 0
27 696 0
28 430 0
29 160 0
30 55 0
30 182 0
30 525 0
30 581 0
31 308 0
31 427 0
31 445 0
31 713 0
31 870 0
32 357 0
32 378 0
32 774 0
32 815 0
33 583 0
34 90 0
34 809 0
34 863 0
34 900 0
35 53 0
35 287 0
35 655 0
35 778 0
36 648 0
37 353 0
38 51 0
38 117 0
38 186 0
38 407 0
39 469 0
40 744 0
41 135 0
42 351 0
42 505 0
42 565 0
42 900 0
43 284 0
43 511 0
43 755 0
43 879 0
44 625 0
45 479 0
46 211 0
47 224 0
48 157 0
48 164 0
48 305 0
48 462 0
49 875 0
50 572 0
50 695 0
50 888 0
51 161 0
51 509 0
52 510 0
52 788 0
52 812 0
53 503 0
53 510 0
53 556 0
54 429 0
55 236 0
55 618 0
55 821 0
56 392 0
57 428 0
58 783 0
59 73 0
59 145 0
59 467 0
60 690 0
61 427 0
62 255 0
63 467 0
64 583 0
65 293 0
66 93 0
66 193 0
66 880 0
67 564 0
68 165 0
69 430 0
69 540 0
69 567 0
69 888 0
70 93 0
70 125 0
70 503 0
70 689 0
71 109 0
72 479 0
72 683 0
72 891 0
73 143 0
73 303 0
73 691 0
74 196 0
74 558 0
74 594 0
74 728 0
75 859 0
76 384 0
76 420 0
76 459 0
76 503 0
77 875 0
78 760 0
79 335 0
80 134 0
81 93 0
81 131 0
81 413 0
82 206 0
83 106 0
83 231 0
83 305 0
83 877 0
84 868 0
85 494 0
85 645 0
85 740 0
85 888 0
86 287 0
87 854 0
88 550 0
89 783 0
90 307 0
90 421 0
90 732 0
91 407 0
91 588 0
91 722 0
91 747 0
92 623 0
93 329 0
93 413 0
94 432 0
94 491 0
94 505 0
94 706 0
95 255 0
96 886 0
97 106 0
97 139 0
97 535 0
97 574 0
97 657 0
98 161 0
99 627 0
100 333 0
101 383 0
102 297 0
102 513 0
102 514 0
102 590 0
103 780 0
104 484 0
104 583 0
104 690 0
105 696 0
106 163 0
106 294 0
107 885 0
108 300 0
108 412 0
108 644 0
109 216 0
109 631 0
109 818 0
110 886 0
111 343 0
111 520 0
111 746 0
111 811 0
112 331 0
113 225 0
114 206 0
115 154 0
115 324 0
115 582 0
115 617 0
116 731 0
117 322 0
117 565 0
117 891 0
118 241 0
119 613 0
120 258 0
120 404 0
120 825 0
120 890 0
121 188 0
122 859 0
123 314 0
123 568 0
123 616 0
123 829 0
125 572 0
125 813 0
125 816 0
126 161 0
127 543 0
128 367 0
129 690 0
130 773 0
131 251 0
131 314 0
132 627 0
133 224 0
133 561 0
133 638 0
133 887 0
134 152 0
134 260 0
134 489 0
135 186 0
135 317 0
135 741 0
136 204 0
137 163 0
138 779 0
140 627 0
141 484 0
142 711 0
144 430 0
145 359 0
145 378 0
145 720 0
145 795 0
146 886 0
147 255 0
148 648 0
149 326 0
150 506 0
151 299 0
151 312 0
151 759 0
151 873 0
153 511 0
153 674 0
153 712 0
153 752 0
155 745 0
156 753 0
158 322 0
158 576 0
158 729 0
158 736 0
158 751 0
159 215 0
159 456 0
159 652 0
159 669 0
160 177 0
160 871 0
161 448 0
162 769 0
163 167 0
163 765 0
165 244 0
165 330 0
165 527 0
166 194 0
166 233 0
166 277 0
166 305 0
166 520 0
168 354 0
168 534 0
168 786 0
168 814 0
168 870 0
169 579 0
170 749 0
171 484 0
171 642 0
171 863 0
171 868 0
172 397 0
173 442 0
174 278 0
174 281 0
174 587 0
174 689 0
175 480 0
176 481 0
177 214 0
177 270 0
177 428 0
178 293 0
178 637 0
178 694 0
178 891 0
179 642 0
181 217 0
181 384 0
181 396 0
181 569 0
181 609 0
182 235 0
182 853 0
183 630 0
184 778 0
185 545 0
186 361 0
186 579 0
187 813 0
188 262 0
188 310 0
188 556 0
189 665 0
190 331 0
191 560 0
192 197 0
195 453 0
197 286 0
197 585 0
197 890 0
198 321 0
198 322 0
198 708 0
198 803 0
199 245 0
199 250 0
199 565 0
199 713 0
200 744 0
201 333 0
202 483 0
202 681 0
202 767 0
203 686 0
204 380 0
204 693 0
204 832 0
205 316 0
206 266 0
206 491 0
206 738 0
207 888 0
208 868 0
209 841 0
211 223 0
211 351 0
211 570 0
211 876 0
212 779 0
213 561 0
214 301 0
214 460 0
214 468 0
216 261 0
216 270 0
216 318 0
216 367 0
217 343 0
217 422 0
217 547 0
218 494 0
219 613 0
220 824 0
221 355 0
221 713 0
221 780 0
222 318 0
224 337 0
224 388 0
225 256 0
225 378 0
225 498 0
226 801 0
227 253 0
228 630 0
229 816 0
230 332 0
231 270 0
231 565 0
231 626 0
232 320 0
232 350 0
232 384 0
232 653 0
234 749 0
234 760 0
234 773 0
234 887 0
237 335 0
238 760 0
239 480 0
240 494 0
241 360 0
241 409 0
241 695 0
241 710 0
242 816 0
243 696 0
244 713 0
244 753 0
244 779 0
245 360 0
245 534 0
245 594 0
246 250 0
246 326 0
246 683 0
246 824 0
246 886 0
247 315 0
247 474 0
247 554 0
247 726 0
248 608 0
249 642 0
250 366 0
250 890 0
252 451 0
253 291 0
253 554 0
253 782 0
254 778 0
255 421 0
257 300 0
259 776 0
261 453 0
261 696 0
263 736 0
264 694 0
265 711 0
267 477 0
268 603 0
269 442 0
270 705 0
271 524 0
272 579 0
273 613 0
274 463 0
275 313 0
276 327 0
276 647 0
276 763 0
276 806 0
279 481 0
280 549 0
282 681 0
283 435 0
285 466 0
287 364 0
287 699 0
288 543 0
289 576 0
290 813 0
292 803 0
293 671 0
293 846 0
294 341 0
294 679 0
294 790 0
295 744 0
296 397 0
298 420 0
298 854 0
298 887 0
300 514 0
300 835 0
300 883 0
302 769 0
304 349 0
304 519 0
304 541 0
304 647 0
304 805 0
305 525 0
306 583 0
307 332 0
307 549 0
307 664 0
308 351 0
308 680 0
308 791 0
309 875 0
311 411 0
311 472 0
311 705 0
311 889 0
313 675 0
313 758 0
313 772 0
314 843 0
316 473 0
316 659 0
316 706 0
318 410 0
318 507 0
321 402 0
321 697 0
321 849 0
322 518 0
325 628 0
326 688 0
326 729 0
328 634 0
329 345 0
329 476 0
329 685 0
331 515 0
331 706 0
332 547 0
332 684 0
332 740 0
333 421 0
333 756 0
334 638 0
335 556 0
335 575 0
336 484 0
338 550 0
339 429 0
340 753 0
342 555 0
343 581 0
343 630 0
344 446 0
346 589 0
346 691 0
347 834 0
348 459 0
348 701 0
348 762 0
348 864 0
352 524 0
353 358 0
353 594 0
353 607 0
355 420 0
355 605 0
355 683 0
355 861 0
355 894 0
356 573 0
360 632 0
360 805 0
361 363 0
361 471 0
361 614 0
362 796 0
365 767 0
366 429 0
366 480 0
367 443 0
367 683 0
368 601 0
369 779 0
370 796 0
371 555 0
372 599 0
373 637 0
374 474 0
374 623 0
374 711 0
374 834 0
376 400 0
377 816 0
378 891 0
379 551 0
380 431 0
380 532 0
380 859 0
381 544 0
382 731 0
382 775 0
382 801 0
383 433 0
383 620 0
383 771 0
384 450 0
385 612 0
386 778 0
387 576 0
387 612 0
387 709 0
390 398 0
390 400 0
390 451 0
390 809 0
391 522 0
391 523 0
391 705 0
391 738 0
391 761 0
392 420 0
392 621 0
392 768 0
393 686 0
394 509 0
395 463 0
397 673 0
397 893 0
398 501 0
398 721 0
398 794 0
398 882 0
399 573 0
400 547 0
400 578 0
400 678 0
401 640 0
403 813 0
405 567 0
406 601 0
407 446 0
407 648 0
408 493 0
408 709 0
408 891 0
409 552 0
409 626 0
412 622 0
412 704 0
412 860 0
412 895 0
413 606 0
413 702 0
413 896 0
415 545 0
416 781 0
417 783 0
418 603 0
419 543 0
420 544 0
421 807 0
422 546 0
422 591 0
423 450 0
424 769 0
425 506 0
426 544 0
427 548 0
427 798 0
428 553 0
428 897 0
429 805 0
430 536 0
432 696 0
432 797 0
432 875 0
434 751 0
435 497 0
435 610 0
435 877 0
436 642 0
437 664 0
438 807 0
439 854 0
440 824 0
441 690 0
442 444 0
442 502 0
442 622 0
444 555 0
444 872 0
445 670 0
445 721 0
446 842 0
447 749 0
449 477 0
450 574 0
450 826 0
451 604 0
451 649 0
452 593 0
453 510 0
453 833 0
454 644 0
456 545 0
456 809 0
456 841 0
458 545 0
459 466 0
459 550 0
461 708 0
463 764 0
463 877 0
464 623 0
465 467 0
466 486 0
466 698 0
467 611 0
467 622 0
469 672 0
469 700 0
469 759 0
470 561 0
474 819 0
475 807 0
477 617 0
477 633 0
478 797 0
479 546 0
479 766 0
480 822 0
481 491 0
481 735 0
482 550 0
483 608 0
483 628 0
483 634 0
483 869 0
485 638 0
487 820 0
488 709 0
489 540 0
489 564 0
489 593 0
490 694 0
491 645 0
492 796 0
493 679 0
493 703 0
493 738 0
493 830 0
494 615 0
494 890 0
495 608 0
499 677 0
500 612 0
503 900 0
504 551 0
505 761 0
505 775 0
505 869 0
506 510 0
506 528 0
509 793 0
509 856 0
511 863 0
511 872 0
512 709 0
514 601 0
514 869 0
516 843 0
517 686 0
518 543 0
518 677 0
518 767 0
520 780 0
521 601 0
524 534 0
524 557 0
524 808 0
525 637 0
526 767 0
529 542 0
529 820 0
529 844 0
529 863 0
530 638 0
530 644 0
530 796 0
531 603 0
532 546 0
532 622 0
532 775 0
533 819 0
534 854 0
538 552 0
539 751 0
540 675 0
540 775 0
542 584 0
542 646 0
542 682 0
544 651 0
544 714 0
546 690 0
549 574 0
549 624 0
549 836 0
551 562 0
551 732 0
552 594 0
552 748 0
554 626 0
554 640 0
555 654 0
555 777 0
556 769 0
557 567 0
557 740 0
559 677 0
560 754 0
560 823 0
560 876 0
561 845 0
563 751 0
566 567 0
571 872 0
572 580 0
572 629 0
572 899 0
573 830 0
576 661 0
576 668 0
577 641 0
579 635 0
581 673 0
581 792 0
583 647 0
585 731 0
585 778 0
586 803 0
592 655 0
593 857 0
593 870 0
595 664 0
596 681 0
597 781 0
599 706 0
599 716 0
599 784 0
600 655 0
602 638 0
603 759 0
608 715 0
612 617 0
612 850 0
613 620 0
617 761 0
617 809 0
619 708 0
620 627 0
620 775 0
623 724 0
625 639 0
625 687 0
625 740 0
625 828 0
626 691 0
626 695 0
626 876 0
628 660 0
630 663 0
632 662 0
632 724 0
632 742 0
632 800 0
634 804 0
636 801 0
637 682 0
639 665 0
639 709 0
639 887 0
640 667 0
640 862 0
641 723 0
641 750 0
641 830 0
643 844 0
644 689 0
645 658 0
645 799 0
645 866 0
647 891 0
648 831 0
650 749 0
651 695 0
654 686 0
654 781 0
654 869 0
655 666 0
656 780 0
664 858 0
665 785 0
665 898 0
672 690 0
673 744 0
673 745 0
675 796 0
675 885 0
676 681 0
677 695 0
677 724 0
677 734 0
679 708 0
681 689 0
682 863 0
691 783 0
692 885 0
694 717 0
699 708 0
699 731 0
700 778 0
700 888 0
705 819 0
707 801 0
708 817 0
711 730 0
713 759 0
718 819 0
719 824 0
721 843 0
725 834 0
729 824 0
731 732 0
731 743 0
732 776 0
733 781 0
736 851 0
736 855 0
737 773 0
739 760 0
745 810 0
745 874 0
753 867 0
756 809 0
756 813 0
757 844 0
770 820 0
773 848 0
775 828 0
776 852 0
776 865 0
780 876 0
787 844 0
789 885 0
792 887 0
792 900 0
797 837 0
797 892 0
801 877 0
802 807 0
803 838 0
819 847 0
820 884 0
827 872 0
828 843 0
834 878 0
840 841 0
