450 614 0
1 80 0
1 129 0
1 182 0
1 299 0
2 77 0
3 377 0
4 125 0
4 160 0
4 263 0
4 340 0
5 244 0
6 117 0
7 211 0
7 402 0
8 26 0
8 30 0
8 91 0
8 111 0
8 291 0
9 298 0
10 26 0
11 244 0
12 309 0
12 321 0
13 154 0
13 267 0
13 318 0
13 335 0
14 159 0
15 150 0
15 198 0
15 283 0
15 417 0
16 242 0
17 227 0
17 295 0
18 47 0
18 409 0
19 49 0
19 272 0
20 64 0
20 202 0
20 228 0
20 277 0
21 298 0
22 82 0
22 225 0
22 256 0
22 263 0
23 50 0
23 59 0
23 63 0
23 220 0
23 332 0
24 174 0
25 261 0
26 272 0
26 395 0
27 73 0
27 95 0
27 240 0
27 363 0
28 49 0
28 174 0
28 347 0
29 53 0
29 114 0
30 86 0
30 147 0
31 52 0
31 200 0
32 79 0
32 213 0
32 309 0
32 440 0
33 378 0
34 50 0
34 112 0
34 139 0
34 141 0
34 169 0
35 221 0
36 117 0
37 59 0
37 67 0
37 103 0
37 219 0
37 345 0
38 153 0
39 125 0
39 448 0
40 79 0
40 88 0
40 191 0
40 305 0
41 138 0
41 262 0
41 285 0
41 338 0
42 128 0
42 134 0
42 286 0
42 309 0
42 399 0
43 231 0
43 234 0
43 280 0
44 199 0
44 383 0
45 276 0
46 117 0
46 173 0
46 241 0
46 284 0
46 314 0
46 399 0
47 109 0
47 310 0
47 331 0
47 400 0
48 56 0
48 145 0
48 367 0
48 403 0
48 404 0
49 93 0
49 279 0
49 341 0
50 170 0
50 273 0
50 396 0
51 88 0
51 223 0
51 398 0
51 422 0
51 429 0
52 131 0
52 198 0
52 229 0
52 239 0
52 317 0
52 390 0
53 110 0
53 236 0
53 277 0
53 354 0
54 84 0
55 371 0
56 364 0
57 128 0
57 221 0
57 283 0
57 324 0
57 412 0
57 442 0
58 202 0
58 268 0
58 442 0
59 187 0
59 242 0
60 68 0
61 380 0
61 412 0
62 340 0
63 111 0
63 133 0
63 170 0
63 189 0
63 225 0
64 177 0
65 325 0
66 221 0
67 187 0
67 358 0
68 178 0
68 207 0
68 355 0
69 98 0
69 263 0
69 377 0
69 428 0
70 91 0
71 312 0
71 327 0
72 159 0
73 227 0
74 97 0
74 313 0
75 193 0
76 223 0
76 336 0
76 420 0
76 448 0
77 177 0
77 360 0
77 406 0
78 137 0
78 149 0
78 208 0
78 439 0
79 107 0
79 206 0
79 227 0
81 206 0
81 248 0
81 366 0
81 383 0
82 93 0
82 207 0
82 441 0
83 116 0
83 304 0
83 377 0
84 237 0
84 307 0
84 332 0
84 405 0
85 94 0
85 182 0
85 216 0
85 449 0
86 99 0
86 184 0
86 419 0
87 211 0
88 253 0
89 174 0
89 419 0
90 312 0
91 192 0
91 315 0
92 257 0
93 339 0
93 378 0
93 415 0
94 248 0
94 284 0
95 329 0
96 200 0
97 140 0
98 118 0
98 281 0
98 368 0
99 164 0
99 286 0
99 383 0
100 428 0
101 284 0
102 205 0
102 396 0
103 273 0
104 294 0
104 300 0
104 379 0
104 384 0
105 261 0
105 292 0
105 375 0
105 386 0
105 432 0
106 187 0
107 119 0
107 444 0
107 445 0
108 148 0
108 215 0
108 371 0
109 111 0
109 169 0
109 185 0
109 349 0
109 362 0
110 133 0
110 159 0
110 309 0
111 154 0
111 346 0
113 261 0
113 420 0
114 351 0
115 128 0
115 276 0
115 296 0
115 311 0
115 402 0
116 249 0
117 179 0
118 152 0
118 217 0
118 450 0
120 124 0
121 269 0
121 321 0
121 379 0
121 394 0
122 303 0
123 313 0
124 182 0
124 196 0
124 201 0
125 308 0
125 440 0
126 193 0
126 256 0
126 318 0
127 231 0
128 198 0
128 389 0
129 183 0
129 255 0
130 428 0
131 377 0
132 159 0
132 242 0
133 208 0
133 240 0
134 206 0
134 225 0
134 397 0
135 160 0
136 194 0
138 184 0
140 245 0
140 337 0
140 348 0
141 280 0
142 371 0
143 291 0
143 407 0
144 275 0
144 393 0
145 263 0
145 278 0
145 284 0
146 185 0
146 309 0
147 148 0
148 203 0
148 245 0
148 323 0
151 210 0
152 350 0
153 157 0
153 295 0
153 386 0
154 168 0
154 210 0
154 407 0
155 402 0
156 362 0
157 267 0
158 415 0
159 416 0
160 217 0
160 293 0
161 278 0
162 413 0
163 199 0
163 238 0
163 341 0
163 353 0
163 358 0
164 237 0
164 288 0
164 434 0
165 212 0
166 311 0
167 324 0
168 218 0
168 261 0
168 282 0
168 329 0
168 385 0
169 181 0
170 349 0
171 319 0
172 396 0
173 347 0
173 356 0
173 375 0
173 391 0
173 403 0
174 380 0
174 414 0
175 208 0
175 378 0
176 284 0
176 333 0
177 307 0
179 242 0
180 204 0
180 361 0
181 280 0
181 350 0
182 256 0
183 248 0
183 314 0
185 253 0
185 374 0
186 275 0
187 234 0
187 328 0
188 266 0
188 325 0
189 199 0
190 412 0
191 194 0
191 195 0
191 356 0
193 238 0
193 343 0
194 246 0
194 381 0
194 414 0
195 227 0
196 437 0
197 413 0
198 329 0
198 351 0
199 317 0
199 332 0
199 437 0
200 264 0
200 373 0
200 387 0
201 418 0
202 326 0
202 342 0
202 360 0
204 289 0
205 339 0
206 238 0
206 255 0
207 248 0
207 261 0
208 249 0
208 298 0
209 291 0
210 241 0
210 265 0
211 264 0
211 392 0
211 423 0
212 316 0
212 389 0
212 401 0
213 298 0
214 289 0
215 227 0
215 243 0
215 313 0
217 323 0
220 280 0
221 424 0
222 314 0
223 256 0
223 312 0
224 319 0
226 319 0
227 326 0
227 337 0
229 311 0
230 325 0
231 251 0
231 352 0
231 386 0
231 413 0
232 257 0
233 290 0
233 428 0
235 249 0
238 378 0
239 421 0
240 244 0
240 361 0
242 302 0
243 284 0
244 435 0
245 256 0
245 313 0
246 272 0
247 446 0
248 376 0
248 430 0
249 272 0
249 296 0
250 287 0
251 356 0
252 446 0
253 264 0
254 409 0
255 275 0
255 319 0
255 361 0
255 413 0
257 264 0
257 302 0
257 450 0
258 278 0
259 350 0
260 351 0
261 346 0
262 362 0
262 371 0
262 397 0
263 292 0
264 286 0
264 422 0
266 269 0
266 314 0
266 399 0
268 289 0
269 345 0
270 278 0
271 393 0
273 274 0
273 410 0
275 407 0
276 347 0
276 359 0
280 322 0
280 379 0
281 445 0
283 333 0
284 444 0
286 316 0
286 417 0
287 290 0
287 441 0
287 443 0
288 387 0
289 329 0
289 414 0
291 327 0
295 392 0
297 362 0
297 411 0
301 349 0
303 316 0
303 326 0
303 365 0
303 421 0
304 393 0
305 349 0
305 420 0
306 409 0
309 370 0
309 375 0
309 427 0
311 364 0
311 382 0
312 388 0
313 431 0
314 330 0
316 350 0
320 324 0
321 392 0
321 433 0
322 402 0
323 371 0
323 389 0
324 344 0
325 441 0
326 412 0
330 336 0
332 409 0
333 362 0
333 375 0
334 339 0
337 389 0
339 433 0
340 408 0
340 426 0
343 345 0
343 446 0
345 351 0
349 354 0
349 372 0
349 439 0
351 358 0
351 373 0
357 413 0
360 366 0
360 379 0
360 393 0
360 397 0
361 366 0
361 436 0
361 447 0
365 366 0
365 439 0
369 378 0
370 374 0
370 407 0
371 384 0
371 424 0
372 383 0
377 411 0
379 399 0
382 393 0
382 414 0
383 438 0
386 399 0
394 423 0
396 418 0
397 414 0
409 437 0
409 442 0
415 425 0
415 447 0
419 431 0
427 446 0
431 445 0
441 446 0
