600 712 0
1 26 0
1 30 0
1 294 0
1 497 0
2 6 0
2 129 0
2 185 0
2 279 0
2 533 0
3 162 0
4 44 0
4 207 0
4 256 0
4 375 0
5 40 0
5 105 0
5 167 0
5 269 0
5 559 0
6 16 0
6 73 0
6 125 0
7 22 0
8 398 0
9 500 0
10 415 0
11 537 0
12 521 0
13 47 0
13 303 0
13 356 0
13 590 0
14 80 0
15 165 0
17 171 0
17 502 0
17 518 0
18 38 0
19 578 0
20 56 0
20 339 0
20 361 0
20 460 0
20 473 0
20 561 0
21 430 0
22 107 0
22 390 0
22 594 0
23 80 0
24 148 0
25 166 0
25 245 0
25 429 0
25 543 0
25 579 0
27 29 0
27 36 0
27 220 0
27 401 0
27 592 0
28 48 0
28 83 0
28 165 0
28 402 0
29 588 0
30 31 0
30 84 0
30 330 0
31 289 0
31 306 0
31 373 0
32 172 0
32 332 0
32 347 0
32 457 0
32 561 0
33 477 0
33 522 0
33 582 0
34 256 0
35 277 0
36 348 0
36 427 0
36 501 0
36 551 0
37 63 0
37 160 0
37 322 0
37 424 0
37 441 0
38 95 0
38 176 0
38 224 0
38 453 0
39 496 0
40 202 0
40 470 0
40 495 0
40 518 0
41 299 0
42 398 0
43 44 0
44 46 0
44 121 0
45 181 0
45 309 0
45 450 0
45 506 0
46 206 0
46 312 0
47 406 0
47 417 0
47 541 0
47 583 0
48 78 0
48 183 0
48 333 0
48 412 0
49 588 0
50 226 0
51 71 0
51 89 0
51 447 0
51 583 0
52 319 0
53 281 0
53 301 0
53 542 0
53 546 0
54 295 0
55 89 0
55 406 0
55 490 0
57 227 0
57 231 0
57 304 0
57 333 0
57 347 0
57 581 0
58 519 0
59 75 0
59 283 0
59 395 0
59 476 0
60 193 0
61 203 0
61 323 0
61 387 0
61 469 0
62 435 0
63 358 0
63 558 0
64 462 0
65 77 0
65 104 0
65 363 0
65 429 0
65 450 0
66 216 0
66 229 0
66 307 0
66 540 0
67 353 0
67 373 0
67 436 0
67 466 0
68 528 0
68 547 0
68 571 0
68 593 0
69 174 0
69 317 0
69 498 0
69 530 0
69 596 0
70 72 0
70 111 0
70 249 0
70 289 0
74 293 0
76 113 0
76 500 0
76 520 0
77 320 0
77 438 0
77 588 0
79 406 0
80 194 0
80 196 0
80 337 0
81 415 0
82 200 0
83 158 0
83 238 0
83 591 0
84 155 0
84 328 0
84 485 0
84 560 0
85 168 0
86 280 0
87 382 0
88 171 0
88 434 0
88 523 0
89 380 0
89 415 0
89 478 0
90 139 0
90 403 0
90 494 0
90 530 0
90 564 0
91 202 0
91 371 0
91 471 0
92 150 0
92 191 0
92 414 0
92 484 0
93 185 0
93 347 0
93 473 0
94 337 0
94 543 0
94 564 0
94 586 0
95 148 0
95 375 0
95 435 0
96 295 0
97 119 0
97 343 0
97 461 0
97 585 0
98 552 0
99 399 0
100 305 0
101 357 0
102 573 0
103 162 0
103 203 0
103 212 0
103 508 0
103 537 0
104 191 0
104 410 0
105 320 0
105 429 0
106 164 0
106 258 0
106 362 0
106 510 0
108 417 0
109 555 0
110 160 0
110 245 0
110 400 0
110 489 0
112 329 0
113 285 0
113 290 0
113 420 0
114 140 0
115 463 0
116 578 0
117 140 0
117 275 0
117 280 0
117 371 0
118 523 0
120 256 0
122 214 0
122 282 0
122 503 0
122 577 0
123 399 0
124 477 0
126 330 0
127 305 0
128 354 0
128 388 0
128 563 0
128 580 0
128 594 0
129 382 0
129 463 0
130 438 0
131 330 0
132 148 0
133 434 0
134 305 0
135 305 0
135 316 0
135 372 0
136 426 0
137 164 0
137 345 0
137 389 0
137 420 0
137 429 0
138 365 0
140 154 0
140 156 0
140 242 0
141 365 0
142 438 0
143 582 0
144 406 0
145 226 0
146 292 0
146 374 0
146 454 0
146 565 0
147 516 0
148 184 0
148 513 0
149 299 0
151 381 0
151 508 0
151 516 0
152 426 0
153 406 0
154 320 0
154 557 0
157 557 0
159 558 0
160 194 0
160 331 0
160 518 0
161 172 0
161 450 0
161 482 0
161 554 0
162 422 0
162 467 0
163 393 0
164 226 0
164 399 0
165 345 0
165 455 0
165 488 0
166 261 0
166 557 0
168 240 0
168 391 0
168 437 0
168 502 0
169 514 0
170 188 0
171 182 0
171 378 0
171 589 0
172 197 0
173 261 0
174 293 0
174 299 0
174 379 0
174 414 0
175 264 0
175 333 0
175 379 0
175 495 0
177 521 0
178 532 0
179 263 0
180 256 0
184 197 0
184 435 0
185 451 0
185 569 0
186 588 0
187 296 0
188 235 0
188 236 0
188 584 0
188 595 0
189 516 0
190 329 0
191 575 0
192 320 0
193 291 0
193 373 0
193 409 0
194 357 0
195 372 0
197 432 0
197 505 0
197 585 0
198 342 0
198 433 0
198 561 0
198 562 0
199 260 0
200 311 0
200 338 0
200 597 0
201 207 0
202 259 0
202 315 0
202 376 0
203 260 0
203 275 0
204 537 0
205 224 0
205 281 0
205 440 0
205 443 0
206 462 0
206 558 0
206 573 0
207 248 0
207 452 0
208 265 0
208 334 0
208 471 0
209 218 0
210 260 0
211 279 0
212 217 0
212 230 0
212 459 0
213 477 0
215 265 0
218 298 0
218 363 0
218 394 0
218 448 0
219 557 0
221 265 0
222 358 0
223 297 0
223 507 0
223 570 0
223 571 0
224 511 0
225 261 0
226 431 0
226 493 0
227 333 0
227 536 0
228 319 0
232 279 0
233 300 0
233 358 0
233 365 0
233 533 0
233 544 0
234 399 0
235 263 0
235 414 0
237 366 0
239 312 0
241 320 0
242 280 0
242 385 0
242 477 0
243 310 0
244 277 0
245 541 0
246 430 0
247 428 0
250 558 0
251 279 0
252 435 0
253 430 0
254 300 0
255 511 0
257 398 0
260 475 0
260 540 0
261 474 0
261 531 0
261 545 0
262 389 0
262 404 0
262 530 0
262 566 0
263 392 0
263 594 0
265 345 0
266 463 0
267 434 0
268 552 0
270 470 0
271 329 0
272 290 0
272 522 0
272 543 0
272 571 0
272 584 0
273 378 0
273 490 0
273 551 0
274 393 0
275 481 0
276 500 0
277 286 0
277 323 0
278 514 0
280 370 0
281 385 0
281 430 0
284 365 0
287 410 0
288 480 0
289 410 0
289 462 0
290 371 0
290 382 0
292 352 0
292 402 0
292 427 0
292 538 0
293 421 0
293 572 0
295 450 0
295 534 0
296 522 0
296 548 0
296 591 0
298 320 0
298 338 0
299 460 0
299 487 0
300 413 0
300 492 0
302 410 0
304 438 0
304 514 0
305 347 0
305 545 0
306 380 0
306 427 0
306 579 0
308 380 0
308 496 0
308 519 0
310 318 0
310 345 0
310 364 0
310 437 0
312 458 0
312 472 0
312 585 0
313 558 0
314 538 0
316 366 0
316 381 0
316 385 0
316 473 0
319 553 0
319 586 0
321 551 0
323 372 0
323 508 0
323 583 0
324 352 0
325 555 0
326 375 0
326 519 0
326 555 0
326 573 0
327 552 0
328 434 0
328 577 0
329 476 0
330 350 0
331 344 0
331 431 0
331 456 0
333 541 0
334 352 0
334 480 0
334 540 0
335 537 0
336 410 0
337 511 0
337 578 0
338 414 0
338 516 0
338 532 0
340 358 0
341 417 0
346 425 0
348 402 0
348 423 0
348 468 0
349 538 0
351 428 0
352 599 0
355 470 0
357 473 0
357 502 0
359 366 0
360 471 0
363 428 0
363 481 0
366 574 0
367 490 0
368 500 0
369 381 0
371 405 0
371 408 0
372 394 0
372 544 0
373 480 0
375 429 0
375 495 0
375 549 0
377 502 0
377 520 0
377 545 0
377 577 0
378 533 0
378 552 0
378 558 0
379 507 0
380 540 0
380 591 0
381 389 0
381 525 0
382 549 0
383 435 0
384 426 0
385 574 0
385 598 0
386 478 0
388 502 0
388 573 0
389 500 0
393 515 0
393 574 0
394 478 0
396 471 0
397 496 0
398 545 0
407 471 0
411 538 0
414 598 0
415 486 0
416 496 0
417 531 0
418 578 0
419 516 0
420 532 0
425 501 0
425 567 0
425 591 0
426 571 0
427 476 0
428 437 0
431 437 0
434 577 0
438 549 0
438 587 0
439 511 0
442 536 0
444 514 0
445 532 0
446 526 0
449 532 0
450 522 0
460 478 0
462 491 0
463 464 0
463 586 0
465 511 0
470 499 0
471 584 0
476 536 0
477 479 0
480 507 0
480 529 0
480 556 0
481 539 0
481 568 0
483 573 0
490 502 0
490 507 0
490 517 0
490 531 0
496 586 0
501 541 0
502 595 0
504 526 0
508 520 0
508 561 0
509 523 0
512 551 0
514 540 0
518 543 0
518 594 0
519 576 0
520 541 0
520 579 0
521 550 0
521 564 0
523 584 0
524 526 0
526 577 0
527 536 0
533 598 0
535 582 0
541 585 0
544 555 0
555 600 0
557 574 0
557 595 0
564 582 0
579 598 0
