600 712 0
1 59 0
1 484 0
1 508 0
2 224 0
3 148 0
4 125 0
5 290 0
6 70 0
6 98 0
6 253 0
6 423 0
7 598 0
8 42 0
9 513 0
10 16 0
10 32 0
10 83 0
10 309 0
10 480 0
11 212 0
11 388 0
11 406 0
11 584 0
12 505 0
13 128 0
13 182 0
13 295 0
14 148 0
14 203 0
14 549 0
15 517 0
16 44 0
16 186 0
16 229 0
17 65 0
17 403 0
17 549 0
17 554 0
18 55 0
18 62 0
18 201 0
18 300 0
19 33 0
19 323 0
19 338 0
19 377 0
19 573 0
19 579 0
20 213 0
21 83 0
21 181 0
21 278 0
21 583 0
22 73 0
22 182 0
22 226 0
22 290 0
23 579 0
24 79 0
24 218 0
24 254 0
24 347 0
24 431 0
25 53 0
25 106 0
25 166 0
25 236 0
26 275 0
27 61 0
28 77 0
28 130 0
28 235 0
28 573 0
29 138 0
29 309 0
29 387 0
29 409 0
30 65 0
30 126 0
30 151 0
30 473 0
31 209 0
31 217 0
31 316 0
31 572 0
32 395 0
32 539 0
32 555 0
32 587 0
33 93 0
33 137 0
34 277 0
34 415 0
34 433 0
35 222 0
35 270 0
35 371 0
35 564 0
36 99 0
36 166 0
36 211 0
36 535 0
37 204 0
38 508 0
39 359 0
40 440 0
41 568 0
42 54 0
42 339 0
42 399 0
42 576 0
43 574 0
45 527 0
46 540 0
47 275 0
48 119 0
49 444 0
50 277 0
51 176 0
52 592 0
53 219 0
53 354 0
53 530 0
54 132 0
54 220 0
54 338 0
56 81 0
57 97 0
57 144 0
57 227 0
57 504 0
57 529 0
57 582 0
58 124 0
59 112 0
59 250 0
59 349 0
59 578 0
60 489 0
61 164 0
61 288 0
61 443 0
63 152 0
63 338 0
63 551 0
64 110 0
64 213 0
64 338 0
64 427 0
65 176 0
65 203 0
65 279 0
66 218 0
67 283 0
68 433 0
69 107 0
69 160 0
69 292 0
69 470 0
71 301 0
71 354 0
71 505 0
71 518 0
72 137 0
73 169 0
73 220 0
73 256 0
73 390 0
74 440 0
75 86 0
76 80 0
78 203 0
79 120 0
79 163 0
79 175 0
79 588 0
80 157 0
80 364 0
80 488 0
81 100 0
81 103 0
81 160 0
81 468 0
82 204 0
83 181 0
84 115 0
84 149 0
84 482 0
84 516 0
85 129 0
85 132 0
85 354 0
85 445 0
86 165 0
86 458 0
86 471 0
87 433 0
88 462 0
89 417 0
90 418 0
91 362 0
92 560 0
93 119 0
93 125 0
93 223 0
93 455 0
93 503 0
94 306 0
95 517 0
96 189 0
97 148 0
97 479 0
101 132 0
102 108 0
102 276 0
102 357 0
102 467 0
102 501 0
102 521 0
103 226 0
103 252 0
103 255 0
104 581 0
105 387 0
106 249 0
106 310 0
106 549 0
107 295 0
107 348 0
107 461 0
108 432 0
108 503 0
108 581 0
109 455 0
110 247 0
110 271 0
110 376 0
111 592 0
113 507 0
114 394 0
114 430 0
114 461 0
115 162 0
115 366 0
115 420 0
116 181 0
116 197 0
116 261 0
116 360 0
117 295 0
118 347 0
119 326 0
119 368 0
119 521 0
120 147 0
120 162 0
120 173 0
121 430 0
122 440 0
122 446 0
122 462 0
122 537 0
123 505 0
123 518 0
123 560 0
124 274 0
124 403 0
124 589 0
125 419 0
125 499 0
127 253 0
127 353 0
127 428 0
127 464 0
127 532 0
128 315 0
128 327 0
128 392 0
128 591 0
129 205 0
129 524 0
129 575 0
131 132 0
132 487 0
133 359 0
134 194 0
135 165 0
135 211 0
135 236 0
135 392 0
136 287 0
136 355 0
136 363 0
136 554 0
137 268 0
137 399 0
137 410 0
138 232 0
138 296 0
138 448 0
138 501 0
139 430 0
140 374 0
140 412 0
140 454 0
140 521 0
141 418 0
142 298 0
143 280 0
145 318 0
145 413 0
145 481 0
145 523 0
146 147 0
146 236 0
146 267 0
147 496 0
147 497 0
148 393 0
148 504 0
150 480 0
152 250 0
152 258 0
152 551 0
153 432 0
154 224 0
155 577 0
156 377 0
158 193 0
159 280 0
160 446 0
161 313 0
162 249 0
162 311 0
163 295 0
163 503 0
164 168 0
164 280 0
164 348 0
165 215 0
165 508 0
166 366 0
167 263 0
167 304 0
167 325 0
167 599 0
168 372 0
168 391 0
168 590 0
170 427 0
171 176 0
172 427 0
173 221 0
173 321 0
173 405 0
174 204 0
174 442 0
174 537 0
174 560 0
176 223 0
177 193 0
178 394 0
179 367 0
180 463 0
181 431 0
181 570 0
181 592 0
182 279 0
182 317 0
182 365 0
183 290 0
184 568 0
185 277 0
186 275 0
186 521 0
187 255 0
188 281 0
188 451 0
188 552 0
189 209 0
189 269 0
189 515 0
190 224 0
191 323 0
192 215 0
192 319 0
192 504 0
193 211 0
193 597 0
194 214 0
194 228 0
194 370 0
194 392 0
194 522 0
195 262 0
195 272 0
195 311 0
195 483 0
196 598 0
198 255 0
198 281 0
198 451 0
199 475 0
200 277 0
201 265 0
201 495 0
201 570 0
202 207 0
202 302 0
202 314 0
202 416 0
203 353 0
203 373 0
204 421 0
206 445 0
208 306 0
208 444 0
208 466 0
208 540 0
209 219 0
209 475 0
210 552 0
211 600 0
213 356 0
213 538 0
214 306 0
214 338 0
215 257 0
215 402 0
216 579 0
218 441 0
218 531 0
218 545 0
219 250 0
219 364 0
220 297 0
223 553 0
224 235 0
224 373 0
225 241 0
226 236 0
226 300 0
226 371 0
227 253 0
227 301 0
228 427 0
228 554 0
230 518 0
231 243 0
231 294 0
231 364 0
231 519 0
233 417 0
234 388 0
234 446 0
234 526 0
235 401 0
235 598 0
236 429 0
236 503 0
236 551 0
237 246 0
238 424 0
238 485 0
238 508 0
239 323 0
240 479 0
241 293 0
241 452 0
241 465 0
242 445 0
244 451 0
245 409 0
246 285 0
246 304 0
246 426 0
246 533 0
248 319 0
249 401 0
249 466 0
250 526 0
251 354 0
251 403 0
251 415 0
252 322 0
252 352 0
252 542 0
253 466 0
253 594 0
254 265 0
254 335 0
255 299 0
255 493 0
255 569 0
259 424 0
260 594 0
264 267 0
265 308 0
265 332 0
265 429 0
266 366 0
267 291 0
267 346 0
267 531 0
268 446 0
268 461 0
273 495 0
275 303 0
275 504 0
277 369 0
279 313 0
280 546 0
281 299 0
281 364 0
281 449 0
281 477 0
282 461 0
283 378 0
283 447 0
283 485 0
283 494 0
284 297 0
286 446 0
289 462 0
290 509 0
295 556 0
297 311 0
297 320 0
297 491 0
298 388 0
298 396 0
298 431 0
298 494 0
298 565 0
299 581 0
300 581 0
301 337 0
301 342 0
301 567 0
302 503 0
302 507 0
302 513 0
304 417 0
304 530 0
305 446 0
306 307 0
306 381 0
307 480 0
307 568 0
309 310 0
309 531 0
310 516 0
310 537 0
310 570 0
311 319 0
311 336 0
312 420 0
313 344 0
313 485 0
313 501 0
319 396 0
319 528 0
319 547 0
320 367 0
320 600 0
323 548 0
323 567 0
324 463 0
328 489 0
329 568 0
330 540 0
331 394 0
333 409 0
334 463 0
335 361 0
335 382 0
335 407 0
335 465 0
336 579 0
336 592 0
338 504 0
338 549 0
340 552 0
341 479 0
342 409 0
342 592 0
343 427 0
345 455 0
347 367 0
348 351 0
348 549 0
348 571 0
350 495 0
351 394 0
351 433 0
351 577 0
353 468 0
353 505 0
354 412 0
354 582 0
358 560 0
359 481 0
359 506 0
362 371 0
362 434 0
362 525 0
366 457 0
366 566 0
367 401 0
367 586 0
369 424 0
369 517 0
369 570 0
371 415 0
373 508 0
375 444 0
377 459 0
377 558 0
379 417 0
380 579 0
383 540 0
384 439 0
385 451 0
386 600 0
387 561 0
387 596 0
388 466 0
388 489 0
389 574 0
392 553 0
395 503 0
395 594 0
396 455 0
397 553 0
398 577 0
399 527 0
399 537 0
400 513 0
401 481 0
403 430 0
403 568 0
404 507 0
408 475 0
409 534 0
409 551 0
411 462 0
412 418 0
412 479 0
414 424 0
415 557 0
418 486 0
420 492 0
420 541 0
422 484 0
424 571 0
425 574 0
426 442 0
426 526 0
429 505 0
430 576 0
432 436 0
432 536 0
433 437 0
435 594 0
438 518 0
439 485 0
439 500 0
439 563 0
440 460 0
442 456 0
442 543 0
444 595 0
445 453 0
446 514 0
446 571 0
446 576 0
450 517 0
451 531 0
461 559 0
463 524 0
463 554 0
465 530 0
465 552 0
469 600 0
472 553 0
474 508 0
475 567 0
476 581 0
478 553 0
479 512 0
480 502 0
481 484 0
484 494 0
485 530 0
489 510 0
490 581 0
495 550 0
498 577 0
505 522 0
507 511 0
513 524 0
513 585 0
516 568 0
520 527 0
522 540 0
526 580 0
526 582 0
527 562 0
544 598 0
554 574 0
560 593 0
573 598 0
