180 242 0
1 49 0
1 113 0
2 127 0
2 168 0
3 74 0
4 21 0
4 52 0
5 12 0
5 71 0
5 95 0
5 141 0
5 158 0
6 130 0
7 145 0
8 77 0
9 40 0
9 62 0
9 114 0
9 157 0
9 179 0
10 25 0
10 62 0
11 17 0
13 57 0
13 64 0
14 81 0
14 83 0
14 112 0
15 65 0
15 79 0
15 134 0
15 159 0
16 153 0
17 22 0
17 80 0
17 87 0
17 129 0
17 151 0
17 167 0
18 70 0
18 122 0
19 164 0
20 113 0
21 153 0
22 47 0
22 50 0
22 85 0
22 150 0
23 95 0
23 165 0
24 43 0
24 109 0
24 134 0
24 180 0
25 57 0
25 62 0
25 98 0
26 119 0
26 126 0
26 147 0
26 178 0
27 61 0
27 105 0
27 134 0
27 152 0
28 61 0
28 69 0
29 39 0
29 60 0
29 72 0
29 142 0
30 32 0
30 69 0
30 79 0
31 32 0
31 50 0
31 76 0
31 104 0
31 108 0
32 167 0
33 71 0
33 78 0
33 85 0
33 171 0
34 67 0
34 102 0
34 128 0
34 173 0
35 59 0
35 73 0
35 173 0
35 177 0
36 106 0
37 142 0
37 172 0
38 42 0
40 66 0
40 118 0
41 79 0
41 82 0
41 122 0
42 133 0
42 148 0
42 170 0
44 50 0
44 108 0
45 145 0
46 106 0
47 91 0
47 94 0
47 113 0
47 121 0
47 149 0
48 135 0
49 129 0
50 95 0
50 132 0
50 166 0
51 100 0
51 110 0
51 118 0
52 66 0
52 71 0
52 101 0
53 66 0
53 96 0
53 110 0
53 115 0
53 126 0
54 89 0
55 135 0
56 129 0
57 98 0
58 114 0
58 140 0
60 115 0
61 63 0
61 123 0
61 148 0
62 123 0
62 153 0
63 125 0
63 150 0
64 105 0
64 156 0
64 176 0
66 159 0
68 153 0
69 91 0
69 173 0
70 74 0
71 150 0
72 89 0
72 125 0
72 129 0
72 138 0
74 111 0
74 141 0
74 143 0
74 152 0
75 89 0
77 78 0
77 134 0
77 160 0
77 169 0
78 138 0
78 155 0
79 120 0
79 175 0
80 93 0
80 117 0
80 154 0
80 155 0
82 137 0
82 144 0
82 152 0
82 175 0
83 169 0
84 123 0
84 164 0
86 140 0
87 97 0
88 112 0
89 103 0
90 168 0
91 166 0
92 128 0
92 143 0
92 168 0
93 106 0
93 125 0
93 164 0
97 122 0
97 136 0
99 130 0
100 140 0
101 163 0
105 131 0
105 159 0
105 168 0
106 139 0
107 127 0
107 165 0
107 167 0
108 125 0
108 135 0
108 139 0
108 165 0
111 117 0
111 131 0
111 155 0
112 148 0
112 149 0
112 172 0
113 138 0
113 161 0
115 126 0
116 172 0
117 141 0
118 124 0
118 161 0
119 157 0
119 174 0
120 130 0
122 126 0
123 126 0
123 173 0
126 166 0
127 172 0
129 146 0
130 148 0
131 151 0
131 166 0
134 166 0
135 162 0
136 145 0
140 161 0
143 179 0
145 152 0
150 161 0
163 164 0
165 174 0
