900 1079 0
1 55 0
1 91 0
1 798 0
2 328 0
2 572 0
2 769 0
3 339 0
4 546 0
5 410 0
6 617 0
7 307 0
8 46 0
8 201 0
8 207 0
8 273 0
9 838 0
10 588 0
10 661 0
10 708 0
10 735 0
10 765 0
11 199 0
11 289 0
11 436 0
12 343 0
13 296 0
14 70 0
15 357 0
15 458 0
15 764 0
16 446 0
17 662 0
18 821 0
19 96 0
19 287 0
19 474 0
19 658 0
19 812 0
20 511 0
20 631 0
20 640 0
20 802 0
21 267 0
22 845 0
23 201 0
23 242 0
23 388 0
23 513 0
24 417 0
25 81 0
25 155 0
25 409 0
25 674 0
25 885 0
26 448 0
27 61 0
27 179 0
27 579 0
27 696 0
27 786 0
27 834 0
27 865 0
28 732 0
29 51 0
30 527 0
31 271 0
32 222 0
33 431 0
34 446 0
35 515 0
35 635 0
35 829 0
35 858 0
36 399 0
37 261 0
38 75 0
38 382 0
38 622 0
38 625 0
38 790 0
39 208 0
40 839 0
41 135 0
41 176 0
41 282 0
41 556 0
41 669 0
42 235 0
42 277 0
42 288 0
42 516 0
42 566 0
42 780 0
43 142 0
43 222 0
43 385 0
44 114 0
44 177 0
44 881 0
45 517 0
47 80 0
47 341 0
47 509 0
47 857 0
47 890 0
48 186 0
48 440 0
48 457 0
48 813 0
49 217 0
50 137 0
51 84 0
51 158 0
51 538 0
52 378 0
52 504 0
52 613 0
52 689 0
52 743 0
53 79 0
54 287 0
55 70 0
55 111 0
55 580 0
56 804 0
57 142 0
58 845 0
59 216 0
59 234 0
59 499 0
59 648 0
60 112 0
60 271 0
60 516 0
60 665 0
60 745 0
61 74 0
61 431 0
61 544 0
62 204 0
63 846 0
64 420 0
64 506 0
64 627 0
64 709 0
64 777 0
65 751 0
66 105 0
66 289 0
66 773 0
66 882 0
67 406 0
68 303 0
69 184 0
70 334 0
70 363 0
70 493 0
71 135 0
71 336 0
71 410 0
72 396 0
73 693 0
74 254 0
74 329 0
74 677 0
74 736 0
75 139 0
75 456 0
75 778 0
75 804 0
76 541 0
77 188 0
77 336 0
77 403 0
77 614 0
78 646 0
79 707 0
79 793 0
79 831 0
82 731 0
83 311 0
85 352 0
86 241 0
86 514 0
86 566 0
86 836 0
87 176 0
87 298 0
87 389 0
87 412 0
87 498 0
88 328 0
88 427 0
88 810 0
89 436 0
90 531 0
91 101 0
91 443 0
91 483 0
92 477 0
93 680 0
94 445 0
95 112 0
96 320 0
96 321 0
96 843 0
97 899 0
98 814 0
99 216 0
99 337 0
99 530 0
99 758 0
99 870 0
100 535 0
100 585 0
100 610 0
100 655 0
101 128 0
101 778 0
101 822 0
101 894 0
102 239 0
102 538 0
102 605 0
102 780 0
103 812 0
104 257 0
105 232 0
105 463 0
105 670 0
105 775 0
106 153 0
107 256 0
108 356 0
109 548 0
109 618 0
109 820 0
109 876 0
110 223 0
111 235 0
111 314 0
111 319 0
111 550 0
112 540 0
112 653 0
113 657 0
114 135 0
114 165 0
114 364 0
114 435 0
114 705 0
115 167 0
116 665 0
117 217 0
118 652 0
119 148 0
119 268 0
119 781 0
119 836 0
120 699 0
121 261 0
122 189 0
123 744 0
124 285 0
124 342 0
124 361 0
124 467 0
125 184 0
126 396 0
127 167 0
128 640 0
128 680 0
129 320 0
130 268 0
131 894 0
132 227 0
133 448 0
134 458 0
134 669 0
134 761 0
134 859 0
135 277 0
135 643 0
135 780 0
136 481 0
137 314 0
137 629 0
137 728 0
138 691 0
139 226 0
139 302 0
139 400 0
140 888 0
141 208 0
142 206 0
142 401 0
142 644 0
143 871 0
144 477 0
145 156 0
146 582 0
147 313 0
147 373 0
147 657 0
147 895 0
148 589 0
148 644 0
148 698 0
149 471 0
149 490 0
149 528 0
149 547 0
149 702 0
150 868 0
151 362 0
152 278 0
152 382 0
152 630 0
152 849 0
153 159 0
153 612 0
153 614 0
153 730 0
154 212 0
154 474 0
154 594 0
154 834 0
155 427 0
155 899 0
156 376 0
156 715 0
156 842 0
157 484 0
158 187 0
158 267 0
158 667 0
158 788 0
158 860 0
160 296 0
161 601 0
161 716 0
161 717 0
161 803 0
162 413 0
163 319 0
163 488 0
163 496 0
163 830 0
164 213 0
164 379 0
164 486 0
164 759 0
165 291 0
165 517 0
166 804 0
167 179 0
167 485 0
168 328 0
169 474 0
170 695 0
171 314 0
171 484 0
171 538 0
172 182 0
173 624 0
174 436 0
174 467 0
174 543 0
175 373 0
176 191 0
176 322 0
177 194 0
177 241 0
177 399 0
177 714 0
177 867 0
178 198 0
179 212 0
179 303 0
179 877 0
180 289 0
181 448 0
182 380 0
182 432 0
182 465 0
183 204 0
184 368 0
184 532 0
184 655 0
185 646 0
187 470 0
187 881 0
188 203 0
188 566 0
188 569 0
188 754 0
189 201 0
189 330 0
189 644 0
189 763 0
190 215 0
191 248 0
191 468 0
191 638 0
191 787 0
192 280 0
193 203 0
193 440 0
193 616 0
193 683 0
194 336 0
194 764 0
195 355 0
196 580 0
197 742 0
198 308 0
198 374 0
198 684 0
198 757 0
199 360 0
199 464 0
199 470 0
199 501 0
200 280 0
200 322 0
200 365 0
201 323 0
202 519 0
202 614 0
202 816 0
202 861 0
203 544 0
204 350 0
204 648 0
205 326 0
206 546 0
206 605 0
206 754 0
206 818 0
208 466 0
208 594 0
208 708 0
208 855 0
209 531 0
209 550 0
209 757 0
210 665 0
210 686 0
210 810 0
211 752 0
212 458 0
212 466 0
212 763 0
212 808 0
214 446 0
215 426 0
215 495 0
215 557 0
215 648 0
216 745 0
217 262 0
217 869 0
218 872 0
219 772 0
220 744 0
221 755 0
222 408 0
222 681 0
222 758 0
222 797 0
223 231 0
223 591 0
223 668 0
223 694 0
223 803 0
223 851 0
224 414 0
225 714 0
227 418 0
227 707 0
227 896 0
228 322 0
229 624 0
230 850 0
231 718 0
231 886 0
233 356 0
235 354 0
235 471 0
235 672 0
236 467 0
236 563 0
236 573 0
236 576 0
237 410 0
238 873 0
239 403 0
239 570 0
239 874 0
240 572 0
240 624 0
240 836 0
240 845 0
241 638 0
241 674 0
241 759 0
243 257 0
244 328 0
245 371 0
245 689 0
245 700 0
245 705 0
246 645 0
247 572 0
249 267 0
250 406 0
251 272 0
252 539 0
253 417 0
255 318 0
256 556 0
256 666 0
256 780 0
257 490 0
257 779 0
258 364 0
258 550 0
258 839 0
259 365 0
259 375 0
259 550 0
259 555 0
259 579 0
260 742 0
261 441 0
261 705 0
262 313 0
262 316 0
262 377 0
263 358 0
263 512 0
263 523 0
263 898 0
264 695 0
265 867 0
266 269 0
267 712 0
268 374 0
268 739 0
269 275 0
269 367 0
269 554 0
270 303 0
271 315 0
271 587 0
272 372 0
272 492 0
272 542 0
272 633 0
273 699 0
273 803 0
274 299 0
274 300 0
274 363 0
276 539 0
277 544 0
277 564 0
277 808 0
278 546 0
278 803 0
279 321 0
280 305 0
280 565 0
281 695 0
282 417 0
282 693 0
282 868 0
283 377 0
284 357 0
286 651 0
287 439 0
287 592 0
287 824 0
288 364 0
288 409 0
288 798 0
289 701 0
289 880 0
290 291 0
291 534 0
291 641 0
292 611 0
293 390 0
294 527 0
295 899 0
296 590 0
296 801 0
297 395 0
299 435 0
299 579 0
299 840 0
299 854 0
300 556 0
300 723 0
300 832 0
300 852 0
301 474 0
303 828 0
303 855 0
304 755 0
306 531 0
307 329 0
307 369 0
307 795 0
309 414 0
310 645 0
311 619 0
311 667 0
311 707 0
312 812 0
313 571 0
313 779 0
314 356 0
314 612 0
314 806 0
314 877 0
316 460 0
316 475 0
316 704 0
316 889 0
317 691 0
318 687 0
318 779 0
318 783 0
319 321 0
319 751 0
320 479 0
320 503 0
320 679 0
321 609 0
321 889 0
322 561 0
322 599 0
322 669 0
323 564 0
323 679 0
323 722 0
324 814 0
325 873 0
326 331 0
326 542 0
326 584 0
326 819 0
327 517 0
327 743 0
327 899 0
328 508 0
328 746 0
328 852 0
328 890 0
329 349 0
329 886 0
332 580 0
333 781 0
335 362 0
336 352 0
336 454 0
336 772 0
338 355 0
339 434 0
339 452 0
339 591 0
339 637 0
339 852 0
340 444 0
341 699 0
341 733 0
343 358 0
343 770 0
343 809 0
344 605 0
345 472 0
346 399 0
347 686 0
348 798 0
349 500 0
349 567 0
349 659 0
349 818 0
351 649 0
352 682 0
352 856 0
353 657 0
354 367 0
354 510 0
354 538 0
354 542 0
355 435 0
355 720 0
356 689 0
356 825 0
357 560 0
357 630 0
358 507 0
358 718 0
358 745 0
359 390 0
362 661 0
362 799 0
363 514 0
363 646 0
363 798 0
364 396 0
364 575 0
364 695 0
365 454 0
365 894 0
366 731 0
367 431 0
367 769 0
368 645 0
368 807 0
368 815 0
368 886 0
370 454 0
373 482 0
373 891 0
374 427 0
377 516 0
377 632 0
380 518 0
380 731 0
380 778 0
381 821 0
382 590 0
383 651 0
384 812 0
385 405 0
385 478 0
385 581 0
385 673 0
386 450 0
387 396 0
390 452 0
390 634 0
391 814 0
392 895 0
393 514 0
393 680 0
393 722 0
394 651 0
395 535 0
395 595 0
395 760 0
396 500 0
396 708 0
397 548 0
397 626 0
397 656 0
397 734 0
397 870 0
398 484 0
399 552 0
402 749 0
403 821 0
403 839 0
404 497 0
404 679 0
404 817 0
404 847 0
405 414 0
405 615 0
405 872 0
406 640 0
406 782 0
407 425 0
408 495 0
408 652 0
409 692 0
410 858 0
411 450 0
412 546 0
412 638 0
412 714 0
413 507 0
413 674 0
413 709 0
413 892 0
414 706 0
415 807 0
416 691 0
417 725 0
419 663 0
421 767 0
422 764 0
423 686 0
424 654 0
425 461 0
425 608 0
425 758 0
427 722 0
427 775 0
427 844 0
428 895 0
429 472 0
430 749 0
431 568 0
431 843 0
433 692 0
435 450 0
436 526 0
436 541 0
436 607 0
437 693 0
438 652 0
439 718 0
439 857 0
439 882 0
440 749 0
440 836 0
442 691 0
442 754 0
442 881 0
442 883 0
444 534 0
444 621 0
444 633 0
444 719 0
444 763 0
445 590 0
445 647 0
445 826 0
446 470 0
447 888 0
448 655 0
448 743 0
449 675 0
450 811 0
451 883 0
452 484 0
452 569 0
453 860 0
454 500 0
454 791 0
455 654 0
456 517 0
456 775 0
458 649 0
458 651 0
458 857 0
459 718 0
462 822 0
464 658 0
464 822 0
466 539 0
466 582 0
467 527 0
467 569 0
468 772 0
468 778 0
469 792 0
470 658 0
470 767 0
471 842 0
472 540 0
472 685 0
472 858 0
473 520 0
476 663 0
477 612 0
477 666 0
477 674 0
480 543 0
481 558 0
481 759 0
481 853 0
487 772 0
489 556 0
489 756 0
489 768 0
489 877 0
490 633 0
491 897 0
494 846 0
495 662 0
495 858 0
502 733 0
505 662 0
507 546 0
508 839 0
508 897 0
510 543 0
510 662 0
510 873 0
514 548 0
514 627 0
517 565 0
517 596 0
518 536 0
518 593 0
518 688 0
518 721 0
520 603 0
520 710 0
520 757 0
520 864 0
521 663 0
522 744 0
524 732 0
525 693 0
527 878 0
528 643 0
528 675 0
528 899 0
529 752 0
531 722 0
533 845 0
534 755 0
534 810 0
535 569 0
535 671 0
537 645 0
538 588 0
539 738 0
540 731 0
541 788 0
541 792 0
542 733 0
543 598 0
543 688 0
543 815 0
544 838 0
545 806 0
546 727 0
546 862 0
548 652 0
549 792 0
550 663 0
550 871 0
551 671 0
553 767 0
555 566 0
555 710 0
555 895 0
559 654 0
561 566 0
561 663 0
562 572 0
564 778 0
564 787 0
564 886 0
565 672 0
565 846 0
566 571 0
568 611 0
568 649 0
571 658 0
571 810 0
572 747 0
574 575 0
575 664 0
575 729 0
577 749 0
578 894 0
580 661 0
582 594 0
582 863 0
583 692 0
586 769 0
588 781 0
590 654 0
590 658 0
591 665 0
594 850 0
597 821 0
600 731 0
602 649 0
604 692 0
605 713 0
605 740 0
606 850 0
611 668 0
611 779 0
611 787 0
614 888 0
615 707 0
615 758 0
615 808 0
617 774 0
617 803 0
617 887 0
620 699 0
623 806 0
624 748 0
627 744 0
627 752 0
628 838 0
630 699 0
630 788 0
633 781 0
636 860 0
639 868 0
640 810 0
640 897 0
642 764 0
643 743 0
643 858 0
646 796 0
648 810 0
649 710 0
650 714 0
657 900 0
658 870 0
660 873 0
661 773 0
666 821 0
667 894 0
668 767 0
671 775 0
671 805 0
672 773 0
672 788 0
675 724 0
675 737 0
676 871 0
678 755 0
679 692 0
680 759 0
686 705 0
686 884 0
688 742 0
690 752 0
697 888 0
699 837 0
699 855 0
703 807 0
709 733 0
711 872 0
718 800 0
722 732 0
726 881 0
732 784 0
741 860 0
742 743 0
744 818 0
745 803 0
745 808 0
750 846 0
751 776 0
751 866 0
753 867 0
754 890 0
757 773 0
757 814 0
762 839 0
764 842 0
766 850 0
767 843 0
769 879 0
771 806 0
772 827 0
785 798 0
789 883 0
794 871 0
804 841 0
807 819 0
807 875 0
815 895 0
819 882 0
822 848 0
823 882 0
833 883 0
834 897 0
835 868 0
838 890 0
842 850 0
842 886 0
867 889 0
872 893 0
