600 637 0
1 27 0
1 387 0
1 404 0
1 505 0
2 401 0
3 40 0
3 104 0
3 334 0
3 363 0
4 387 0
5 39 0
5 155 0
5 317 0
5 326 0
6 48 0
7 577 0
8 72 0
9 387 0
10 154 0
10 193 0
10 306 0
10 584 0
11 23 0
12 228 0
12 263 0
12 455 0
12 519 0
12 528 0
13 572 0
14 52 0
14 389 0
14 418 0
14 486 0
15 369 0
16 511 0
17 137 0
18 186 0
18 213 0
18 447 0
18 499 0
19 235 0
20 105 0
21 97 0
22 186 0
23 79 0
23 212 0
23 590 0
24 147 0
24 180 0
24 511 0
24 532 0
25 297 0
25 302 0
25 415 0
26 94 0
27 74 0
27 446 0
27 472 0
28 29 0
28 278 0
28 460 0
28 524 0
30 239 0
31 145 0
31 251 0
31 374 0
31 492 0
32 88 0
33 261 0
34 161 0
35 76 0
35 107 0
35 155 0
35 567 0
36 374 0
37 59 0
37 166 0
37 277 0
37 287 0
37 330 0
38 334 0
39 65 0
39 534 0
40 66 0
40 85 0
40 189 0
41 394 0
42 170 0
43 176 0
43 383 0
43 398 0
43 483 0
44 600 0
45 276 0
45 316 0
45 331 0
45 367 0
46 311 0
46 316 0
46 368 0
46 385 0
47 117 0
47 441 0
47 445 0
47 494 0
48 157 0
48 246 0
48 548 0
49 274 0
50 90 0
51 425 0
53 526 0
54 265 0
55 575 0
56 571 0
57 329 0
57 392 0
57 499 0
57 553 0
58 96 0
58 183 0
58 303 0
58 475 0
60 535 0
61 370 0
62 328 0
63 168 0
64 521 0
65 190 0
65 235 0
67 442 0
68 251 0
69 148 0
69 193 0
69 275 0
69 357 0
70 112 0
70 307 0
70 325 0
70 379 0
70 579 0
71 242 0
72 100 0
72 151 0
72 201 0
73 370 0
74 290 0
74 488 0
74 542 0
75 113 0
76 371 0
76 436 0
76 512 0
77 161 0
78 304 0
80 281 0
81 252 0
82 441 0
83 251 0
84 113 0
84 131 0
84 396 0
84 495 0
84 591 0
86 300 0
86 373 0
86 494 0
86 504 0
86 572 0
86 578 0
87 551 0
88 167 0
88 247 0
88 590 0
89 235 0
90 210 0
90 519 0
90 533 0
91 397 0
92 527 0
93 159 0
93 194 0
93 195 0
93 255 0
93 406 0
94 130 0
94 166 0
94 373 0
94 583 0
95 190 0
95 259 0
95 407 0
95 464 0
95 515 0
96 302 0
96 550 0
96 590 0
97 240 0
97 569 0
97 584 0
98 117 0
99 376 0
101 215 0
101 218 0
101 310 0
101 548 0
102 394 0
103 339 0
104 405 0
104 446 0
104 518 0
105 406 0
105 467 0
105 518 0
106 505 0
107 366 0
107 421 0
107 561 0
108 145 0
109 575 0
110 578 0
111 553 0
113 390 0
113 580 0
114 339 0
115 475 0
116 430 0
117 256 0
117 382 0
118 296 0
118 442 0
118 518 0
119 442 0
120 514 0
121 447 0
122 374 0
123 445 0
124 354 0
125 397 0
126 170 0
126 401 0
126 476 0
126 571 0
127 171 0
127 442 0
127 572 0
128 283 0
128 434 0
128 513 0
128 520 0
129 337 0
131 251 0
131 404 0
132 152 0
132 205 0
132 257 0
132 275 0
132 347 0
133 396 0
134 505 0
135 572 0
136 285 0
137 380 0
137 432 0
137 518 0
138 190 0
138 491 0
138 516 0
138 547 0
138 579 0
139 334 0
140 474 0
141 354 0
142 300 0
142 384 0
142 532 0
143 369 0
144 376 0
145 287 0
145 305 0
146 374 0
147 302 0
147 461 0
147 554 0
149 363 0
150 354 0
151 161 0
151 296 0
151 531 0
153 155 0
153 304 0
153 551 0
153 570 0
154 265 0
154 442 0
154 493 0
154 529 0
154 540 0
155 313 0
155 344 0
156 376 0
158 231 0
159 242 0
159 296 0
159 397 0
160 430 0
161 173 0
162 279 0
163 314 0
164 314 0
165 420 0
166 254 0
166 314 0
168 284 0
168 500 0
168 506 0
169 532 0
170 343 0
170 509 0
171 174 0
171 208 0
171 466 0
171 563 0
172 290 0
174 349 0
174 521 0
175 220 0
177 180 0
178 495 0
179 285 0
180 449 0
180 478 0
181 544 0
182 261 0
183 292 0
183 377 0
183 586 0
184 482 0
185 239 0
185 339 0
185 426 0
185 430 0
186 253 0
186 583 0
186 587 0
187 560 0
188 220 0
190 575 0
191 488 0
192 337 0
193 244 0
193 452 0
196 219 0
197 324 0
197 437 0
197 537 0
197 554 0
198 244 0
199 475 0
200 441 0
202 392 0
203 553 0
204 372 0
204 399 0
204 503 0
204 504 0
206 364 0
207 290 0
208 233 0
208 369 0
208 494 0
209 300 0
211 329 0
213 232 0
213 291 0
213 541 0
214 268 0
214 353 0
214 405 0
214 414 0
216 290 0
217 369 0
219 400 0
219 405 0
219 594 0
220 340 0
220 472 0
221 304 0
222 565 0
223 473 0
224 392 0
225 488 0
226 570 0
227 588 0
229 251 0
230 495 0
231 241 0
231 347 0
231 351 0
233 458 0
233 487 0
233 556 0
234 568 0
235 403 0
235 590 0
236 493 0
237 452 0
238 505 0
239 248 0
239 538 0
242 312 0
242 417 0
243 345 0
244 429 0
244 457 0
245 358 0
249 345 0
250 445 0
252 348 0
252 410 0
252 552 0
254 306 0
254 316 0
254 520 0
256 294 0
256 406 0
258 568 0
260 349 0
261 468 0
261 520 0
262 571 0
263 420 0
263 479 0
264 482 0
265 356 0
265 408 0
266 444 0
267 281 0
269 384 0
270 452 0
271 592 0
272 474 0
273 559 0
274 284 0
274 378 0
274 443 0
275 422 0
278 296 0
278 358 0
278 588 0
279 409 0
279 418 0
279 462 0
280 531 0
281 465 0
281 584 0
282 542 0
284 341 0
284 499 0
285 422 0
285 566 0
286 308 0
286 438 0
286 498 0
286 503 0
287 407 0
288 526 0
289 384 0
293 364 0
294 344 0
294 407 0
294 415 0
294 422 0
294 519 0
295 551 0
296 306 0
297 306 0
297 313 0
297 446 0
298 396 0
299 420 0
300 320 0
301 521 0
302 591 0
303 362 0
303 416 0
303 433 0
304 593 0
309 544 0
313 494 0
313 499 0
314 335 0
315 425 0
316 527 0
318 588 0
319 477 0
321 482 0
322 544 0
323 477 0
325 447 0
325 499 0
327 370 0
328 402 0
328 519 0
328 539 0
329 574 0
329 597 0
332 394 0
333 565 0
334 454 0
334 540 0
336 531 0
337 395 0
337 469 0
337 583 0
338 401 0
339 352 0
341 427 0
341 529 0
341 530 0
341 598 0
342 430 0
344 358 0
345 347 0
345 435 0
346 397 0
347 492 0
348 349 0
348 384 0
348 426 0
349 350 0
354 550 0
355 452 0
358 489 0
359 559 0
360 600 0
361 444 0
363 502 0
363 510 0
364 463 0
364 554 0
365 384 0
370 398 0
373 527 0
375 531 0
376 472 0
381 401 0
386 441 0
387 388 0
391 532 0
392 523 0
393 542 0
394 550 0
395 476 0
395 535 0
395 577 0
396 453 0
398 476 0
398 514 0
404 543 0
404 599 0
405 504 0
405 521 0
406 584 0
407 479 0
407 565 0
411 535 0
412 577 0
413 493 0
415 476 0
415 492 0
418 492 0
418 560 0
419 521 0
420 484 0
420 520 0
422 425 0
422 474 0
423 514 0
424 493 0
425 490 0
426 446 0
426 579 0
428 577 0
431 568 0
439 570 0
440 567 0
444 548 0
444 564 0
445 549 0
447 581 0
448 511 0
450 479 0
451 542 0
456 600 0
459 479 0
461 559 0
461 568 0
461 600 0
470 571 0
471 570 0
472 575 0
473 545 0
473 555 0
473 584 0
474 540 0
475 536 0
477 497 0
477 503 0
480 551 0
481 553 0
482 550 0
485 535 0
488 562 0
495 525 0
496 567 0
501 527 0
503 591 0
507 592 0
508 559 0
511 546 0
514 522 0
517 560 0
518 526 0
526 589 0
529 592 0
532 557 0
544 579 0
548 591 0
554 592 0
558 572 0
560 585 0
565 573 0
567 582 0
576 588 0
578 595 0
578 596 0
