700 780 0
1 328 0
2 203 0
2 295 0
2 438 0
2 467 0
3 320 0
4 178 0
4 197 0
4 462 0
4 568 0
5 520 0
6 73 0
6 371 0
6 542 0
6 574 0
7 415 0
8 572 0
9 121 0
9 354 0
9 606 0
10 313 0
11 16 0
12 402 0
13 211 0
14 397 0
15 363 0
15 410 0
15 449 0
15 450 0
15 700 0
16 48 0
16 218 0
16 482 0
17 240 0
17 380 0
17 410 0
17 422 0
18 502 0
19 49 0
20 366 0
20 402 0
20 512 0
20 618 0
21 228 0
22 195 0
23 39 0
23 166 0
23 539 0
23 679 0
24 257 0
25 466 0
26 198 0
26 298 0
26 396 0
26 422 0
27 306 0
28 209 0
29 265 0
29 455 0
29 497 0
29 539 0
29 609 0
30 319 0
30 395 0
30 500 0
31 155 0
31 355 0
31 543 0
31 687 0
32 191 0
33 188 0
34 59 0
35 46 0
36 64 0
37 652 0
38 241 0
38 255 0
38 283 0
38 539 0
38 619 0
40 229 0
40 249 0
40 538 0
40 564 0
41 638 0
42 607 0
43 597 0
44 520 0
45 644 0
46 63 0
46 89 0
46 631 0
47 469 0
48 338 0
48 592 0
48 645 0
49 82 0
49 305 0
49 529 0
49 654 0
50 351 0
51 320 0
52 158 0
52 192 0
52 398 0
52 529 0
52 657 0
52 674 0
53 290 0
53 291 0
53 436 0
53 598 0
54 227 0
55 579 0
56 68 0
56 90 0
56 166 0
57 578 0
58 488 0
59 88 0
59 115 0
59 232 0
60 672 0
61 144 0
62 653 0
64 215 0
64 232 0
64 304 0
65 448 0
66 415 0
67 331 0
68 232 0
68 536 0
68 558 0
69 461 0
70 343 0
71 627 0
72 235 0
74 235 0
75 189 0
75 348 0
75 499 0
75 602 0
76 313 0
77 376 0
78 101 0
78 490 0
78 546 0
78 695 0
79 106 0
80 234 0
80 330 0
80 419 0
80 674 0
81 109 0
81 121 0
81 388 0
81 582 0
82 469 0
82 678 0
83 306 0
84 366 0
85 159 0
85 196 0
85 441 0
85 447 0
86 154 0
86 366 0
86 440 0
87 99 0
89 266 0
89 313 0
89 512 0
90 114 0
90 182 0
90 352 0
90 428 0
91 188 0
92 557 0
93 597 0
94 254 0
95 645 0
96 577 0
97 381 0
98 220 0
99 503 0
99 688 0
99 694 0
100 172 0
100 186 0
100 633 0
100 671 0
101 126 0
101 440 0
101 523 0
102 239 0
102 246 0
102 381 0
102 403 0
103 315 0
103 615 0
103 685 0
103 686 0
104 629 0
105 331 0
105 349 0
105 471 0
106 192 0
106 454 0
106 641 0
107 192 0
107 325 0
107 595 0
107 663 0
108 643 0
110 579 0
111 678 0
112 689 0
113 402 0
114 155 0
114 238 0
114 384 0
116 632 0
117 416 0
118 219 0
118 228 0
118 678 0
119 381 0
120 349 0
121 270 0
121 338 0
121 421 0
122 658 0
123 520 0
124 502 0
125 524 0
126 265 0
126 543 0
126 568 0
127 225 0
128 689 0
129 328 0
130 494 0
131 282 0
132 248 0
133 668 0
134 541 0
135 261 0
135 431 0
135 465 0
135 647 0
136 250 0
136 428 0
136 561 0
136 650 0
137 253 0
137 338 0
137 500 0
137 563 0
137 639 0
138 578 0
139 252 0
139 308 0
139 413 0
139 471 0
139 666 0
140 313 0
141 452 0
142 537 0
143 204 0
143 385 0
143 465 0
143 651 0
144 337 0
144 408 0
144 503 0
145 681 0
146 661 0
147 450 0
147 492 0
147 522 0
147 587 0
148 645 0
149 176 0
149 276 0
149 377 0
149 418 0
149 656 0
150 244 0
150 361 0
150 395 0
150 687 0
151 395 0
151 400 0
151 452 0
151 577 0
152 358 0
153 523 0
154 544 0
154 550 0
154 551 0
154 698 0
155 385 0
155 657 0
156 500 0
157 329 0
158 226 0
158 500 0
159 395 0
159 580 0
159 607 0
160 629 0
161 689 0
162 557 0
163 371 0
163 573 0
163 590 0
163 648 0
164 271 0
164 428 0
164 588 0
164 604 0
165 235 0
165 403 0
165 572 0
165 668 0
166 354 0
166 470 0
166 512 0
167 523 0
168 644 0
169 369 0
170 194 0
170 322 0
170 468 0
170 621 0
171 319 0
172 342 0
172 391 0
172 409 0
173 580 0
174 318 0
175 302 0
175 524 0
175 622 0
176 188 0
176 238 0
176 332 0
177 486 0
177 547 0
177 675 0
177 696 0
179 247 0
180 226 0
181 267 0
182 382 0
182 466 0
182 508 0
182 672 0
183 371 0
183 385 0
183 547 0
183 619 0
184 354 0
185 282 0
187 495 0
187 586 0
187 653 0
188 201 0
189 494 0
189 685 0
190 505 0
191 290 0
191 307 0
191 341 0
192 504 0
193 504 0
194 343 0
194 375 0
194 637 0
195 511 0
195 555 0
195 556 0
199 332 0
200 484 0
202 282 0
204 328 0
204 495 0
204 653 0
205 359 0
205 373 0
205 547 0
205 593 0
206 299 0
207 645 0
208 639 0
209 214 0
209 472 0
209 519 0
209 610 0
210 220 0
211 237 0
211 428 0
211 559 0
212 678 0
213 545 0
214 282 0
214 384 0
214 541 0
216 421 0
217 505 0
219 311 0
219 379 0
219 389 0
219 430 0
219 451 0
220 381 0
220 576 0
221 653 0
222 306 0
223 508 0
224 317 0
225 303 0
225 367 0
225 529 0
226 443 0
226 509 0
226 550 0
227 242 0
227 549 0
227 651 0
228 289 0
228 465 0
228 596 0
229 247 0
229 384 0
229 488 0
230 293 0
230 404 0
230 471 0
230 684 0
231 484 0
232 244 0
232 256 0
232 287 0
233 420 0
235 346 0
236 343 0
236 448 0
236 520 0
238 555 0
238 646 0
238 667 0
239 314 0
239 496 0
239 599 0
243 290 0
243 407 0
243 540 0
243 623 0
244 310 0
244 355 0
244 374 0
244 407 0
245 312 0
246 287 0
246 299 0
246 457 0
246 502 0
247 640 0
247 656 0
248 483 0
248 581 0
248 626 0
251 635 0
253 342 0
253 629 0
254 310 0
254 333 0
254 429 0
256 378 0
256 639 0
257 273 0
257 347 0
257 555 0
258 632 0
259 279 0
259 340 0
259 481 0
259 560 0
259 634 0
260 365 0
260 399 0
260 518 0
260 619 0
262 279 0
262 415 0
262 624 0
262 678 0
262 699 0
263 563 0
264 627 0
265 537 0
265 597 0
266 344 0
266 357 0
266 382 0
266 411 0
267 456 0
267 612 0
267 622 0
268 699 0
269 421 0
270 513 0
270 566 0
270 673 0
272 545 0
274 358 0
275 488 0
277 661 0
278 586 0
279 442 0
280 409 0
281 329 0
284 287 0
284 353 0
284 552 0
284 667 0
285 317 0
286 461 0
288 607 0
290 361 0
292 579 0
294 652 0
295 369 0
295 403 0
295 494 0
296 639 0
297 420 0
299 386 0
299 533 0
300 508 0
301 620 0
302 391 0
302 426 0
302 545 0
302 557 0
306 352 0
308 312 0
308 483 0
308 670 0
309 580 0
310 378 0
310 578 0
310 586 0
312 389 0
312 480 0
312 562 0
312 651 0
316 426 0
317 339 0
317 667 0
318 423 0
318 529 0
318 617 0
319 334 0
319 374 0
319 474 0
320 348 0
320 410 0
320 691 0
321 376 0
323 638 0
324 331 0
326 400 0
327 537 0
328 608 0
329 340 0
329 553 0
331 379 0
331 534 0
332 473 0
332 655 0
335 618 0
336 400 0
338 657 0
340 384 0
340 579 0
340 646 0
342 527 0
342 530 0
343 664 0
345 629 0
348 361 0
348 420 0
349 374 0
349 430 0
349 613 0
350 483 0
350 491 0
350 517 0
350 630 0
351 424 0
351 444 0
351 471 0
352 455 0
352 520 0
352 606 0
354 589 0
355 470 0
356 580 0
358 521 0
358 685 0
360 502 0
361 379 0
362 495 0
364 452 0
364 625 0
366 551 0
366 614 0
368 494 0
369 600 0
369 636 0
369 670 0
370 635 0
371 397 0
372 643 0
374 629 0
375 506 0
375 611 0
375 677 0
376 389 0
376 450 0
376 472 0
377 512 0
377 627 0
378 512 0
378 578 0
379 416 0
381 556 0
382 415 0
383 563 0
384 560 0
385 624 0
387 495 0
390 457 0
391 483 0
391 657 0
392 448 0
393 620 0
394 572 0
395 685 0
397 531 0
397 569 0
398 541 0
398 572 0
400 458 0
401 537 0
402 510 0
403 687 0
405 668 0
406 495 0
407 622 0
409 453 0
409 501 0
409 575 0
410 506 0
412 557 0
414 470 0
416 525 0
416 565 0
417 606 0
420 445 0
420 455 0
421 669 0
422 637 0
422 644 0
425 426 0
426 693 0
427 504 0
430 556 0
432 592 0
433 440 0
434 475 0
435 466 0
437 606 0
439 475 0
440 480 0
440 570 0
442 464 0
442 571 0
442 585 0
442 622 0
446 618 0
448 465 0
448 616 0
450 551 0
450 624 0
452 591 0
457 459 0
457 556 0
457 690 0
460 524 0
461 532 0
461 625 0
463 545 0
465 473 0
466 516 0
469 628 0
469 651 0
470 526 0
471 662 0
472 668 0
473 572 0
475 670 0
475 674 0
476 523 0
477 572 0
478 606 0
479 644 0
480 529 0
483 643 0
484 622 0
484 680 0
485 577 0
487 699 0
488 489 0
493 586 0
494 567 0
494 693 0
498 661 0
501 568 0
501 635 0
503 524 0
503 656 0
503 662 0
504 560 0
505 601 0
505 625 0
506 520 0
507 653 0
508 649 0
512 543 0
514 607 0
515 597 0
528 658 0
535 699 0
541 584 0
543 662 0
547 681 0
548 658 0
550 624 0
550 627 0
554 652 0
555 652 0
563 665 0
568 635 0
568 638 0
577 676 0
583 632 0
592 605 0
592 697 0
594 618 0
603 638 0
619 632 0
620 674 0
620 682 0
622 637 0
622 693 0
625 658 0
625 662 0
627 692 0
637 687 0
642 643 0
646 681 0
659 681 0
660 672 0
661 685 0
667 689 0
672 683 0
