300 434 0
1 23 0
1 111 0
2 8 0
2 24 0
2 85 0
2 255 0
2 273 0
3 109 0
3 202 0
4 64 0
4 128 0
4 207 0
4 264 0
5 99 0
5 114 0
6 31 0
7 28 0
7 254 0
7 264 0
8 88 0
9 143 0
9 150 0
9 209 0
9 287 0
10 40 0
10 73 0
10 151 0
10 219 0
11 275 0
12 92 0
13 153 0
13 245 0
13 272 0
14 207 0
15 119 0
15 126 0
15 131 0
15 135 0
15 251 0
15 283 0
16 104 0
16 294 0
16 298 0
17 91 0
17 135 0
17 160 0
17 215 0
18 32 0
18 89 0
18 102 0
18 158 0
18 299 0
19 54 0
19 161 0
19 209 0
19 233 0
19 268 0
20 39 0
20 71 0
20 263 0
20 294 0
21 31 0
21 212 0
21 226 0
22 267 0
23 205 0
25 173 0
25 262 0
26 39 0
27 115 0
27 173 0
28 98 0
28 147 0
28 257 0
29 37 0
29 60 0
29 68 0
29 87 0
29 134 0
29 273 0
30 51 0
30 218 0
30 254 0
30 289 0
31 100 0
31 146 0
31 178 0
31 208 0
32 78 0
32 133 0
33 191 0
34 42 0
34 49 0
34 53 0
34 149 0
34 167 0
34 178 0
35 118 0
35 253 0
35 263 0
36 103 0
36 226 0
36 272 0
36 274 0
37 104 0
38 279 0
38 286 0
39 73 0
39 198 0
40 43 0
40 78 0
40 104 0
40 280 0
41 68 0
43 56 0
43 90 0
43 108 0
43 203 0
44 267 0
45 247 0
46 47 0
46 73 0
46 255 0
46 297 0
47 72 0
47 92 0
47 176 0
47 234 0
48 104 0
49 56 0
49 67 0
49 152 0
49 269 0
50 250 0
52 143 0
53 161 0
53 217 0
54 171 0
54 204 0
54 242 0
54 254 0
55 82 0
55 181 0
55 210 0
55 245 0
55 267 0
55 294 0
56 93 0
56 137 0
56 185 0
56 278 0
57 157 0
58 64 0
58 81 0
59 193 0
61 262 0
62 98 0
63 262 0
64 216 0
64 231 0
65 138 0
66 98 0
68 129 0
68 133 0
68 158 0
68 214 0
69 118 0
69 171 0
70 138 0
70 234 0
71 85 0
71 116 0
71 143 0
72 115 0
72 168 0
72 259 0
73 143 0
74 80 0
75 99 0
75 234 0
76 247 0
77 136 0
77 230 0
77 245 0
77 247 0
77 257 0
77 271 0
78 262 0
79 205 0
80 131 0
80 142 0
80 276 0
81 172 0
82 171 0
83 191 0
84 111 0
84 112 0
84 188 0
84 296 0
85 223 0
86 113 0
86 131 0
86 173 0
86 224 0
87 121 0
87 158 0
88 107 0
88 166 0
88 192 0
88 201 0
88 253 0
90 152 0
90 169 0
92 270 0
92 280 0
93 95 0
93 246 0
93 286 0
94 137 0
94 191 0
95 214 0
96 185 0
96 250 0
97 146 0
97 248 0
98 147 0
98 148 0
98 167 0
99 134 0
99 171 0
99 288 0
100 153 0
100 227 0
101 124 0
101 157 0
102 109 0
102 210 0
102 242 0
103 109 0
103 131 0
103 198 0
103 222 0
104 118 0
104 166 0
104 226 0
105 173 0
105 180 0
105 256 0
106 225 0
107 128 0
107 191 0
107 256 0
107 291 0
107 299 0
109 130 0
109 202 0
110 111 0
110 112 0
110 285 0
111 179 0
112 199 0
112 227 0
112 244 0
113 213 0
113 260 0
113 290 0
114 153 0
114 213 0
116 117 0
116 123 0
116 189 0
116 277 0
117 121 0
117 271 0
119 157 0
119 225 0
120 207 0
121 247 0
121 254 0
122 169 0
122 286 0
124 155 0
124 271 0
125 299 0
127 172 0
127 278 0
128 129 0
128 297 0
129 138 0
129 157 0
131 134 0
131 278 0
132 177 0
132 278 0
132 297 0
133 287 0
134 172 0
134 291 0
135 150 0
135 275 0
136 139 0
136 223 0
137 169 0
138 165 0
138 228 0
138 239 0
139 176 0
139 188 0
139 247 0
140 224 0
141 263 0
143 163 0
143 253 0
144 151 0
144 181 0
145 172 0
146 150 0
146 206 0
146 250 0
147 208 0
147 224 0
150 177 0
150 277 0
151 178 0
153 212 0
154 157 0
155 176 0
156 256 0
157 286 0
159 188 0
159 290 0
160 231 0
161 169 0
161 176 0
162 275 0
162 276 0
163 246 0
163 275 0
164 234 0
166 248 0
166 296 0
167 262 0
167 296 0
168 238 0
168 262 0
169 255 0
170 263 0
171 211 0
171 295 0
172 297 0
173 194 0
173 196 0
174 177 0
174 225 0
175 294 0
176 243 0
176 277 0
177 242 0
177 245 0
180 181 0
181 197 0
181 244 0
182 279 0
183 206 0
184 210 0
185 223 0
185 225 0
186 223 0
187 248 0
188 258 0
188 284 0
189 247 0
190 193 0
190 215 0
190 231 0
193 274 0
193 285 0
194 293 0
195 267 0
196 299 0
200 261 0
202 237 0
204 205 0
204 221 0
204 241 0
204 244 0
204 292 0
204 298 0
205 218 0
205 232 0
205 268 0
206 229 0
206 238 0
207 240 0
208 256 0
208 284 0
210 222 0
210 235 0
211 249 0
211 290 0
212 249 0
212 261 0
212 278 0
217 245 0
217 285 0
217 294 0
218 245 0
218 263 0
220 257 0
223 255 0
225 274 0
225 291 0
228 271 0
230 257 0
231 235 0
234 293 0
235 249 0
236 261 0
237 248 0
242 274 0
249 281 0
249 282 0
250 266 0
252 271 0
254 295 0
255 281 0
261 298 0
264 291 0
264 300 0
265 299 0
268 277 0
277 279 0
279 287 0
296 297 0
