160 179 0
1 122 0
2 50 0
2 71 0
2 105 0
2 129 0
3 38 0
3 54 0
3 82 0
3 118 0
4 100 0
5 70 0
5 103 0
5 137 0
5 148 0
6 154 0
7 17 0
8 79 0
8 124 0
9 21 0
9 27 0
9 45 0
9 120 0
10 13 0
10 28 0
10 143 0
10 156 0
11 142 0
12 53 0
13 22 0
13 107 0
13 159 0
14 73 0
15 49 0
15 111 0
15 137 0
15 158 0
16 47 0
16 58 0
16 65 0
16 131 0
16 137 0
17 23 0
17 37 0
17 134 0
18 26 0
18 44 0
18 61 0
18 150 0
18 158 0
19 54 0
20 68 0
22 53 0
22 82 0
22 102 0
22 108 0
24 145 0
25 154 0
26 149 0
29 54 0
30 90 0
30 126 0
31 146 0
32 33 0
32 51 0
32 111 0
32 116 0
34 38 0
35 145 0
36 52 0
37 91 0
37 100 0
37 146 0
38 39 0
38 147 0
40 97 0
40 118 0
41 79 0
42 159 0
43 122 0
45 83 0
45 133 0
45 154 0
46 124 0
48 138 0
49 82 0
49 83 0
51 141 0
52 96 0
52 113 0
52 158 0
53 93 0
53 117 0
54 102 0
55 144 0
56 120 0
56 144 0
57 127 0
57 142 0
57 144 0
59 107 0
60 69 0
60 87 0
60 101 0
60 150 0
62 108 0
63 105 0
63 140 0
64 118 0
65 157 0
66 146 0
67 157 0
68 127 0
68 149 0
68 158 0
69 91 0
69 122 0
69 140 0
72 79 0
72 119 0
73 76 0
73 78 0
73 151 0
74 138 0
75 133 0
76 83 0
76 145 0
76 157 0
77 140 0
78 149 0
79 135 0
79 137 0
80 126 0
81 133 0
82 91 0
83 88 0
84 142 0
85 159 0
86 92 0
86 99 0
86 110 0
86 111 0
87 97 0
88 124 0
88 138 0
88 144 0
89 108 0
90 124 0
91 129 0
94 159 0
95 144 0
96 120 0
97 117 0
98 138 0
100 114 0
100 153 0
104 107 0
106 154 0
107 116 0
107 123 0
108 155 0
109 145 0
109 154 0
111 142 0
112 117 0
115 119 0
117 130 0
118 152 0
119 121 0
119 129 0
119 141 0
122 128 0
123 126 0
125 140 0
126 129 0
126 132 0
133 160 0
136 157 0
139 146 0
154 157 0
