160 179 0
1 99 0
2 23 0
2 26 0
2 121 0
2 154 0
3 15 0
3 62 0
3 105 0
3 124 0
4 138 0
5 114 0
5 120 0
6 84 0
6 126 0
6 130 0
6 151 0
6 156 0
7 28 0
8 10 0
9 94 0
10 46 0
10 70 0
10 87 0
11 41 0
11 102 0
11 119 0
11 137 0
12 83 0
12 115 0
12 147 0
13 75 0
14 96 0
14 132 0
15 60 0
15 77 0
15 117 0
16 107 0
16 137 0
17 148 0
18 38 0
18 73 0
18 82 0
18 147 0
19 80 0
20 85 0
21 62 0
21 74 0
21 86 0
21 147 0
21 158 0
22 91 0
23 28 0
23 91 0
23 96 0
24 35 0
24 61 0
24 74 0
24 88 0
25 85 0
25 132 0
27 50 0
28 89 0
28 127 0
29 78 0
30 37 0
30 64 0
30 124 0
30 128 0
31 80 0
32 134 0
33 78 0
34 114 0
34 148 0
35 75 0
36 75 0
39 72 0
39 130 0
39 151 0
39 158 0
40 145 0
42 132 0
42 154 0
43 160 0
44 55 0
44 91 0
45 138 0
46 62 0
46 83 0
46 85 0
46 104 0
47 91 0
48 51 0
49 62 0
49 96 0
49 113 0
50 63 0
50 74 0
50 116 0
51 52 0
51 105 0
51 136 0
53 83 0
54 123 0
55 66 0
55 100 0
55 105 0
55 149 0
56 145 0
57 134 0
58 114 0
59 85 0
64 66 0
65 103 0
67 113 0
67 114 0
67 134 0
67 148 0
68 138 0
69 123 0
71 86 0
71 104 0
72 106 0
74 123 0
75 76 0
75 143 0
76 78 0
78 125 0
78 142 0
79 99 0
80 86 0
80 129 0
81 104 0
82 160 0
83 98 0
83 122 0
83 142 0
85 150 0
85 158 0
86 107 0
86 145 0
90 114 0
92 103 0
93 115 0
94 102 0
94 135 0
94 157 0
95 107 0
96 102 0
96 151 0
97 160 0
99 108 0
99 151 0
101 155 0
102 138 0
103 111 0
103 147 0
104 109 0
105 115 0
106 134 0
107 144 0
110 120 0
110 133 0
110 140 0
110 143 0
112 115 0
113 142 0
113 143 0
118 148 0
123 141 0
124 146 0
124 153 0
126 149 0
131 145 0
132 143 0
139 155 0
142 155 0
147 160 0
152 160 0
155 159 0
