350 378 0
1 31 0
2 28 0
2 95 0
2 109 0
2 291 0
3 241 0
4 99 0
4 148 0
4 272 0
4 288 0
5 36 0
5 54 0
6 215 0
7 118 0
7 153 0
7 191 0
7 208 0
8 83 0
9 171 0
10 152 0
11 179 0
12 63 0
13 122 0
14 138 0
15 63 0
15 109 0
16 267 0
17 144 0
18 138 0
19 103 0
20 140 0
21 342 0
22 260 0
23 215 0
24 124 0
24 146 0
24 151 0
24 294 0
25 337 0
26 275 0
27 136 0
27 174 0
27 230 0
27 249 0
29 31 0
30 168 0
30 259 0
30 291 0
30 316 0
31 258 0
31 327 0
32 158 0
33 151 0
34 190 0
34 282 0
34 301 0
34 321 0
35 113 0
36 45 0
37 155 0
38 68 0
38 181 0
38 199 0
38 290 0
39 295 0
40 105 0
40 261 0
40 266 0
40 308 0
41 53 0
41 146 0
41 216 0
41 241 0
41 265 0
42 347 0
43 53 0
43 82 0
43 93 0
43 264 0
44 49 0
45 98 0
45 139 0
45 224 0
46 210 0
47 77 0
47 225 0
48 283 0
49 191 0
49 214 0
49 277 0
50 248 0
51 137 0
52 237 0
54 80 0
54 114 0
54 187 0
55 132 0
55 169 0
55 249 0
55 325 0
55 348 0
56 313 0
57 283 0
58 322 0
59 337 0
60 303 0
61 272 0
61 283 0
61 295 0
61 347 0
62 314 0
63 301 0
63 307 0
64 85 0
64 179 0
64 278 0
64 310 0
65 140 0
66 261 0
67 233 0
69 148 0
70 294 0
71 295 0
72 148 0
73 85 0
74 266 0
75 225 0
76 303 0
77 86 0
77 171 0
77 281 0
77 322 0
78 239 0
79 248 0
79 267 0
80 105 0
80 142 0
80 339 0
81 239 0
82 113 0
82 152 0
82 176 0
83 195 0
83 263 0
83 323 0
84 308 0
84 323 0
85 120 0
85 262 0
86 134 0
86 175 0
86 193 0
87 209 0
88 260 0
89 237 0
90 237 0
91 255 0
92 152 0
94 260 0
96 286 0
97 215 0
98 250 0
99 178 0
99 234 0
99 238 0
100 104 0
100 294 0
101 261 0
102 106 0
102 252 0
102 316 0
102 343 0
103 180 0
103 231 0
103 326 0
104 288 0
105 162 0
105 344 0
107 286 0
108 127 0
110 204 0
111 299 0
112 227 0
113 170 0
113 270 0
115 151 0
116 266 0
117 211 0
117 274 0
117 323 0
117 335 0
119 209 0
121 142 0
122 253 0
122 290 0
122 341 0
123 210 0
123 240 0
124 160 0
124 283 0
124 297 0
124 331 0
125 155 0
125 215 0
125 278 0
125 305 0
126 162 0
126 226 0
126 251 0
126 333 0
127 135 0
127 189 0
127 244 0
128 144 0
128 180 0
129 305 0
130 267 0
131 209 0
131 265 0
132 347 0
133 313 0
135 144 0
135 159 0
135 176 0
135 341 0
137 169 0
137 229 0
137 287 0
138 227 0
138 290 0
138 336 0
140 249 0
140 298 0
141 227 0
142 196 0
142 269 0
143 200 0
144 338 0
145 347 0
146 220 0
146 248 0
146 325 0
147 268 0
148 218 0
149 248 0
150 200 0
151 302 0
152 309 0
154 340 0
155 207 0
155 271 0
156 168 0
156 325 0
156 344 0
157 265 0
158 192 0
158 224 0
158 291 0
158 304 0
159 185 0
159 247 0
159 250 0
161 205 0
161 284 0
161 291 0
161 306 0
162 204 0
162 314 0
163 288 0
164 217 0
164 308 0
165 179 0
166 267 0
166 340 0
167 275 0
168 272 0
168 281 0
169 237 0
169 275 0
171 221 0
171 245 0
172 339 0
172 347 0
173 339 0
176 224 0
176 344 0
177 314 0
179 330 0
182 339 0
183 202 0
184 320 0
186 340 0
188 202 0
191 255 0
191 285 0
194 255 0
197 204 0
197 270 0
198 329 0
200 203 0
200 348 0
201 310 0
202 258 0
202 324 0
202 340 0
204 256 0
206 210 0
209 280 0
209 323 0
210 258 0
210 267 0
212 299 0
213 233 0
213 288 0
214 300 0
217 239 0
219 342 0
220 337 0
222 265 0
223 275 0
224 268 0
225 259 0
225 296 0
227 301 0
227 345 0
228 308 0
232 305 0
233 279 0
233 315 0
235 314 0
236 283 0
239 249 0
240 299 0
242 266 0
243 296 0
243 310 0
246 322 0
248 254 0
255 318 0
257 342 0
258 281 0
259 313 0
259 329 0
260 348 0
261 273 0
267 279 0
268 292 0
268 329 0
268 332 0
268 343 0
272 279 0
276 288 0
278 301 0
278 325 0
279 320 0
281 326 0
285 290 0
285 323 0
285 344 0
286 300 0
286 326 0
289 303 0
291 303 0
293 294 0
295 346 0
299 326 0
305 319 0
310 328 0
311 322 0
312 320 0
313 350 0
316 340 0
316 342 0
317 320 0
319 334 0
329 334 0
329 349 0
337 348 0
