200 267 0
1 10 0
1 61 0
1 164 0
2 97 0
2 133 0
3 16 0
3 27 0
3 128 0
4 140 0
4 167 0
5 80 0
5 94 0
6 72 0
6 103 0
6 124 0
6 145 0
6 177 0
7 161 0
7 194 0
8 109 0
9 160 0
10 30 0
10 42 0
10 178 0
11 86 0
12 103 0
13 23 0
13 53 0
13 91 0
13 131 0
13 197 0
14 20 0
14 23 0
14 79 0
14 97 0
15 154 0
16 60 0
17 24 0
17 128 0
17 160 0
17 171 0
18 57 0
18 196 0
19 37 0
19 104 0
19 147 0
19 165 0
20 76 0
20 88 0
20 158 0
21 174 0
22 23 0
22 58 0
22 66 0
22 162 0
23 55 0
23 69 0
23 140 0
24 71 0
24 83 0
24 95 0
24 104 0
25 111 0
25 140 0
26 69 0
27 60 0
27 183 0
28 55 0
29 86 0
30 43 0
30 67 0
30 114 0
30 130 0
31 59 0
31 71 0
31 141 0
31 181 0
32 91 0
33 100 0
33 133 0
33 162 0
33 179 0
34 89 0
34 92 0
35 98 0
35 169 0
35 172 0
35 184 0
35 194 0
36 94 0
37 91 0
38 52 0
38 74 0
38 75 0
38 107 0
39 154 0
40 140 0
40 158 0
41 105 0
42 167 0
43 81 0
43 169 0
43 174 0
43 193 0
44 77 0
44 161 0
45 102 0
46 88 0
47 55 0
47 59 0
47 119 0
48 49 0
48 103 0
48 154 0
48 166 0
48 197 0
49 125 0
49 148 0
49 180 0
49 196 0
50 131 0
50 164 0
51 65 0
51 96 0
51 132 0
51 181 0
53 93 0
53 119 0
53 143 0
53 149 0
54 86 0
55 116 0
56 167 0
57 95 0
57 137 0
57 138 0
58 68 0
58 186 0
59 195 0
60 78 0
60 181 0
61 97 0
61 136 0
61 191 0
62 162 0
63 188 0
64 91 0
66 67 0
66 97 0
66 101 0
66 126 0
68 142 0
68 194 0
69 71 0
69 72 0
69 115 0
69 144 0
70 174 0
72 94 0
72 100 0
72 167 0
72 185 0
73 88 0
73 132 0
73 190 0
74 89 0
74 105 0
74 197 0
76 114 0
76 146 0
76 166 0
77 93 0
77 97 0
77 111 0
79 83 0
79 118 0
79 197 0
80 131 0
82 105 0
82 120 0
83 100 0
83 118 0
83 122 0
83 172 0
84 86 0
84 158 0
85 89 0
86 104 0
86 192 0
87 179 0
88 155 0
89 110 0
89 168 0
90 94 0
90 133 0
91 161 0
92 109 0
94 159 0
95 102 0
95 186 0
98 141 0
99 150 0
99 173 0
100 150 0
102 157 0
102 176 0
103 127 0
103 129 0
104 188 0
104 194 0
105 163 0
105 172 0
106 125 0
106 194 0
107 151 0
107 184 0
108 179 0
109 150 0
109 152 0
110 154 0
112 160 0
113 185 0
117 162 0
118 140 0
120 156 0
120 173 0
121 171 0
122 169 0
122 181 0
122 192 0
123 135 0
127 160 0
128 134 0
128 170 0
128 193 0
130 174 0
131 199 0
133 156 0
135 150 0
135 189 0
135 195 0
139 179 0
139 185 0
141 164 0
141 165 0
142 171 0
144 180 0
150 173 0
151 173 0
152 186 0
153 185 0
155 198 0
158 164 0
158 200 0
160 183 0
167 192 0
169 174 0
171 187 0
174 175 0
174 197 0
175 179 0
178 190 0
178 192 0
178 198 0
182 186 0
186 196 0
196 199 0
