500 568 0
1 104 0
1 141 0
1 370 0
1 438 0
2 31 0
2 453 0
3 13 0
3 208 0
4 54 0
4 262 0
4 310 0
4 446 0
5 202 0
5 421 0
6 212 0
7 170 0
7 224 0
7 295 0
7 444 0
8 423 0
9 465 0
10 63 0
10 180 0
10 187 0
10 196 0
11 21 0
11 130 0
11 133 0
11 309 0
12 166 0
13 252 0
13 331 0
13 378 0
13 449 0
14 80 0
14 248 0
15 268 0
15 409 0
16 25 0
16 117 0
16 186 0
16 420 0
17 185 0
18 27 0
18 56 0
19 173 0
20 243 0
20 308 0
20 439 0
20 464 0
21 101 0
21 253 0
21 319 0
21 396 0
22 389 0
23 293 0
24 103 0
24 136 0
24 168 0
25 33 0
25 274 0
25 376 0
26 32 0
26 101 0
26 429 0
26 439 0
27 102 0
27 133 0
27 147 0
27 409 0
28 363 0
29 367 0
29 389 0
29 457 0
29 477 0
29 483 0
30 71 0
30 259 0
30 321 0
30 416 0
31 77 0
32 172 0
32 382 0
32 423 0
33 59 0
33 88 0
33 198 0
34 91 0
35 498 0
36 338 0
37 56 0
38 478 0
39 196 0
40 149 0
41 173 0
41 193 0
42 81 0
43 220 0
44 423 0
45 131 0
45 287 0
45 339 0
45 358 0
45 371 0
46 161 0
46 500 0
47 362 0
47 390 0
48 167 0
48 452 0
49 471 0
50 79 0
50 114 0
50 143 0
50 307 0
51 122 0
51 277 0
51 341 0
51 429 0
52 152 0
53 145 0
53 149 0
53 166 0
53 376 0
53 489 0
55 104 0
55 255 0
55 276 0
55 319 0
56 158 0
56 254 0
56 312 0
57 293 0
57 412 0
58 498 0
59 486 0
60 77 0
60 152 0
60 187 0
60 498 0
61 123 0
61 161 0
61 386 0
61 463 0
62 129 0
62 169 0
62 195 0
62 285 0
63 66 0
63 244 0
63 268 0
64 500 0
65 273 0
67 200 0
67 274 0
68 184 0
69 224 0
69 238 0
69 419 0
69 487 0
70 304 0
71 216 0
71 335 0
71 343 0
72 116 0
73 109 0
74 220 0
74 245 0
74 264 0
74 276 0
74 348 0
75 109 0
75 206 0
75 219 0
75 314 0
75 338 0
76 240 0
76 389 0
77 171 0
77 360 0
78 452 0
80 210 0
80 264 0
81 309 0
81 394 0
81 455 0
82 91 0
82 395 0
83 222 0
83 298 0
83 332 0
83 352 0
83 421 0
83 436 0
84 100 0
85 248 0
86 91 0
86 311 0
87 184 0
88 185 0
89 131 0
89 488 0
90 329 0
91 232 0
92 162 0
92 334 0
93 453 0
94 340 0
95 208 0
96 162 0
97 301 0
97 421 0
97 456 0
97 481 0
98 204 0
98 252 0
98 491 0
98 499 0
99 193 0
100 267 0
100 309 0
100 440 0
100 490 0
101 206 0
101 259 0
103 133 0
103 249 0
103 484 0
104 108 0
104 135 0
104 487 0
105 273 0
106 436 0
107 109 0
107 121 0
107 178 0
107 183 0
107 454 0
107 459 0
108 176 0
108 294 0
108 299 0
109 337 0
109 472 0
110 314 0
111 193 0
111 267 0
111 443 0
112 396 0
113 454 0
115 481 0
116 280 0
116 323 0
116 355 0
118 311 0
119 151 0
119 155 0
119 213 0
119 377 0
120 210 0
120 249 0
121 154 0
121 307 0
121 310 0
123 184 0
123 293 0
123 301 0
124 436 0
125 135 0
126 246 0
127 307 0
127 334 0
127 342 0
127 397 0
128 146 0
129 166 0
130 220 0
130 363 0
130 465 0
132 396 0
133 210 0
134 459 0
135 437 0
135 458 0
136 248 0
137 200 0
138 436 0
139 206 0
139 283 0
139 311 0
139 319 0
139 390 0
139 466 0
140 481 0
142 173 0
142 414 0
144 282 0
145 185 0
146 236 0
146 475 0
146 476 0
148 187 0
148 253 0
148 301 0
148 317 0
149 353 0
149 495 0
150 205 0
152 414 0
152 422 0
153 427 0
154 240 0
154 253 0
154 376 0
155 185 0
155 409 0
155 457 0
156 364 0
157 293 0
159 207 0
159 286 0
159 312 0
159 361 0
160 368 0
162 227 0
162 448 0
163 195 0
163 275 0
163 381 0
163 395 0
163 485 0
164 311 0
165 266 0
166 356 0
166 372 0
167 279 0
167 290 0
167 291 0
167 480 0
168 304 0
172 177 0
172 182 0
172 272 0
172 417 0
173 310 0
173 468 0
174 489 0
175 202 0
175 451 0
178 197 0
178 226 0
178 412 0
179 283 0
180 260 0
180 302 0
180 313 0
180 434 0
181 489 0
183 188 0
183 324 0
183 393 0
184 380 0
185 217 0
185 254 0
187 195 0
189 220 0
190 467 0
191 396 0
192 445 0
193 332 0
194 225 0
195 225 0
196 417 0
196 418 0
196 435 0
198 226 0
198 290 0
199 450 0
199 454 0
200 276 0
200 388 0
201 335 0
201 359 0
202 269 0
202 310 0
202 365 0
203 451 0
205 330 0
205 439 0
205 474 0
206 287 0
206 475 0
208 237 0
208 450 0
209 481 0
210 375 0
211 483 0
212 232 0
212 305 0
212 462 0
214 321 0
215 329 0
216 439 0
218 409 0
219 404 0
220 350 0
220 395 0
221 456 0
223 321 0
224 240 0
224 471 0
225 318 0
225 466 0
227 301 0
227 402 0
227 404 0
228 402 0
229 404 0
230 283 0
230 387 0
230 446 0
231 320 0
232 317 0
232 392 0
233 296 0
234 235 0
234 255 0
234 328 0
234 345 0
234 410 0
237 317 0
237 454 0
237 488 0
239 296 0
240 327 0
240 332 0
241 364 0
242 454 0
243 294 0
246 312 0
246 349 0
246 447 0
247 368 0
248 307 0
250 322 0
251 421 0
252 359 0
252 376 0
255 445 0
255 453 0
256 266 0
256 300 0
257 488 0
258 477 0
259 312 0
259 480 0
261 322 0
263 390 0
265 280 0
265 389 0
266 413 0
266 415 0
268 475 0
270 456 0
271 452 0
272 500 0
273 480 0
273 497 0
274 288 0
274 383 0
274 426 0
276 452 0
278 427 0
278 491 0
280 317 0
280 329 0
280 340 0
280 348 0
281 368 0
282 387 0
282 470 0
282 480 0
283 388 0
283 486 0
284 402 0
287 296 0
287 451 0
289 363 0
292 314 0
296 430 0
297 416 0
300 311 0
303 467 0
304 345 0
304 351 0
304 439 0
306 456 0
309 467 0
314 333 0
315 465 0
316 338 0
319 457 0
320 327 0
320 405 0
320 408 0
321 442 0
322 411 0
322 429 0
325 471 0
326 402 0
327 428 0
327 478 0
328 343 0
328 421 0
329 401 0
332 396 0
336 488 0
338 371 0
340 369 0
340 432 0
343 425 0
344 428 0
346 489 0
347 465 0
354 477 0
357 471 0
359 379 0
359 424 0
363 425 0
364 415 0
364 492 0
366 478 0
367 409 0
368 475 0
368 476 0
373 478 0
374 445 0
382 407 0
382 434 0
382 441 0
384 423 0
385 498 0
387 429 0
390 395 0
391 451 0
392 406 0
392 469 0
392 494 0
398 477 0
399 483 0
400 427 0
403 459 0
404 473 0
415 436 0
415 457 0
416 479 0
416 490 0
417 475 0
427 429 0
428 460 0
428 461 0
431 467 0
433 445 0
443 451 0
453 482 0
459 496 0
475 500 0
483 493 0
