450 515 0
1 74 0
1 196 0
1 249 0
1 284 0
1 412 0
1 428 0
2 79 0
2 83 0
3 310 0
3 364 0
3 403 0
3 419 0
4 29 0
5 223 0
6 291 0
7 123 0
7 422 0
8 52 0
8 169 0
8 213 0
8 244 0
9 146 0
10 54 0
10 66 0
10 107 0
10 168 0
10 185 0
10 333 0
10 355 0
11 222 0
11 277 0
11 309 0
11 405 0
12 261 0
13 119 0
13 288 0
13 357 0
13 427 0
14 83 0
14 133 0
15 86 0
16 344 0
17 385 0
18 264 0
18 318 0
18 351 0
18 368 0
19 144 0
20 316 0
21 108 0
22 29 0
23 77 0
23 181 0
23 220 0
23 310 0
24 367 0
25 252 0
26 89 0
26 110 0
26 262 0
26 377 0
27 32 0
27 139 0
27 282 0
27 294 0
28 127 0
28 314 0
29 231 0
29 368 0
30 168 0
31 86 0
32 246 0
32 396 0
32 444 0
33 241 0
34 152 0
34 347 0
34 383 0
34 414 0
35 416 0
36 267 0
36 292 0
37 348 0
37 436 0
38 56 0
39 385 0
40 109 0
40 138 0
40 324 0
40 359 0
41 154 0
41 215 0
41 227 0
41 341 0
42 54 0
43 114 0
43 124 0
43 354 0
43 430 0
44 287 0
45 171 0
45 382 0
46 119 0
47 73 0
47 335 0
48 154 0
49 55 0
49 178 0
49 263 0
49 342 0
50 57 0
50 210 0
50 242 0
50 317 0
51 106 0
53 108 0
53 136 0
53 298 0
53 362 0
53 382 0
54 104 0
54 375 0
56 73 0
56 160 0
56 447 0
57 99 0
57 101 0
57 283 0
57 299 0
58 336 0
59 442 0
60 92 0
61 209 0
62 212 0
62 278 0
62 395 0
62 449 0
63 390 0
64 227 0
65 157 0
65 204 0
65 235 0
65 306 0
66 227 0
67 195 0
67 303 0
68 340 0
69 301 0
70 411 0
71 273 0
72 343 0
72 424 0
75 123 0
76 416 0
77 247 0
77 251 0
77 368 0
78 268 0
78 299 0
78 442 0
79 355 0
79 372 0
79 382 0
80 239 0
81 390 0
82 117 0
83 85 0
83 298 0
84 353 0
85 141 0
85 202 0
85 405 0
85 430 0
86 254 0
86 448 0
87 149 0
88 144 0
89 195 0
89 273 0
89 355 0
90 231 0
90 344 0
91 195 0
92 191 0
92 233 0
92 378 0
93 158 0
93 239 0
94 367 0
95 333 0
95 370 0
95 371 0
96 170 0
97 134 0
97 292 0
97 327 0
98 143 0
99 126 0
99 204 0
99 358 0
100 117 0
101 202 0
102 234 0
102 401 0
102 425 0
102 449 0
103 396 0
104 201 0
105 166 0
105 189 0
106 115 0
106 376 0
106 415 0
107 208 0
107 334 0
107 374 0
108 122 0
108 214 0
110 332 0
110 405 0
111 170 0
112 164 0
113 273 0
116 164 0
116 181 0
116 211 0
116 442 0
117 368 0
117 412 0
118 161 0
118 225 0
118 415 0
118 438 0
119 216 0
119 381 0
120 223 0
121 160 0
121 321 0
121 357 0
122 131 0
123 125 0
123 339 0
124 261 0
124 340 0
124 355 0
125 136 0
125 331 0
125 335 0
125 401 0
126 237 0
126 301 0
126 371 0
127 199 0
127 275 0
127 420 0
128 156 0
128 254 0
128 271 0
128 386 0
129 309 0
130 328 0
131 277 0
131 434 0
132 442 0
133 198 0
134 232 0
135 154 0
136 140 0
136 414 0
137 152 0
137 427 0
140 220 0
140 246 0
140 358 0
140 437 0
141 167 0
141 258 0
141 404 0
142 222 0
143 145 0
143 163 0
143 263 0
144 160 0
144 434 0
146 238 0
146 444 0
147 237 0
147 447 0
148 336 0
149 196 0
149 200 0
149 402 0
150 227 0
151 331 0
153 328 0
154 431 0
155 397 0
158 316 0
159 341 0
160 168 0
160 215 0
161 215 0
161 220 0
161 355 0
162 309 0
164 248 0
164 379 0
165 341 0
166 229 0
166 247 0
166 356 0
168 284 0
168 408 0
170 247 0
170 303 0
171 411 0
172 316 0
173 297 0
173 320 0
173 426 0
173 439 0
174 299 0
175 413 0
176 421 0
177 302 0
179 202 0
180 241 0
181 233 0
181 254 0
181 263 0
182 372 0
183 353 0
183 369 0
184 283 0
185 366 0
185 440 0
186 367 0
187 227 0
187 261 0
188 222 0
189 340 0
190 362 0
192 366 0
193 385 0
194 241 0
195 302 0
195 337 0
196 246 0
196 363 0
197 371 0
198 204 0
198 260 0
198 406 0
199 215 0
199 287 0
199 372 0
201 396 0
202 399 0
203 419 0
204 252 0
205 211 0
206 251 0
206 340 0
207 397 0
209 295 0
209 307 0
209 426 0
211 322 0
211 329 0
211 445 0
213 288 0
213 291 0
213 366 0
217 333 0
218 346 0
218 388 0
218 438 0
218 450 0
219 292 0
221 343 0
222 433 0
223 422 0
223 440 0
224 403 0
225 321 0
225 343 0
225 353 0
226 360 0
228 232 0
228 374 0
230 331 0
232 304 0
232 438 0
233 316 0
233 385 0
236 360 0
237 345 0
237 424 0
239 245 0
239 444 0
240 427 0
241 251 0
243 427 0
246 426 0
247 413 0
250 253 0
250 336 0
251 388 0
251 411 0
251 435 0
252 323 0
252 380 0
253 299 0
254 367 0
255 291 0
256 357 0
257 366 0
259 301 0
259 302 0
261 389 0
263 336 0
263 405 0
265 283 0
266 363 0
267 275 0
267 413 0
268 432 0
269 444 0
270 273 0
270 445 0
272 344 0
274 311 0
274 372 0
275 335 0
276 302 0
277 285 0
277 329 0
279 321 0
280 291 0
281 362 0
283 387 0
284 431 0
286 435 0
287 361 0
287 410 0
288 358 0
288 449 0
289 341 0
289 435 0
290 335 0
292 385 0
292 415 0
293 421 0
296 331 0
300 335 0
301 400 0
302 330 0
302 422 0
303 382 0
305 403 0
308 360 0
309 315 0
309 319 0
310 324 0
310 422 0
311 372 0
312 371 0
313 333 0
314 436 0
315 416 0
321 332 0
321 446 0
324 416 0
324 436 0
325 362 0
326 333 0
327 419 0
328 398 0
328 415 0
335 396 0
336 353 0
338 413 0
343 441 0
344 426 0
348 363 0
349 435 0
350 421 0
352 390 0
353 373 0
357 407 0
358 405 0
360 414 0
363 370 0
364 391 0
364 392 0
364 423 0
365 411 0
369 419 0
373 402 0
382 418 0
384 397 0
390 414 0
393 398 0
393 442 0
394 436 0
396 436 0
396 437 0
397 449 0
403 429 0
409 435 0
411 423 0
417 432 0
421 438 0
422 432 0
432 443 0
