450 548 0
1 68 0
2 379 0
3 35 0
3 75 0
4 252 0
5 177 0
6 13 0
6 27 0
7 408 0
8 47 0
8 226 0
8 415 0
8 421 0
9 64 0
9 388 0
10 205 0
11 139 0
11 237 0
12 259 0
13 148 0
14 82 0
14 101 0
14 246 0
14 398 0
14 416 0
15 266 0
15 412 0
16 187 0
17 33 0
17 36 0
17 89 0
17 123 0
17 372 0
18 127 0
18 264 0
18 309 0
18 327 0
19 303 0
20 314 0
20 356 0
21 333 0
22 103 0
22 256 0
22 358 0
22 441 0
23 382 0
24 197 0
24 198 0
24 357 0
24 374 0
25 255 0
26 143 0
26 250 0
27 224 0
27 291 0
27 334 0
28 90 0
28 101 0
28 395 0
28 449 0
29 216 0
29 235 0
29 268 0
29 375 0
30 76 0
30 89 0
30 295 0
30 338 0
31 35 0
32 325 0
34 82 0
34 169 0
34 262 0
34 285 0
35 59 0
35 239 0
35 244 0
35 290 0
35 403 0
36 143 0
36 205 0
36 212 0
37 148 0
37 411 0
38 408 0
39 122 0
39 185 0
39 281 0
39 330 0
39 410 0
40 365 0
41 86 0
41 112 0
42 59 0
42 140 0
42 262 0
42 290 0
42 394 0
42 422 0
43 339 0
44 330 0
45 68 0
45 193 0
46 212 0
47 117 0
47 153 0
47 314 0
48 204 0
48 250 0
49 309 0
49 429 0
50 259 0
51 78 0
51 210 0
51 291 0
51 407 0
51 438 0
52 103 0
52 115 0
52 166 0
52 352 0
52 390 0
53 325 0
54 382 0
55 192 0
55 259 0
55 278 0
55 382 0
56 236 0
56 314 0
56 321 0
56 366 0
56 442 0
57 163 0
57 205 0
57 252 0
58 115 0
58 289 0
59 124 0
59 143 0
60 99 0
61 143 0
61 268 0
62 303 0
63 69 0
63 141 0
63 353 0
63 434 0
63 447 0
64 83 0
64 106 0
64 338 0
65 84 0
65 148 0
65 306 0
65 353 0
65 370 0
66 79 0
66 326 0
67 213 0
68 87 0
68 346 0
70 167 0
71 349 0
71 408 0
72 161 0
73 195 0
74 228 0
74 310 0
74 380 0
74 423 0
75 161 0
77 402 0
78 207 0
79 226 0
79 288 0
79 359 0
79 386 0
80 446 0
81 117 0
82 201 0
82 261 0
82 335 0
82 368 0
85 274 0
85 285 0
86 267 0
86 286 0
86 313 0
87 207 0
87 253 0
87 375 0
88 263 0
91 184 0
92 198 0
92 329 0
93 117 0
94 191 0
95 289 0
96 238 0
97 147 0
97 158 0
97 187 0
97 278 0
98 427 0
99 119 0
99 243 0
99 367 0
100 312 0
100 321 0
101 307 0
101 440 0
101 446 0
102 450 0
103 153 0
103 161 0
103 197 0
103 257 0
104 124 0
105 168 0
105 173 0
105 190 0
105 450 0
107 197 0
108 154 0
108 196 0
108 219 0
108 261 0
108 290 0
109 257 0
109 310 0
110 268 0
111 211 0
111 351 0
112 190 0
113 153 0
113 177 0
113 429 0
113 431 0
114 139 0
114 173 0
114 195 0
114 444 0
116 196 0
116 271 0
116 288 0
116 313 0
116 360 0
117 269 0
118 190 0
120 148 0
121 446 0
122 144 0
122 150 0
122 319 0
124 134 0
124 318 0
125 204 0
125 345 0
125 359 0
125 390 0
126 277 0
126 296 0
126 429 0
127 376 0
127 408 0
127 410 0
128 376 0
129 307 0
130 206 0
130 244 0
130 350 0
130 423 0
131 159 0
132 200 0
132 213 0
132 257 0
132 317 0
133 177 0
134 212 0
134 256 0
134 303 0
135 146 0
135 427 0
136 247 0
136 265 0
136 282 0
136 313 0
137 368 0
138 339 0
139 182 0
139 251 0
140 430 0
142 187 0
142 324 0
143 197 0
143 246 0
143 338 0
145 253 0
146 258 0
146 353 0
146 396 0
147 160 0
147 377 0
147 448 0
148 323 0
149 412 0
151 431 0
152 278 0
152 303 0
152 312 0
152 325 0
153 168 0
153 363 0
154 233 0
154 308 0
155 335 0
156 184 0
157 339 0
157 439 0
158 232 0
158 245 0
158 343 0
159 290 0
159 405 0
159 416 0
161 308 0
162 439 0
163 168 0
164 198 0
165 251 0
165 276 0
167 291 0
167 384 0
167 393 0
168 186 0
168 420 0
170 298 0
170 324 0
170 416 0
170 417 0
171 216 0
172 268 0
172 374 0
173 363 0
173 423 0
174 289 0
175 365 0
176 187 0
177 300 0
178 276 0
178 360 0
179 240 0
179 368 0
180 333 0
181 371 0
181 450 0
182 412 0
183 362 0
184 266 0
184 271 0
184 322 0
185 337 0
188 329 0
188 356 0
188 367 0
188 425 0
189 297 0
189 337 0
189 392 0
189 427 0
190 241 0
191 194 0
191 223 0
191 236 0
192 373 0
192 388 0
192 437 0
193 307 0
195 220 0
195 284 0
196 255 0
196 276 0
197 296 0
197 371 0
198 342 0
199 402 0
200 236 0
200 246 0
200 447 0
201 238 0
202 444 0
203 303 0
205 217 0
205 305 0
205 418 0
207 234 0
207 242 0
207 287 0
208 365 0
209 297 0
211 217 0
211 323 0
211 364 0
211 435 0
212 249 0
212 398 0
213 280 0
213 331 0
214 429 0
215 253 0
216 406 0
216 409 0
216 416 0
218 330 0
221 246 0
221 360 0
221 363 0
222 268 0
225 325 0
227 389 0
229 427 0
230 374 0
231 281 0
232 317 0
233 235 0
234 431 0
235 413 0
235 432 0
236 379 0
237 281 0
238 240 0
238 366 0
238 378 0
239 382 0
240 252 0
240 263 0
240 273 0
240 392 0
248 277 0
248 412 0
250 354 0
250 367 0
250 443 0
252 445 0
253 443 0
254 312 0
255 304 0
255 336 0
257 320 0
257 344 0
258 299 0
259 340 0
260 272 0
260 277 0
260 311 0
260 338 0
260 369 0
263 275 0
263 280 0
263 383 0
265 381 0
265 401 0
266 423 0
270 275 0
270 317 0
271 402 0
271 412 0
272 321 0
272 342 0
273 330 0
274 348 0
274 444 0
276 349 0
276 361 0
276 445 0
277 362 0
278 360 0
279 312 0
279 437 0
281 336 0
281 428 0
283 297 0
289 353 0
290 340 0
291 357 0
292 389 0
293 335 0
294 376 0
297 349 0
299 337 0
301 376 0
302 357 0
302 450 0
307 404 0
307 423 0
310 313 0
313 333 0
313 385 0
314 341 0
314 397 0
315 440 0
316 317 0
317 355 0
321 358 0
322 379 0
323 339 0
323 375 0
324 344 0
326 337 0
328 374 0
332 351 0
333 414 0
335 411 0
338 419 0
339 401 0
343 448 0
347 351 0
351 415 0
351 416 0
353 375 0
353 410 0
357 359 0
357 391 0
359 389 0
360 410 0
362 404 0
362 430 0
362 444 0
363 391 0
365 447 0
367 392 0
368 419 0
373 390 0
375 391 0
379 387 0
381 439 0
383 431 0
385 389 0
391 392 0
399 431 0
400 427 0
402 426 0
417 450 0
424 440 0
433 440 0
436 446 0
439 447 0
