400 489 0
1 28 0
1 54 0
1 136 0
1 194 0
2 173 0
3 254 0
3 272 0
3 361 0
3 365 0
4 98 0
4 157 0
4 189 0
4 379 0
5 95 0
5 310 0
6 252 0
6 288 0
7 43 0
7 134 0
7 183 0
7 279 0
8 15 0
8 200 0
8 284 0
8 309 0
8 371 0
9 66 0
9 204 0
9 245 0
9 369 0
10 262 0
11 371 0
12 102 0
12 160 0
12 230 0
12 338 0
12 398 0
13 61 0
13 160 0
14 323 0
14 331 0
15 121 0
15 255 0
15 337 0
16 173 0
17 202 0
18 68 0
18 103 0
18 125 0
18 135 0
19 300 0
20 392 0
21 90 0
21 291 0
21 335 0
21 349 0
22 175 0
22 237 0
23 109 0
23 114 0
23 164 0
23 261 0
23 336 0
24 331 0
24 372 0
25 285 0
26 230 0
27 252 0
27 285 0
27 300 0
27 378 0
28 360 0
28 380 0
29 79 0
29 115 0
29 170 0
29 250 0
30 251 0
30 284 0
31 211 0
31 222 0
31 340 0
31 364 0
32 40 0
32 334 0
33 88 0
34 215 0
34 273 0
34 323 0
34 335 0
35 69 0
35 187 0
36 167 0
37 125 0
38 50 0
39 168 0
39 247 0
39 327 0
39 352 0
40 73 0
40 386 0
40 396 0
41 127 0
42 167 0
43 51 0
43 177 0
43 260 0
43 349 0
44 132 0
45 93 0
46 163 0
46 214 0
46 268 0
46 335 0
47 54 0
47 376 0
48 207 0
49 67 0
49 238 0
49 318 0
49 344 0
50 194 0
50 292 0
50 364 0
51 389 0
52 63 0
52 210 0
52 253 0
52 348 0
52 369 0
53 240 0
54 236 0
54 385 0
55 125 0
56 247 0
56 312 0
57 195 0
58 104 0
58 105 0
58 181 0
58 249 0
58 339 0
59 75 0
59 115 0
59 313 0
59 363 0
60 153 0
61 97 0
61 109 0
61 176 0
62 99 0
62 156 0
62 268 0
62 302 0
63 85 0
64 165 0
65 237 0
65 242 0
66 267 0
67 171 0
68 177 0
68 189 0
68 265 0
68 320 0
69 277 0
69 279 0
69 314 0
70 86 0
70 137 0
71 280 0
72 229 0
74 239 0
76 191 0
77 191 0
77 317 0
78 285 0
80 192 0
81 183 0
81 234 0
81 239 0
82 97 0
82 163 0
82 249 0
82 264 0
82 385 0
83 264 0
83 276 0
83 298 0
83 332 0
84 315 0
85 92 0
85 325 0
85 397 0
86 264 0
86 267 0
86 289 0
87 187 0
88 130 0
88 214 0
88 334 0
89 172 0
90 267 0
91 377 0
92 113 0
92 178 0
92 274 0
92 377 0
93 246 0
93 255 0
93 268 0
93 304 0
94 95 0
95 155 0
95 290 0
95 316 0
96 103 0
97 393 0
100 225 0
101 173 0
102 129 0
102 227 0
102 241 0
103 105 0
103 140 0
103 184 0
104 119 0
106 165 0
107 169 0
108 184 0
108 191 0
109 198 0
109 239 0
109 309 0
110 162 0
110 303 0
111 371 0
112 356 0
113 115 0
113 155 0
113 163 0
114 248 0
114 289 0
114 300 0
115 380 0
116 285 0
117 300 0
118 240 0
119 310 0
119 315 0
119 326 0
119 330 0
120 252 0
122 356 0
123 197 0
123 275 0
123 282 0
123 288 0
124 266 0
124 287 0
124 343 0
124 351 0
125 400 0
126 228 0
126 238 0
126 256 0
126 322 0
126 395 0
127 178 0
127 223 0
127 247 0
128 172 0
128 319 0
131 169 0
132 138 0
132 154 0
132 214 0
133 392 0
134 296 0
134 366 0
134 373 0
135 201 0
135 293 0
135 384 0
136 279 0
137 229 0
137 237 0
137 305 0
137 312 0
139 314 0
139 350 0
141 392 0
142 173 0
142 305 0
142 315 0
142 394 0
143 148 0
144 388 0
145 303 0
146 280 0
147 381 0
148 185 0
148 265 0
148 370 0
149 239 0
150 195 0
151 186 0
151 203 0
151 265 0
151 328 0
152 331 0
153 189 0
153 308 0
153 342 0
154 321 0
155 202 0
155 252 0
155 341 0
156 326 0
158 341 0
159 202 0
160 232 0
160 305 0
160 310 0
161 371 0
162 242 0
163 188 0
165 247 0
165 338 0
165 372 0
166 338 0
167 357 0
167 362 0
169 199 0
169 310 0
171 262 0
172 217 0
172 357 0
173 348 0
174 214 0
174 270 0
174 297 0
174 368 0
175 198 0
175 226 0
175 231 0
175 250 0
175 265 0
177 287 0
178 234 0
179 241 0
179 284 0
180 230 0
181 219 0
181 234 0
182 190 0
182 200 0
182 319 0
182 386 0
183 232 0
183 238 0
183 386 0
184 393 0
187 248 0
187 385 0
188 217 0
188 232 0
188 320 0
189 193 0
191 268 0
192 249 0
192 299 0
192 376 0
193 333 0
193 382 0
193 393 0
194 317 0
195 272 0
195 389 0
196 274 0
201 225 0
202 294 0
203 273 0
205 206 0
205 368 0
206 282 0
206 290 0
206 374 0
207 213 0
207 271 0
207 286 0
207 357 0
208 280 0
208 381 0
209 252 0
212 301 0
212 317 0
216 380 0
216 395 0
218 237 0
219 350 0
220 381 0
221 338 0
224 388 0
225 234 0
225 251 0
225 264 0
228 320 0
229 258 0
229 314 0
230 301 0
232 399 0
233 257 0
235 341 0
237 245 0
237 375 0
238 303 0
240 307 0
240 351 0
242 311 0
242 335 0
243 350 0
244 274 0
244 280 0
247 399 0
248 254 0
249 317 0
249 352 0
256 338 0
257 259 0
257 306 0
257 351 0
262 295 0
262 386 0
263 317 0
264 359 0
265 316 0
269 274 0
270 351 0
271 341 0
272 331 0
272 378 0
273 393 0
277 284 0
278 315 0
279 341 0
279 347 0
280 398 0
281 394 0
282 378 0
282 381 0
283 377 0
294 358 0
295 395 0
303 360 0
303 367 0
305 351 0
309 320 0
309 322 0
309 364 0
310 346 0
311 326 0
311 358 0
312 367 0
312 390 0
315 387 0
317 358 0
317 385 0
320 378 0
321 377 0
323 343 0
324 356 0
329 381 0
335 347 0
338 360 0
338 369 0
345 394 0
346 354 0
346 383 0
346 391 0
350 398 0
353 388 0
355 380 0
356 398 0
357 399 0
359 394 0
364 392 0
369 399 0
378 394 0
385 388 0
