40 81 0
1 39 0
2 13 0
2 15 0
2 16 0
2 24 0
2 28 0
3 21 0
3 25 0
3 26 0
3 29 0
4 18 0
4 39 0
5 8 0
5 12 0
5 23 0
5 33 0
6 16 0
6 20 0
6 32 0
6 40 0
7 23 0
8 10 0
8 16 0
8 34 0
8 36 0
9 11 0
9 12 0
9 21 0
9 35 0
10 18 0
10 28 0
10 29 0
10 37 0
10 38 0
11 25 0
12 16 0
12 30 0
13 19 0
13 22 0
13 29 0
13 33 0
14 26 0
14 29 0
14 39 0
15 30 0
15 32 0
16 24 0
16 25 0
16 28 0
16 38 0
17 23 0
17 25 0
17 31 0
17 32 0
17 34 0
18 31 0
19 39 0
20 22 0
20 26 0
21 23 0
21 28 0
21 32 0
22 23 0
23 31 0
23 34 0
23 35 0
23 37 0
25 26 0
25 27 0
25 33 0
25 36 0
26 27 0
26 29 0
27 36 0
29 39 0
30 36 0
30 38 0
31 35 0
31 36 0
33 40 0
35 38 0
