600 749 0
1 63 0
1 311 0
1 574 0
1 584 0
2 505 0
3 109 0
3 262 0
3 272 0
3 414 0
3 568 0
3 599 0
4 350 0
4 548 0
4 595 0
5 254 0
6 30 0
6 39 0
6 337 0
6 462 0
7 283 0
8 26 0
8 191 0
8 231 0
9 172 0
10 192 0
11 398 0
12 87 0
13 29 0
13 133 0
13 422 0
14 48 0
14 335 0
14 337 0
14 477 0
14 498 0
15 158 0
16 57 0
17 79 0
17 91 0
17 483 0
17 528 0
18 456 0
19 184 0
19 234 0
19 266 0
19 582 0
20 515 0
21 46 0
21 80 0
21 455 0
21 494 0
21 526 0
21 536 0
22 149 0
22 505 0
22 559 0
23 132 0
23 162 0
23 290 0
23 316 0
23 596 0
24 400 0
25 81 0
25 195 0
25 306 0
25 323 0
26 39 0
26 79 0
26 137 0
26 498 0
27 57 0
27 83 0
27 260 0
27 500 0
27 502 0
28 234 0
29 31 0
29 209 0
29 233 0
29 247 0
29 572 0
30 244 0
30 248 0
30 523 0
30 563 0
31 367 0
31 422 0
32 400 0
33 191 0
33 195 0
33 328 0
33 331 0
33 522 0
34 194 0
34 349 0
34 429 0
34 588 0
35 55 0
35 106 0
35 122 0
35 239 0
36 421 0
37 207 0
37 377 0
37 517 0
38 205 0
39 266 0
39 516 0
40 435 0
41 231 0
42 131 0
43 134 0
44 96 0
44 151 0
44 528 0
44 535 0
44 553 0
45 101 0
45 149 0
45 500 0
46 379 0
46 564 0
47 78 0
47 98 0
47 297 0
47 371 0
48 231 0
48 582 0
49 64 0
49 90 0
49 148 0
49 153 0
50 86 0
50 130 0
50 289 0
50 397 0
50 571 0
51 504 0
52 564 0
53 209 0
53 450 0
53 540 0
53 544 0
54 474 0
56 199 0
56 214 0
56 267 0
56 272 0
56 336 0
57 140 0
57 510 0
58 217 0
58 349 0
58 466 0
58 511 0
59 373 0
59 447 0
59 493 0
59 547 0
59 568 0
60 443 0
61 81 0
62 228 0
62 252 0
62 413 0
62 451 0
65 91 0
65 208 0
65 298 0
65 480 0
66 524 0
67 559 0
68 364 0
69 559 0
70 353 0
71 192 0
72 75 0
72 190 0
72 537 0
73 270 0
73 333 0
73 337 0
73 347 0
73 594 0
74 120 0
74 198 0
74 254 0
74 400 0
75 151 0
75 260 0
75 462 0
75 538 0
76 244 0
77 523 0
78 235 0
78 266 0
78 367 0
79 195 0
79 502 0
81 240 0
81 560 0
82 272 0
82 379 0
82 390 0
83 350 0
83 467 0
83 550 0
83 598 0
84 119 0
84 160 0
84 401 0
84 483 0
84 488 0
84 489 0
85 291 0
87 124 0
87 278 0
87 322 0
88 251 0
88 345 0
88 397 0
88 490 0
89 118 0
89 198 0
89 327 0
89 382 0
89 549 0
91 143 0
91 456 0
92 117 0
93 328 0
93 407 0
93 423 0
93 589 0
94 265 0
95 583 0
97 103 0
99 517 0
100 463 0
101 188 0
101 190 0
101 305 0
101 317 0
102 269 0
102 390 0
102 504 0
102 525 0
103 230 0
103 313 0
103 470 0
104 176 0
104 302 0
104 380 0
104 462 0
105 133 0
107 331 0
108 209 0
108 396 0
108 423 0
108 436 0
108 473 0
109 137 0
109 179 0
109 478 0
109 487 0
110 463 0
111 143 0
112 269 0
113 216 0
114 154 0
114 220 0
114 343 0
114 404 0
114 536 0
115 141 0
115 159 0
115 200 0
115 303 0
115 593 0
116 390 0
117 132 0
117 200 0
117 245 0
117 312 0
117 446 0
119 435 0
119 582 0
120 152 0
120 212 0
120 236 0
120 569 0
120 599 0
121 195 0
121 265 0
121 548 0
123 343 0
123 395 0
123 508 0
123 558 0
124 443 0
124 516 0
124 561 0
125 475 0
126 131 0
126 235 0
126 421 0
127 390 0
128 135 0
129 172 0
131 136 0
131 257 0
131 325 0
132 152 0
132 358 0
132 463 0
133 584 0
133 592 0
134 262 0
134 464 0
134 584 0
134 585 0
135 204 0
135 272 0
135 354 0
135 396 0
136 243 0
136 353 0
136 400 0
136 487 0
137 162 0
137 473 0
138 309 0
139 469 0
141 285 0
141 382 0
142 286 0
143 312 0
143 329 0
143 471 0
144 532 0
145 561 0
146 309 0
147 323 0
149 349 0
149 428 0
149 460 0
150 435 0
151 209 0
152 269 0
153 168 0
153 195 0
153 501 0
155 517 0
156 203 0
157 434 0
158 340 0
158 342 0
158 351 0
159 266 0
159 405 0
159 425 0
159 469 0
161 583 0
162 525 0
162 576 0
163 173 0
164 213 0
164 340 0
164 419 0
164 577 0
165 296 0
166 507 0
167 286 0
168 361 0
168 409 0
168 453 0
168 460 0
169 219 0
169 281 0
169 485 0
169 542 0
170 532 0
171 561 0
172 423 0
172 566 0
173 190 0
173 233 0
173 416 0
174 374 0
175 421 0
177 203 0
178 283 0
179 242 0
179 281 0
179 541 0
179 546 0
180 529 0
181 374 0
182 563 0
183 457 0
184 243 0
184 301 0
184 580 0
185 436 0
186 200 0
186 436 0
186 438 0
186 479 0
187 515 0
188 515 0
188 552 0
189 372 0
190 192 0
190 359 0
191 214 0
191 255 0
192 284 0
192 289 0
193 358 0
196 382 0
196 453 0
196 470 0
196 473 0
196 518 0
196 536 0
197 296 0
197 349 0
197 583 0
198 552 0
199 238 0
199 258 0
199 461 0
201 355 0
201 385 0
201 470 0
202 235 0
203 259 0
203 339 0
203 382 0
205 259 0
205 375 0
205 476 0
205 568 0
206 367 0
207 248 0
207 364 0
207 374 0
207 487 0
207 529 0
209 299 0
210 291 0
211 385 0
214 301 0
215 376 0
216 227 0
216 420 0
216 451 0
218 524 0
221 291 0
221 317 0
221 435 0
221 576 0
221 595 0
222 265 0
223 475 0
224 250 0
224 393 0
224 433 0
224 590 0
225 376 0
226 561 0
229 358 0
231 272 0
231 294 0
231 332 0
231 513 0
232 475 0
233 329 0
233 564 0
234 263 0
234 343 0
234 403 0
235 277 0
237 385 0
238 239 0
238 478 0
238 570 0
238 573 0
239 254 0
239 516 0
241 581 0
242 285 0
242 377 0
243 363 0
244 287 0
244 497 0
246 456 0
248 363 0
249 443 0
253 367 0
254 312 0
254 315 0
254 328 0
254 446 0
256 379 0
258 292 0
258 369 0
258 414 0
258 506 0
258 568 0
259 422 0
260 335 0
260 523 0
261 412 0
262 595 0
264 374 0
265 288 0
265 346 0
265 536 0
268 405 0
269 324 0
271 500 0
273 331 0
274 564 0
275 442 0
276 418 0
276 449 0
276 504 0
279 353 0
280 442 0
281 350 0
281 379 0
281 457 0
282 363 0
283 483 0
283 556 0
285 289 0
285 488 0
285 541 0
286 355 0
286 491 0
286 596 0
288 323 0
288 398 0
290 377 0
290 430 0
290 524 0
290 579 0
291 348 0
293 363 0
294 364 0
294 522 0
295 379 0
296 368 0
296 465 0
296 528 0
299 308 0
299 394 0
299 399 0
299 468 0
300 514 0
301 500 0
301 583 0
302 359 0
302 398 0
304 330 0
304 478 0
304 514 0
306 389 0
306 396 0
306 447 0
306 518 0
307 309 0
308 400 0
308 505 0
309 462 0
310 548 0
314 579 0
316 370 0
316 412 0
316 517 0
316 518 0
317 436 0
318 500 0
319 412 0
320 529 0
321 422 0
323 388 0
323 448 0
323 461 0
326 418 0
329 482 0
330 359 0
330 376 0
330 385 0
330 422 0
331 509 0
334 370 0
335 508 0
335 529 0
336 347 0
336 584 0
337 581 0
338 597 0
340 519 0
340 576 0
341 532 0
344 563 0
347 372 0
347 579 0
349 516 0
350 537 0
352 431 0
353 551 0
355 475 0
355 515 0
355 576 0
356 400 0
357 434 0
357 435 0
357 436 0
358 391 0
359 411 0
359 445 0
359 473 0
360 398 0
361 528 0
361 537 0
362 567 0
363 461 0
363 599 0
364 520 0
364 531 0
365 597 0
366 370 0
367 439 0
370 459 0
372 392 0
372 483 0
372 503 0
376 575 0
377 446 0
378 457 0
381 405 0
382 540 0
382 548 0
383 436 0
384 581 0
386 522 0
387 537 0
388 442 0
388 457 0
388 482 0
390 454 0
397 418 0
397 502 0
398 541 0
400 508 0
400 598 0
402 463 0
405 527 0
406 563 0
408 418 0
410 504 0
411 421 0
411 434 0
411 552 0
412 492 0
414 595 0
415 524 0
417 582 0
418 578 0
421 499 0
422 445 0
422 455 0
422 591 0
423 431 0
424 431 0
425 498 0
425 501 0
425 552 0
426 597 0
427 522 0
430 469 0
430 502 0
431 478 0
431 495 0
432 595 0
433 525 0
433 532 0
433 537 0
434 458 0
435 587 0
437 581 0
440 501 0
441 442 0
441 515 0
441 584 0
442 546 0
443 586 0
444 517 0
445 460 0
445 567 0
447 567 0
449 530 0
449 534 0
449 599 0
451 487 0
451 567 0
452 537 0
453 561 0
455 501 0
456 486 0
457 488 0
469 533 0
470 514 0
470 559 0
472 507 0
474 541 0
474 557 0
474 562 0
478 565 0
481 505 0
482 519 0
482 523 0
484 537 0
486 536 0
486 595 0
487 565 0
496 582 0
501 521 0
502 584 0
504 596 0
505 528 0
507 545 0
507 546 0
512 519 0
514 555 0
515 598 0
519 565 0
523 543 0
525 558 0
539 579 0
540 559 0
546 583 0
552 554 0
558 564 0
558 597 0
559 600 0
