700 861 0
1 34 0
2 379 0
3 189 0
4 204 0
4 245 0
4 443 0
5 59 0
6 28 0
6 291 0
6 382 0
6 494 0
7 60 0
7 137 0
7 264 0
7 315 0
7 414 0
7 489 0
8 434 0
9 71 0
10 518 0
11 78 0
12 692 0
13 145 0
13 256 0
13 274 0
13 364 0
13 619 0
14 217 0
14 243 0
14 306 0
14 700 0
15 333 0
15 388 0
15 671 0
15 700 0
16 237 0
17 76 0
18 128 0
18 196 0
18 292 0
18 496 0
18 505 0
19 330 0
19 426 0
19 663 0
20 82 0
21 301 0
22 225 0
22 459 0
22 605 0
22 649 0
23 159 0
23 234 0
23 266 0
23 392 0
23 549 0
23 554 0
24 403 0
25 682 0
26 461 0
27 29 0
27 160 0
27 245 0
27 300 0
27 349 0
27 350 0
27 511 0
27 530 0
27 672 0
29 295 0
29 548 0
30 653 0
31 302 0
31 329 0
31 521 0
32 34 0
32 231 0
32 663 0
33 294 0
33 434 0
33 550 0
34 231 0
34 502 0
34 547 0
35 204 0
36 335 0
37 74 0
37 129 0
37 355 0
37 506 0
37 632 0
38 58 0
39 220 0
40 253 0
41 119 0
42 77 0
42 229 0
42 299 0
42 565 0
42 616 0
43 460 0
44 348 0
45 379 0
46 470 0
47 242 0
48 126 0
48 285 0
48 439 0
48 465 0
48 691 0
49 414 0
49 444 0
49 521 0
49 564 0
49 642 0
50 142 0
50 418 0
50 552 0
51 561 0
52 366 0
53 230 0
54 310 0
55 627 0
56 294 0
56 495 0
56 523 0
56 538 0
57 222 0
58 203 0
58 619 0
58 648 0
59 303 0
59 411 0
59 446 0
60 218 0
60 264 0
60 347 0
60 450 0
60 687 0
61 425 0
62 536 0
63 77 0
63 229 0
63 346 0
64 653 0
65 294 0
66 523 0
67 500 0
68 94 0
68 179 0
68 504 0
69 293 0
69 331 0
69 488 0
69 549 0
70 287 0
71 409 0
71 472 0
71 634 0
72 242 0
73 119 0
73 222 0
73 292 0
73 664 0
75 466 0
76 334 0
76 375 0
76 390 0
77 208 0
77 425 0
77 482 0
78 486 0
78 553 0
78 555 0
78 584 0
79 626 0
80 99 0
80 144 0
80 193 0
80 227 0
80 256 0
80 424 0
80 453 0
81 296 0
82 396 0
82 479 0
82 483 0
82 487 0
83 209 0
83 353 0
83 375 0
83 492 0
84 526 0
85 171 0
85 323 0
85 569 0
85 651 0
86 132 0
86 225 0
86 282 0
86 381 0
86 413 0
86 449 0
86 549 0
87 490 0
88 662 0
89 317 0
89 372 0
89 605 0
89 672 0
89 675 0
90 476 0
91 230 0
92 180 0
92 405 0
92 432 0
92 528 0
92 588 0
93 138 0
93 318 0
93 386 0
93 429 0
93 499 0
94 156 0
94 313 0
94 455 0
94 460 0
95 384 0
96 161 0
96 665 0
96 699 0
97 680 0
98 335 0
100 305 0
101 471 0
102 289 0
102 326 0
102 431 0
102 605 0
102 681 0
103 172 0
104 145 0
104 251 0
104 474 0
104 485 0
104 574 0
105 211 0
106 148 0
106 186 0
106 224 0
106 270 0
106 358 0
107 221 0
108 678 0
109 210 0
110 198 0
111 420 0
111 577 0
111 591 0
111 618 0
112 508 0
113 341 0
114 328 0
114 446 0
114 507 0
114 515 0
114 551 0
115 539 0
116 321 0
117 504 0
118 456 0
119 173 0
119 361 0
120 578 0
121 179 0
122 341 0
123 505 0
124 509 0
125 508 0
127 570 0
128 166 0
128 235 0
128 377 0
129 665 0
129 694 0
130 330 0
131 169 0
131 256 0
131 407 0
132 385 0
132 564 0
133 476 0
134 171 0
135 157 0
135 168 0
135 421 0
135 430 0
136 204 0
137 480 0
137 517 0
137 601 0
138 287 0
138 379 0
138 482 0
139 460 0
140 542 0
141 526 0
142 158 0
142 446 0
142 491 0
143 456 0
144 395 0
144 596 0
145 225 0
145 662 0
146 401 0
147 461 0
148 409 0
148 690 0
149 536 0
150 468 0
151 443 0
152 500 0
153 539 0
154 356 0
154 364 0
154 446 0
154 617 0
155 395 0
156 496 0
156 576 0
156 636 0
158 507 0
158 542 0
160 385 0
160 569 0
161 486 0
161 534 0
161 565 0
161 630 0
162 329 0
162 550 0
162 578 0
162 634 0
163 170 0
163 229 0
163 261 0
163 581 0
163 669 0
164 311 0
164 338 0
164 339 0
164 345 0
164 426 0
165 407 0
167 186 0
168 324 0
168 647 0
168 663 0
169 228 0
169 342 0
169 506 0
169 660 0
171 229 0
171 234 0
171 255 0
171 640 0
172 370 0
172 426 0
172 444 0
174 643 0
175 268 0
176 412 0
177 569 0
178 198 0
179 193 0
179 316 0
179 597 0
179 604 0
181 463 0
181 642 0
181 678 0
181 683 0
182 663 0
183 330 0
184 224 0
184 310 0
184 412 0
184 692 0
185 443 0
186 369 0
186 645 0
187 261 0
187 312 0
187 458 0
187 557 0
188 374 0
188 592 0
188 604 0
188 693 0
189 206 0
189 383 0
189 658 0
190 682 0
191 621 0
192 372 0
192 473 0
192 692 0
193 570 0
194 403 0
195 655 0
196 257 0
196 339 0
196 365 0
196 607 0
197 662 0
198 436 0
198 619 0
199 211 0
199 402 0
199 407 0
199 564 0
200 305 0
201 234 0
201 327 0
201 442 0
201 487 0
201 594 0
202 598 0
204 473 0
205 398 0
206 385 0
206 420 0
206 641 0
207 330 0
207 398 0
207 418 0
208 350 0
208 399 0
208 668 0
208 695 0
210 360 0
210 438 0
210 590 0
211 262 0
211 477 0
212 470 0
213 626 0
214 304 0
214 519 0
214 539 0
215 523 0
216 643 0
219 627 0
220 276 0
220 423 0
220 610 0
221 256 0
221 441 0
221 512 0
222 281 0
222 410 0
222 437 0
222 672 0
223 286 0
223 529 0
223 569 0
224 267 0
224 427 0
224 546 0
224 612 0
225 565 0
226 543 0
227 561 0
227 638 0
229 391 0
230 571 0
230 604 0
231 280 0
231 653 0
231 690 0
232 683 0
233 627 0
236 366 0
237 289 0
237 439 0
237 659 0
237 661 0
238 626 0
239 578 0
240 596 0
241 468 0
242 356 0
242 497 0
242 544 0
244 270 0
245 354 0
245 397 0
245 443 0
246 301 0
247 457 0
248 296 0
249 680 0
250 294 0
251 330 0
251 455 0
251 543 0
252 587 0
253 405 0
253 579 0
253 654 0
254 286 0
256 587 0
258 443 0
259 503 0
260 527 0
261 280 0
261 518 0
261 519 0
263 295 0
264 596 0
265 651 0
266 315 0
266 412 0
267 425 0
267 549 0
268 479 0
268 562 0
268 583 0
269 463 0
270 319 0
270 406 0
270 595 0
271 341 0
272 425 0
273 598 0
274 286 0
274 527 0
274 536 0
275 468 0
277 621 0
278 503 0
279 296 0
280 451 0
280 546 0
280 604 0
283 647 0
284 348 0
286 442 0
286 666 0
286 670 0
287 309 0
287 428 0
287 449 0
287 622 0
287 634 0
288 301 0
289 407 0
290 402 0
292 329 0
292 369 0
292 700 0
294 580 0
295 423 0
295 533 0
296 612 0
297 570 0
298 526 0
301 557 0
301 612 0
302 364 0
302 482 0
302 641 0
304 320 0
304 362 0
304 600 0
304 602 0
305 428 0
305 473 0
305 514 0
307 662 0
308 460 0
310 410 0
310 646 0
311 369 0
311 655 0
313 362 0
313 363 0
313 422 0
313 427 0
314 367 0
315 325 0
315 567 0
316 569 0
316 699 0
319 470 0
319 473 0
320 598 0
320 608 0
320 642 0
321 516 0
321 594 0
321 611 0
322 444 0
322 449 0
322 451 0
322 498 0
322 552 0
322 589 0
322 685 0
323 423 0
323 493 0
323 498 0
324 364 0
324 473 0
324 656 0
329 354 0
329 455 0
332 561 0
335 629 0
335 694 0
336 397 0
337 653 0
339 401 0
340 367 0
341 404 0
341 489 0
343 470 0
344 503 0
346 440 0
346 572 0
346 656 0
347 564 0
347 656 0
348 532 0
348 619 0
350 527 0
351 357 0
351 432 0
351 439 0
351 493 0
351 631 0
352 663 0
354 549 0
354 644 0
356 476 0
356 550 0
357 401 0
357 570 0
357 578 0
358 445 0
358 553 0
358 638 0
359 538 0
362 587 0
363 523 0
363 617 0
364 499 0
366 447 0
366 497 0
366 617 0
367 382 0
367 501 0
368 509 0
369 627 0
371 463 0
372 403 0
372 463 0
373 538 0
375 468 0
375 517 0
375 575 0
376 463 0
378 476 0
379 552 0
380 539 0
382 457 0
382 564 0
384 439 0
384 519 0
384 628 0
385 461 0
387 647 0
389 699 0
391 596 0
391 604 0
393 398 0
394 665 0
395 408 0
395 656 0
397 520 0
397 582 0
398 594 0
398 639 0
400 542 0
401 507 0
401 559 0
401 624 0
402 522 0
402 563 0
403 405 0
404 414 0
404 490 0
404 539 0
405 641 0
406 443 0
406 664 0
409 470 0
409 495 0
409 662 0
410 543 0
410 684 0
412 454 0
412 623 0
412 633 0
414 694 0
415 664 0
416 608 0
417 603 0
418 464 0
418 612 0
418 650 0
418 687 0
419 457 0
420 626 0
420 643 0
423 652 0
425 638 0
425 684 0
426 621 0
426 642 0
427 518 0
428 569 0
432 466 0
433 647 0
434 487 0
434 513 0
434 514 0
434 537 0
435 598 0
442 542 0
443 691 0
447 505 0
447 569 0
448 456 0
451 652 0
452 490 0
454 652 0
454 680 0
455 605 0
456 548 0
456 700 0
457 698 0
461 676 0
462 529 0
463 557 0
466 644 0
466 674 0
467 508 0
469 538 0
471 545 0
471 617 0
471 620 0
473 657 0
474 606 0
474 647 0
475 652 0
478 543 0
479 503 0
479 564 0
479 646 0
481 578 0
482 486 0
484 692 0
486 603 0
489 608 0
490 515 0
490 622 0
493 521 0
493 575 0
495 513 0
495 546 0
496 692 0
497 546 0
498 504 0
498 680 0
499 664 0
500 586 0
500 631 0
504 511 0
504 609 0
505 544 0
505 573 0
505 691 0
506 542 0
506 641 0
507 550 0
508 656 0
509 585 0
509 617 0
510 657 0
511 683 0
513 526 0
513 561 0
514 692 0
515 621 0
517 570 0
518 558 0
519 594 0
521 546 0
523 646 0
523 688 0
524 529 0
525 682 0
527 548 0
529 590 0
529 673 0
531 651 0
535 683 0
536 568 0
539 552 0
540 699 0
541 690 0
542 556 0
543 625 0
544 603 0
548 549 0
550 679 0
553 662 0
560 587 0
564 580 0
566 587 0
570 697 0
575 590 0
575 594 0
580 655 0
590 627 0
593 690 0
596 644 0
596 649 0
599 699 0
603 613 0
603 649 0
606 614 0
606 686 0
606 694 0
608 667 0
615 678 0
621 637 0
622 663 0
631 655 0
631 682 0
635 680 0
638 690 0
643 677 0
644 699 0
651 687 0
657 689 0
657 696 0
665 694 0
678 684 0
