60 119 0
1 15 0
1 18 0
1 23 0
1 48 0
1 53 0
1 60 0
2 15 0
2 27 0
3 17 0
4 8 0
4 13 0
4 48 0
5 19 0
5 21 0
5 34 0
5 49 0
5 54 0
5 55 0
6 22 0
6 27 0
6 28 0
6 59 0
7 13 0
8 29 0
8 50 0
8 53 0
8 58 0
9 17 0
9 23 0
9 31 0
9 60 0
10 35 0
10 39 0
11 20 0
11 32 0
11 41 0
11 52 0
11 56 0
11 57 0
12 25 0
12 29 0
12 34 0
12 44 0
12 60 0
13 33 0
13 40 0
13 57 0
14 38 0
15 27 0
15 39 0
15 60 0
16 27 0
16 39 0
16 47 0
16 48 0
17 23 0
17 26 0
17 28 0
17 43 0
17 48 0
17 50 0
17 53 0
18 35 0
19 51 0
20 52 0
21 22 0
21 52 0
22 26 0
22 27 0
22 46 0
22 53 0
23 32 0
23 42 0
24 33 0
24 41 0
24 43 0
24 54 0
24 58 0
25 28 0
25 48 0
27 29 0
27 31 0
28 29 0
28 35 0
28 40 0
28 51 0
30 45 0
30 55 0
32 35 0
32 50 0
33 50 0
33 54 0
33 56 0
33 57 0
34 51 0
35 48 0
35 59 0
36 37 0
36 48 0
37 56 0
37 57 0
37 59 0
38 45 0
38 47 0
38 58 0
39 43 0
39 50 0
39 58 0
40 55 0
42 52 0
42 55 0
44 58 0
44 60 0
45 58 0
50 53 0
50 55 0
50 57 0
55 59 0
58 60 0
