180 200 0
1 5 0
1 16 0
1 22 0
1 28 0
2 18 0
2 39 0
2 40 0
2 170 0
3 131 0
3 169 0
4 151 0
6 149 0
6 163 0
7 70 0
8 67 0
8 95 0
8 107 0
8 172 0
9 78 0
10 38 0
11 126 0
12 26 0
12 61 0
12 69 0
12 127 0
13 27 0
13 153 0
14 173 0
15 18 0
15 50 0
15 89 0
15 119 0
15 148 0
16 123 0
16 163 0
16 167 0
17 134 0
19 118 0
20 27 0
20 160 0
21 137 0
22 70 0
23 38 0
23 108 0
23 122 0
24 59 0
25 93 0
25 98 0
25 132 0
25 172 0
26 92 0
27 33 0
27 90 0
27 127 0
28 133 0
29 43 0
30 145 0
31 39 0
31 54 0
31 166 0
31 176 0
32 99 0
33 129 0
34 123 0
35 45 0
35 46 0
35 172 0
35 177 0
36 81 0
36 129 0
36 171 0
36 173 0
37 118 0
38 50 0
38 82 0
39 120 0
39 126 0
41 163 0
42 71 0
43 47 0
43 161 0
43 162 0
44 151 0
46 107 0
48 60 0
48 64 0
48 72 0
48 128 0
49 123 0
50 94 0
50 107 0
50 126 0
51 86 0
51 95 0
51 112 0
51 159 0
52 56 0
52 129 0
53 145 0
55 94 0
56 134 0
57 82 0
57 112 0
58 78 0
59 124 0
59 162 0
59 169 0
60 63 0
60 111 0
62 81 0
62 107 0
62 120 0
63 141 0
65 126 0
66 83 0
66 102 0
66 142 0
66 146 0
67 118 0
67 139 0
67 149 0
68 82 0
70 73 0
70 84 0
70 114 0
71 83 0
71 105 0
71 175 0
72 120 0
72 131 0
72 145 0
73 99 0
73 167 0
73 180 0
74 131 0
75 149 0
76 139 0
77 137 0
78 95 0
78 103 0
79 125 0
79 171 0
80 145 0
81 83 0
81 109 0
82 100 0
83 104 0
83 171 0
85 141 0
87 139 0
88 173 0
91 117 0
92 180 0
94 106 0
94 125 0
95 179 0
96 149 0
97 99 0
97 120 0
99 168 0
101 179 0
104 111 0
104 164 0
104 178 0
107 167 0
109 117 0
109 137 0
109 151 0
110 179 0
113 123 0
114 165 0
115 156 0
116 129 0
117 121 0
117 130 0
118 174 0
120 162 0
124 173 0
126 136 0
127 141 0
127 167 0
131 153 0
133 179 0
134 152 0
134 162 0
135 156 0
137 155 0
138 139 0
140 163 0
141 160 0
143 173 0
144 180 0
147 171 0
149 150 0
151 158 0
154 171 0
156 157 0
156 172 0
159 160 0
165 180 0
