400 459 0
1 64 0
2 98 0
3 107 0
3 175 0
3 249 0
3 281 0
4 47 0
5 56 0
5 87 0
5 130 0
5 259 0
5 302 0
6 170 0
7 34 0
7 384 0
8 13 0
8 27 0
8 118 0
8 291 0
8 363 0
9 129 0
9 243 0
9 298 0
9 343 0
9 361 0
10 142 0
10 280 0
10 298 0
10 327 0
11 271 0
12 100 0
13 108 0
13 198 0
14 34 0
14 212 0
14 220 0
14 330 0
15 334 0
16 269 0
16 308 0
16 372 0
16 393 0
17 205 0
18 399 0
19 325 0
20 39 0
21 90 0
22 66 0
22 334 0
23 56 0
23 69 0
23 278 0
23 325 0
24 134 0
24 343 0
25 189 0
26 240 0
28 51 0
28 234 0
28 298 0
28 326 0
29 168 0
30 72 0
30 207 0
30 218 0
30 332 0
31 192 0
31 214 0
31 323 0
31 357 0
32 302 0
33 96 0
35 299 0
35 301 0
36 190 0
37 348 0
38 124 0
39 274 0
39 357 0
39 391 0
40 99 0
40 259 0
40 334 0
40 351 0
41 117 0
41 168 0
41 296 0
41 336 0
42 195 0
42 215 0
42 361 0
42 378 0
43 52 0
43 171 0
43 296 0
44 61 0
44 205 0
45 116 0
45 166 0
45 294 0
46 98 0
47 49 0
47 118 0
47 127 0
48 69 0
48 135 0
50 75 0
50 245 0
50 263 0
50 269 0
51 73 0
52 359 0
53 227 0
54 79 0
55 248 0
56 72 0
56 254 0
57 104 0
57 163 0
57 172 0
57 369 0
58 87 0
58 375 0
59 65 0
59 180 0
59 389 0
60 339 0
61 152 0
62 90 0
63 375 0
63 392 0
63 393 0
64 243 0
64 293 0
64 350 0
65 238 0
66 248 0
66 373 0
67 151 0
67 230 0
67 243 0
67 364 0
68 162 0
69 191 0
69 256 0
70 159 0
71 162 0
72 187 0
72 226 0
73 189 0
74 205 0
75 188 0
76 360 0
77 271 0
78 199 0
79 198 0
79 352 0
79 361 0
80 117 0
80 280 0
81 113 0
81 152 0
81 174 0
81 310 0
82 208 0
83 87 0
84 152 0
85 165 0
85 174 0
85 240 0
85 331 0
86 132 0
87 128 0
88 118 0
88 317 0
88 349 0
88 380 0
89 342 0
90 107 0
90 141 0
91 173 0
92 184 0
92 373 0
93 277 0
94 306 0
95 299 0
96 254 0
96 255 0
96 258 0
97 108 0
98 284 0
98 363 0
99 131 0
99 362 0
99 386 0
100 207 0
100 222 0
100 337 0
101 146 0
102 165 0
102 199 0
102 226 0
102 368 0
103 137 0
103 197 0
103 314 0
103 332 0
104 298 0
105 246 0
106 306 0
107 232 0
107 342 0
108 164 0
108 247 0
108 361 0
109 122 0
109 193 0
109 286 0
109 360 0
110 115 0
110 167 0
110 279 0
110 300 0
111 278 0
112 231 0
113 114 0
113 140 0
113 169 0
116 199 0
117 229 0
117 322 0
118 310 0
118 348 0
119 166 0
120 211 0
120 241 0
120 268 0
120 345 0
121 189 0
121 240 0
121 300 0
121 389 0
122 241 0
122 269 0
122 283 0
123 348 0
124 270 0
124 303 0
124 329 0
125 155 0
125 218 0
125 320 0
125 329 0
125 400 0
126 248 0
127 206 0
129 139 0
129 187 0
129 310 0
130 159 0
130 276 0
130 295 0
130 387 0
132 218 0
132 312 0
132 371 0
133 242 0
133 262 0
133 301 0
133 318 0
134 179 0
134 396 0
135 208 0
135 283 0
136 170 0
138 186 0
138 225 0
138 263 0
138 265 0
138 311 0
139 212 0
139 269 0
139 311 0
139 363 0
140 154 0
140 383 0
143 325 0
144 373 0
145 343 0
146 242 0
146 252 0
146 367 0
147 166 0
148 152 0
149 205 0
149 219 0
149 232 0
149 399 0
150 244 0
153 168 0
154 370 0
156 159 0
157 182 0
157 196 0
157 324 0
157 363 0
157 366 0
158 297 0
158 334 0
158 389 0
159 176 0
159 201 0
160 219 0
161 302 0
162 241 0
162 335 0
164 232 0
164 382 0
165 209 0
165 236 0
165 290 0
166 211 0
166 212 0
168 347 0
170 194 0
170 254 0
171 174 0
171 348 0
173 300 0
173 328 0
173 377 0
174 217 0
177 179 0
178 339 0
179 218 0
179 395 0
180 278 0
181 203 0
181 302 0
182 271 0
183 399 0
184 193 0
185 206 0
185 254 0
185 264 0
185 354 0
187 283 0
188 368 0
189 203 0
190 237 0
190 273 0
190 369 0
193 221 0
193 341 0
194 395 0
196 384 0
198 257 0
199 213 0
200 219 0
201 232 0
201 343 0
201 392 0
202 315 0
202 357 0
202 376 0
202 381 0
203 289 0
203 391 0
204 370 0
205 231 0
207 248 0
207 373 0
208 210 0
208 365 0
210 259 0
210 271 0
210 339 0
212 299 0
216 340 0
218 244 0
219 346 0
223 292 0
224 246 0
226 242 0
226 329 0
227 269 0
227 294 0
227 297 0
228 299 0
230 249 0
231 243 0
231 282 0
231 338 0
232 283 0
233 286 0
235 240 0
235 352 0
238 253 0
238 311 0
238 382 0
239 240 0
239 283 0
241 340 0
242 370 0
244 261 0
244 276 0
244 307 0
245 254 0
246 332 0
246 333 0
248 379 0
250 368 0
251 399 0
257 266 0
257 351 0
259 336 0
259 357 0
260 368 0
266 343 0
267 359 0
269 337 0
271 355 0
272 339 0
275 292 0
277 305 0
277 369 0
277 383 0
278 394 0
283 336 0
285 325 0
286 316 0
286 358 0
287 292 0
288 348 0
289 359 0
292 329 0
296 374 0
296 375 0
298 359 0
300 336 0
304 334 0
306 309 0
306 311 0
310 369 0
313 340 0
319 342 0
321 384 0
331 370 0
332 384 0
340 356 0
342 353 0
344 392 0
347 362 0
351 385 0
351 390 0
360 388 0
360 397 0
389 396 0
392 398 0
