200 222 0
1 15 0
1 31 0
1 41 0
1 185 0
2 37 0
2 83 0
2 151 0
2 185 0
3 12 0
3 56 0
4 45 0
4 139 0
5 87 0
6 193 0
7 141 0
8 63 0
8 65 0
8 146 0
8 179 0
8 190 0
9 40 0
10 30 0
10 33 0
10 79 0
10 157 0
11 96 0
12 76 0
12 146 0
12 163 0
13 163 0
14 30 0
15 86 0
15 139 0
15 199 0
16 47 0
16 73 0
16 132 0
16 164 0
17 18 0
17 37 0
17 171 0
17 180 0
18 187 0
19 153 0
20 124 0
21 49 0
22 64 0
22 80 0
22 85 0
22 109 0
23 37 0
23 104 0
24 90 0
24 199 0
25 57 0
25 101 0
26 163 0
27 105 0
28 32 0
28 81 0
28 83 0
28 189 0
29 30 0
30 138 0
31 91 0
31 114 0
31 186 0
33 69 0
33 89 0
33 95 0
34 64 0
34 79 0
34 116 0
34 124 0
34 153 0
35 83 0
35 97 0
35 172 0
35 192 0
36 57 0
37 96 0
37 146 0
38 87 0
39 137 0
40 44 0
40 80 0
40 102 0
40 160 0
41 102 0
41 104 0
41 129 0
41 191 0
42 186 0
43 174 0
44 111 0
44 120 0
44 133 0
44 148 0
45 116 0
46 145 0
47 113 0
47 145 0
47 167 0
48 139 0
48 145 0
49 68 0
49 72 0
49 188 0
50 134 0
50 186 0
51 108 0
52 54 0
52 58 0
52 100 0
52 188 0
53 74 0
55 86 0
56 93 0
56 110 0
56 133 0
57 106 0
57 159 0
59 141 0
60 149 0
61 87 0
62 178 0
64 160 0
66 149 0
67 105 0
69 92 0
70 166 0
71 82 0
74 118 0
74 176 0
74 179 0
75 96 0
76 131 0
76 137 0
76 141 0
76 163 0
77 113 0
77 131 0
77 185 0
78 124 0
79 80 0
79 185 0
80 178 0
82 151 0
82 158 0
82 160 0
82 187 0
83 174 0
84 167 0
86 156 0
86 197 0
87 159 0
88 91 0
90 108 0
91 115 0
91 155 0
92 186 0
92 199 0
94 166 0
95 117 0
96 169 0
98 178 0
99 137 0
101 146 0
103 157 0
104 134 0
104 135 0
105 122 0
105 159 0
107 146 0
108 152 0
108 179 0
109 161 0
112 146 0
113 166 0
113 179 0
113 188 0
114 127 0
114 136 0
114 150 0
114 194 0
116 126 0
116 154 0
117 119 0
117 123 0
117 128 0
117 151 0
118 128 0
121 166 0
124 142 0
125 178 0
129 147 0
130 153 0
131 133 0
131 159 0
133 193 0
137 181 0
139 177 0
140 167 0
141 195 0
143 199 0
144 174 0
145 165 0
145 200 0
149 161 0
149 188 0
151 166 0
153 198 0
157 168 0
157 183 0
162 191 0
167 182 0
170 174 0
173 191 0
175 193 0
184 191 0
193 194 0
196 199 0
