60 119 0
1 7 0
1 26 0
1 30 0
1 32 0
1 35 0
1 38 0
2 16 0
2 46 0
3 19 0
3 23 0
3 44 0
4 22 0
4 23 0
4 31 0
4 33 0
4 46 0
5 45 0
5 52 0
5 58 0
6 36 0
6 52 0
6 54 0
7 12 0
7 13 0
7 38 0
7 51 0
8 35 0
8 43 0
8 44 0
8 45 0
8 46 0
8 49 0
8 51 0
9 26 0
9 28 0
10 12 0
10 17 0
10 34 0
11 34 0
11 38 0
11 41 0
11 58 0
12 14 0
12 24 0
12 45 0
12 50 0
12 58 0
13 33 0
14 28 0
14 29 0
14 54 0
15 18 0
15 48 0
16 18 0
17 52 0
18 22 0
18 34 0
18 37 0
19 50 0
19 51 0
19 52 0
19 53 0
20 56 0
21 52 0
21 60 0
22 32 0
22 39 0
22 56 0
23 27 0
23 36 0
23 39 0
23 45 0
23 49 0
24 27 0
24 34 0
25 27 0
25 31 0
25 32 0
25 51 0
25 53 0
25 60 0
26 29 0
26 35 0
28 31 0
28 33 0
28 34 0
28 53 0
29 49 0
30 35 0
31 46 0
31 54 0
32 58 0
33 34 0
33 48 0
33 50 0
33 57 0
34 35 0
34 46 0
35 51 0
35 55 0
36 42 0
37 57 0
38 44 0
39 53 0
39 59 0
40 42 0
41 58 0
42 43 0
42 47 0
43 52 0
43 54 0
44 56 0
45 56 0
46 51 0
46 55 0
48 54 0
51 57 0
54 59 0
55 58 0
