350 435 0
1 12 0
1 52 0
2 298 0
3 28 0
3 127 0
3 133 0
3 164 0
3 267 0
4 51 0
5 105 0
5 108 0
5 158 0
5 271 0
6 31 0
6 331 0
6 338 0
7 302 0
8 38 0
8 57 0
8 128 0
8 189 0
9 73 0
9 273 0
9 279 0
9 323 0
10 53 0
11 118 0
11 253 0
11 257 0
11 314 0
12 19 0
12 179 0
12 192 0
12 259 0
12 298 0
13 266 0
14 16 0
14 35 0
14 93 0
14 143 0
15 87 0
15 218 0
16 245 0
17 203 0
17 276 0
18 124 0
19 50 0
20 310 0
21 90 0
21 158 0
21 304 0
21 309 0
22 276 0
23 277 0
24 37 0
24 183 0
25 217 0
26 268 0
27 287 0
29 159 0
29 275 0
29 283 0
29 305 0
29 306 0
30 114 0
30 218 0
30 250 0
31 310 0
32 57 0
32 114 0
32 186 0
32 285 0
33 247 0
33 326 0
34 48 0
35 195 0
36 302 0
37 44 0
37 67 0
37 98 0
37 194 0
37 337 0
39 59 0
39 214 0
39 315 0
39 340 0
40 205 0
41 229 0
42 63 0
42 65 0
42 100 0
42 304 0
43 277 0
44 91 0
44 105 0
44 115 0
44 331 0
45 205 0
46 114 0
46 177 0
46 301 0
47 146 0
47 289 0
47 346 0
48 227 0
48 237 0
48 252 0
49 65 0
50 213 0
51 168 0
51 243 0
51 321 0
52 78 0
53 88 0
53 265 0
53 283 0
53 343 0
54 215 0
54 217 0
55 138 0
55 205 0
55 215 0
55 322 0
56 181 0
56 211 0
57 266 0
57 271 0
58 199 0
58 208 0
58 209 0
58 332 0
60 115 0
60 311 0
61 326 0
62 120 0
62 130 0
62 181 0
62 276 0
62 286 0
63 97 0
63 146 0
63 293 0
63 297 0
64 149 0
64 239 0
65 83 0
65 188 0
65 315 0
66 140 0
67 130 0
68 193 0
68 195 0
68 222 0
68 227 0
69 90 0
69 324 0
69 334 0
69 336 0
70 203 0
71 180 0
72 153 0
72 161 0
72 232 0
72 270 0
74 184 0
74 255 0
74 272 0
74 350 0
75 174 0
76 119 0
76 215 0
77 91 0
77 286 0
78 107 0
78 182 0
78 230 0
79 171 0
79 335 0
80 126 0
80 287 0
81 326 0
82 102 0
82 104 0
82 110 0
82 255 0
82 290 0
83 181 0
84 255 0
84 287 0
85 200 0
86 205 0
87 200 0
88 287 0
89 97 0
89 111 0
90 143 0
90 273 0
90 298 0
90 320 0
91 144 0
91 236 0
92 215 0
93 333 0
94 122 0
94 243 0
95 218 0
96 163 0
96 238 0
96 269 0
96 315 0
97 122 0
98 105 0
99 282 0
99 298 0
100 173 0
100 225 0
100 278 0
101 207 0
102 105 0
102 326 0
102 346 0
103 274 0
104 123 0
105 227 0
106 126 0
107 217 0
107 248 0
107 309 0
108 118 0
108 273 0
108 283 0
109 132 0
109 196 0
111 159 0
111 170 0
111 265 0
111 348 0
112 180 0
113 175 0
114 275 0
115 148 0
115 234 0
115 349 0
116 337 0
117 331 0
118 140 0
118 233 0
119 174 0
120 240 0
120 299 0
120 317 0
121 126 0
122 198 0
122 256 0
122 283 0
123 158 0
123 185 0
123 286 0
123 322 0
124 227 0
124 244 0
124 344 0
125 229 0
126 246 0
126 283 0
126 347 0
129 266 0
130 169 0
130 178 0
130 295 0
131 175 0
131 206 0
131 277 0
132 143 0
132 201 0
132 342 0
133 226 0
134 175 0
134 340 0
135 186 0
135 274 0
136 254 0
136 303 0
136 308 0
136 315 0
137 200 0
138 142 0
138 216 0
138 281 0
139 155 0
140 152 0
140 329 0
141 203 0
143 262 0
145 149 0
147 177 0
148 213 0
148 304 0
148 345 0
149 288 0
149 333 0
150 262 0
151 177 0
152 188 0
153 308 0
154 203 0
154 229 0
154 309 0
154 325 0
155 166 0
155 288 0
155 330 0
156 335 0
157 180 0
159 180 0
159 304 0
160 162 0
162 202 0
162 204 0
162 241 0
164 260 0
165 264 0
167 325 0
168 175 0
168 181 0
168 271 0
170 287 0
171 174 0
172 276 0
174 273 0
176 325 0
177 232 0
181 239 0
181 242 0
183 197 0
183 228 0
183 232 0
183 306 0
183 341 0
184 307 0
185 195 0
185 267 0
185 332 0
185 347 0
185 350 0
186 227 0
186 311 0
187 346 0
190 262 0
191 229 0
192 310 0
194 335 0
195 332 0
196 282 0
200 202 0
202 277 0
202 286 0
203 307 0
206 213 0
207 249 0
207 267 0
207 300 0
208 213 0
210 250 0
211 250 0
212 248 0
213 223 0
215 219 0
215 319 0
217 313 0
218 255 0
219 345 0
220 345 0
221 268 0
224 337 0
226 251 0
226 258 0
226 328 0
229 268 0
231 264 0
232 286 0
233 247 0
233 276 0
233 318 0
233 327 0
235 262 0
239 270 0
244 327 0
245 312 0
245 315 0
248 284 0
248 338 0
250 283 0
250 343 0
250 350 0
251 264 0
251 268 0
251 322 0
255 282 0
255 322 0
257 269 0
259 266 0
260 282 0
261 274 0
263 339 0
264 289 0
265 287 0
267 337 0
268 292 0
271 315 0
273 287 0
274 347 0
275 291 0
277 296 0
280 318 0
280 346 0
281 345 0
288 302 0
288 309 0
291 312 0
294 337 0
297 331 0
298 339 0
301 325 0
302 311 0
304 332 0
306 323 0
310 332 0
312 316 0
312 347 0
313 333 0
320 345 0
324 345 0
325 343 0
332 335 0
