180 242 0
1 90 0
1 153 0
2 88 0
3 96 0
4 66 0
4 72 0
4 99 0
4 137 0
4 140 0
5 76 0
5 124 0
5 132 0
6 34 0
7 39 0
7 47 0
7 72 0
7 106 0
8 15 0
8 40 0
8 48 0
8 103 0
8 133 0
8 141 0
9 48 0
9 92 0
9 123 0
10 161 0
11 49 0
12 33 0
13 32 0
13 167 0
14 102 0
14 103 0
14 154 0
15 44 0
15 87 0
15 115 0
15 147 0
15 180 0
16 36 0
16 73 0
16 126 0
17 34 0
18 44 0
18 111 0
18 112 0
18 156 0
19 114 0
19 174 0
20 166 0
21 26 0
22 40 0
23 94 0
23 107 0
23 127 0
23 144 0
24 27 0
24 164 0
25 48 0
25 170 0
26 55 0
26 124 0
26 159 0
27 88 0
27 131 0
28 89 0
28 101 0
28 153 0
28 174 0
29 138 0
30 49 0
30 148 0
30 159 0
31 110 0
32 136 0
33 56 0
33 57 0
33 95 0
33 109 0
34 51 0
34 95 0
35 138 0
36 43 0
36 77 0
36 169 0
37 63 0
37 71 0
37 75 0
37 77 0
38 107 0
38 126 0
40 82 0
40 158 0
41 179 0
42 46 0
42 86 0
42 141 0
42 164 0
42 172 0
44 116 0
44 176 0
45 153 0
46 168 0
47 68 0
47 81 0
47 92 0
48 57 0
48 145 0
49 134 0
49 141 0
49 146 0
50 64 0
50 67 0
50 85 0
50 94 0
51 72 0
51 141 0
52 109 0
52 164 0
53 89 0
53 103 0
53 109 0
54 90 0
55 88 0
55 90 0
55 119 0
58 114 0
59 136 0
60 151 0
60 166 0
61 153 0
62 151 0
63 67 0
63 103 0
63 173 0
64 160 0
65 87 0
65 161 0
66 89 0
66 103 0
66 130 0
68 176 0
69 116 0
69 138 0
69 156 0
69 167 0
70 148 0
70 178 0
71 129 0
71 138 0
71 164 0
73 93 0
73 121 0
73 168 0
73 179 0
74 82 0
74 111 0
74 125 0
74 152 0
74 155 0
74 178 0
75 78 0
75 110 0
75 153 0
76 97 0
76 100 0
76 152 0
77 166 0
77 167 0
77 172 0
78 101 0
78 104 0
78 151 0
78 163 0
79 114 0
80 148 0
81 141 0
81 154 0
83 110 0
84 161 0
88 175 0
89 122 0
90 109 0
91 129 0
92 129 0
94 102 0
94 116 0
94 161 0
95 103 0
95 151 0
96 105 0
96 106 0
96 149 0
98 176 0
100 161 0
101 156 0
101 176 0
102 132 0
102 151 0
104 157 0
106 173 0
106 179 0
108 176 0
110 115 0
110 131 0
113 120 0
114 143 0
116 152 0
116 173 0
117 133 0
118 136 0
119 141 0
119 143 0
119 173 0
120 141 0
120 145 0
120 160 0
120 165 0
121 151 0
123 130 0
126 152 0
126 170 0
126 177 0
128 166 0
129 139 0
130 132 0
130 157 0
133 150 0
133 180 0
135 154 0
136 143 0
138 142 0
141 170 0
143 154 0
148 155 0
148 179 0
152 161 0
153 162 0
164 174 0
164 179 0
167 171 0
169 179 0
