900 1124 0
1 99 0
1 291 0
1 378 0
1 718 0
2 137 0
2 256 0
2 322 0
2 626 0
3 409 0
4 112 0
4 409 0
4 813 0
4 847 0
5 23 0
5 100 0
5 382 0
5 393 0
6 53 0
6 115 0
6 182 0
6 761 0
7 70 0
7 195 0
7 702 0
7 729 0
8 16 0
8 134 0
8 300 0
8 549 0
8 730 0
8 771 0
9 77 0
9 123 0
9 309 0
9 540 0
9 740 0
10 729 0
11 324 0
12 695 0
13 36 0
14 356 0
15 578 0
16 367 0
16 825 0
17 303 0
17 438 0
17 790 0
17 848 0
17 850 0
17 899 0
17 900 0
18 716 0
19 325 0
20 28 0
20 575 0
20 662 0
20 884 0
21 127 0
21 492 0
21 684 0
21 732 0
22 851 0
23 123 0
23 265 0
23 313 0
23 388 0
23 597 0
24 151 0
25 695 0
26 673 0
27 61 0
29 113 0
29 444 0
29 572 0
30 56 0
30 432 0
30 671 0
30 834 0
31 248 0
31 343 0
31 556 0
32 347 0
33 815 0
34 70 0
35 269 0
36 155 0
36 338 0
36 354 0
36 562 0
37 534 0
38 829 0
39 416 0
39 458 0
39 590 0
39 609 0
40 289 0
41 594 0
42 347 0
43 371 0
43 539 0
43 647 0
44 327 0
44 419 0
44 631 0
44 776 0
45 80 0
45 682 0
45 792 0
45 897 0
46 458 0
46 647 0
46 705 0
46 813 0
47 534 0
48 416 0
49 650 0
50 347 0
51 889 0
52 59 0
54 803 0
55 862 0
56 560 0
56 620 0
56 708 0
56 713 0
57 393 0
58 69 0
59 293 0
59 338 0
59 447 0
59 449 0
59 628 0
59 854 0
60 368 0
60 382 0
60 441 0
60 579 0
60 602 0
60 709 0
61 75 0
61 586 0
61 589 0
62 316 0
63 545 0
64 649 0
65 321 0
65 430 0
65 548 0
65 648 0
66 124 0
67 865 0
68 288 0
68 498 0
68 578 0
68 744 0
69 288 0
69 591 0
69 700 0
70 369 0
70 700 0
70 873 0
71 107 0
71 256 0
71 481 0
71 647 0
72 279 0
73 847 0
74 287 0
74 430 0
74 435 0
74 793 0
74 860 0
75 93 0
75 542 0
75 803 0
76 787 0
78 145 0
78 188 0
78 600 0
79 88 0
79 129 0
79 476 0
81 341 0
82 178 0
83 187 0
83 351 0
83 460 0
83 788 0
84 353 0
84 478 0
84 673 0
84 685 0
85 672 0
86 417 0
87 465 0
88 419 0
88 762 0
88 801 0
89 380 0
89 404 0
89 451 0
89 667 0
89 900 0
90 674 0
91 629 0
92 233 0
93 258 0
93 531 0
93 793 0
94 304 0
94 430 0
94 622 0
94 661 0
94 869 0
95 100 0
96 332 0
97 797 0
98 352 0
100 533 0
100 628 0
100 659 0
101 185 0
101 406 0
101 572 0
101 688 0
102 530 0
102 575 0
102 743 0
102 808 0
103 829 0
104 245 0
105 372 0
106 355 0
107 208 0
107 732 0
107 736 0
107 849 0
108 864 0
109 645 0
110 465 0
111 413 0
111 479 0
111 637 0
111 706 0
112 295 0
112 510 0
112 724 0
113 611 0
113 683 0
113 696 0
114 200 0
114 296 0
114 344 0
114 442 0
114 783 0
116 524 0
117 534 0
118 542 0
119 257 0
120 345 0
120 480 0
120 522 0
120 656 0
120 770 0
121 418 0
121 652 0
121 827 0
122 237 0
123 433 0
123 750 0
124 197 0
124 259 0
124 654 0
125 188 0
125 613 0
125 633 0
125 797 0
126 279 0
126 387 0
126 634 0
126 646 0
126 687 0
126 879 0
128 160 0
128 498 0
128 633 0
128 755 0
129 144 0
129 293 0
129 473 0
129 762 0
130 709 0
131 502 0
131 733 0
131 767 0
131 780 0
132 178 0
133 797 0
135 895 0
136 524 0
137 139 0
137 515 0
137 557 0
138 195 0
138 371 0
138 382 0
138 744 0
140 762 0
141 827 0
142 305 0
143 896 0
144 231 0
144 241 0
144 621 0
144 624 0
144 694 0
145 243 0
145 316 0
145 656 0
145 853 0
145 893 0
146 237 0
147 618 0
148 248 0
148 472 0
148 606 0
148 774 0
149 345 0
149 437 0
149 488 0
149 730 0
149 775 0
150 415 0
150 530 0
150 569 0
150 845 0
151 249 0
151 624 0
151 841 0
152 564 0
153 246 0
153 277 0
153 435 0
153 526 0
153 547 0
154 223 0
154 238 0
155 579 0
155 633 0
156 324 0
157 440 0
158 292 0
158 503 0
158 732 0
158 746 0
158 794 0
159 192 0
159 243 0
159 553 0
159 767 0
159 828 0
160 185 0
160 258 0
161 688 0
162 283 0
162 293 0
162 459 0
162 551 0
162 627 0
163 393 0
164 564 0
165 237 0
166 480 0
167 395 0
167 627 0
167 636 0
167 652 0
167 702 0
168 644 0
169 193 0
169 429 0
169 646 0
169 812 0
170 347 0
170 364 0
170 406 0
170 480 0
170 781 0
170 837 0
171 215 0
171 247 0
171 554 0
171 738 0
172 205 0
172 226 0
172 315 0
172 532 0
172 639 0
173 178 0
174 536 0
175 332 0
176 820 0
177 716 0
178 425 0
178 585 0
179 283 0
179 431 0
179 456 0
179 750 0
180 825 0
181 387 0
181 465 0
181 500 0
181 555 0
182 325 0
182 331 0
182 453 0
183 542 0
183 634 0
183 724 0
184 711 0
185 209 0
185 368 0
185 499 0
185 769 0
186 561 0
187 195 0
187 245 0
187 536 0
188 219 0
188 802 0
189 266 0
190 766 0
191 340 0
192 496 0
192 837 0
194 357 0
194 424 0
194 484 0
194 631 0
194 866 0
195 247 0
195 730 0
196 473 0
196 561 0
196 747 0
198 820 0
199 236 0
201 467 0
201 633 0
201 826 0
201 891 0
202 216 0
202 402 0
202 486 0
202 488 0
203 257 0
204 556 0
206 333 0
207 694 0
207 709 0
207 889 0
208 455 0
208 818 0
209 495 0
209 748 0
210 465 0
211 800 0
212 741 0
213 440 0
214 688 0
217 644 0
218 220 0
218 540 0
218 628 0
218 772 0
221 807 0
222 803 0
223 474 0
223 600 0
223 621 0
223 835 0
224 690 0
225 613 0
226 652 0
226 801 0
227 649 0
228 495 0
229 605 0
230 889 0
231 645 0
231 750 0
232 656 0
233 571 0
233 764 0
233 795 0
234 577 0
235 309 0
235 334 0
235 396 0
235 571 0
235 612 0
236 445 0
236 489 0
236 849 0
237 284 0
237 377 0
238 294 0
238 317 0
238 367 0
238 501 0
238 658 0
239 517 0
239 666 0
239 841 0
239 881 0
240 838 0
242 302 0
243 394 0
243 854 0
244 324 0
245 367 0
245 494 0
245 509 0
247 265 0
247 341 0
247 500 0
248 481 0
248 523 0
248 594 0
248 892 0
249 643 0
249 710 0
250 554 0
250 710 0
250 812 0
251 755 0
252 862 0
253 609 0
254 805 0
255 279 0
255 649 0
255 814 0
256 488 0
256 900 0
257 529 0
257 591 0
257 819 0
258 343 0
258 518 0
258 691 0
260 467 0
261 674 0
262 480 0
263 353 0
264 518 0
265 444 0
266 418 0
266 667 0
266 796 0
266 843 0
267 847 0
268 332 0
268 345 0
268 352 0
269 621 0
269 691 0
269 726 0
269 764 0
270 343 0
270 433 0
270 564 0
270 724 0
271 645 0
272 475 0
273 456 0
273 485 0
273 552 0
273 723 0
274 316 0
275 577 0
276 747 0
277 347 0
277 462 0
278 523 0
279 511 0
279 845 0
280 440 0
281 613 0
282 784 0
283 602 0
284 533 0
284 634 0
284 674 0
285 495 0
286 409 0
286 495 0
286 710 0
287 800 0
287 838 0
287 889 0
288 673 0
289 318 0
289 508 0
289 767 0
289 832 0
290 865 0
296 685 0
296 748 0
296 862 0
297 319 0
298 325 0
299 818 0
300 564 0
300 608 0
300 664 0
300 744 0
300 872 0
301 656 0
302 330 0
302 463 0
302 638 0
302 657 0
302 814 0
305 552 0
305 693 0
305 732 0
305 790 0
305 806 0
306 618 0
307 642 0
308 568 0
309 650 0
310 462 0
311 493 0
312 433 0
314 337 0
316 868 0
319 492 0
319 521 0
319 743 0
319 882 0
320 893 0
322 831 0
322 856 0
322 886 0
323 453 0
324 600 0
325 359 0
326 446 0
328 608 0
329 833 0
330 498 0
330 513 0
330 705 0
331 363 0
331 764 0
331 841 0
332 455 0
332 760 0
333 522 0
333 697 0
333 736 0
335 340 0
335 406 0
335 476 0
335 827 0
336 412 0
336 546 0
336 667 0
336 692 0
337 339 0
337 419 0
337 745 0
338 559 0
339 406 0
339 865 0
340 366 0
340 505 0
341 592 0
341 668 0
342 410 0
343 348 0
343 361 0
345 620 0
345 805 0
345 892 0
346 702 0
349 500 0
350 701 0
352 354 0
352 385 0
352 783 0
353 660 0
353 680 0
354 556 0
354 813 0
354 821 0
355 376 0
355 394 0
355 764 0
355 861 0
356 528 0
356 599 0
356 654 0
357 747 0
357 755 0
357 793 0
357 794 0
358 701 0
360 432 0
360 497 0
360 627 0
360 714 0
362 644 0
363 371 0
363 383 0
363 853 0
364 389 0
364 477 0
364 622 0
365 478 0
367 671 0
367 758 0
368 611 0
368 721 0
370 800 0
371 808 0
372 438 0
372 694 0
372 863 0
373 609 0
374 518 0
375 609 0
377 417 0
377 617 0
377 818 0
378 495 0
378 559 0
378 766 0
379 729 0
381 702 0
382 504 0
382 694 0
383 456 0
383 630 0
383 646 0
383 692 0
383 837 0
384 629 0
386 397 0
387 419 0
387 539 0
387 767 0
390 493 0
391 642 0
392 865 0
393 552 0
393 768 0
394 855 0
395 643 0
395 883 0
397 582 0
397 583 0
397 630 0
398 440 0
398 573 0
398 760 0
398 833 0
398 853 0
399 468 0
400 542 0
401 891 0
403 895 0
405 572 0
406 448 0
407 410 0
408 815 0
409 555 0
409 615 0
410 420 0
410 757 0
411 590 0
414 480 0
416 588 0
416 703 0
417 742 0
417 822 0
418 617 0
418 643 0
418 762 0
419 819 0
419 895 0
420 567 0
420 710 0
420 744 0
421 427 0
421 611 0
421 720 0
421 846 0
422 755 0
423 594 0
425 581 0
425 605 0
425 701 0
425 712 0
426 851 0
428 573 0
430 496 0
432 462 0
433 447 0
433 532 0
433 595 0
434 568 0
435 636 0
435 650 0
436 566 0
438 500 0
439 475 0
440 555 0
441 507 0
441 527 0
441 593 0
443 825 0
444 514 0
444 610 0
444 627 0
446 456 0
446 598 0
446 754 0
447 633 0
447 825 0
448 559 0
448 647 0
448 685 0
448 746 0
450 855 0
452 722 0
453 704 0
453 844 0
454 468 0
455 468 0
455 617 0
455 865 0
457 643 0
457 687 0
457 764 0
458 612 0
458 737 0
461 851 0
462 530 0
462 765 0
464 578 0
464 608 0
464 620 0
465 501 0
465 610 0
466 766 0
467 640 0
467 785 0
467 876 0
468 670 0
469 496 0
470 826 0
471 567 0
473 637 0
473 707 0
473 810 0
475 544 0
475 849 0
476 541 0
476 655 0
478 504 0
478 537 0
478 894 0
481 611 0
481 627 0
482 762 0
483 626 0
487 820 0
488 834 0
488 899 0
490 833 0
491 805 0
492 709 0
493 575 0
493 811 0
495 888 0
496 678 0
498 602 0
498 604 0
498 880 0
500 610 0
500 789 0
501 568 0
501 744 0
504 566 0
504 839 0
506 862 0
512 674 0
513 614 0
513 751 0
513 879 0
516 573 0
518 532 0
518 669 0
519 650 0
520 594 0
522 879 0
523 619 0
523 752 0
524 630 0
524 734 0
524 832 0
525 834 0
526 613 0
526 687 0
530 855 0
531 629 0
531 791 0
531 829 0
533 564 0
534 743 0
534 839 0
535 572 0
536 698 0
536 852 0
538 748 0
539 617 0
539 640 0
539 793 0
540 705 0
540 864 0
542 898 0
543 649 0
545 679 0
545 692 0
545 724 0
545 819 0
550 579 0
554 594 0
554 767 0
556 664 0
558 729 0
559 591 0
559 600 0
561 630 0
561 779 0
563 896 0
564 760 0
564 794 0
565 688 0
566 639 0
566 641 0
566 652 0
567 574 0
567 596 0
567 625 0
567 652 0
568 839 0
570 782 0
571 640 0
572 580 0
573 576 0
575 722 0
577 637 0
577 773 0
578 620 0
578 721 0
578 837 0
579 588 0
579 632 0
581 829 0
581 845 0
583 729 0
583 747 0
584 710 0
585 646 0
585 891 0
587 636 0
588 613 0
590 601 0
590 840 0
591 784 0
592 793 0
592 829 0
594 746 0
596 626 0
596 803 0
600 641 0
600 672 0
602 687 0
603 716 0
605 832 0
605 848 0
607 838 0
608 651 0
608 691 0
609 854 0
611 671 0
612 644 0
612 695 0
613 715 0
613 823 0
616 791 0
618 640 0
618 812 0
620 705 0
620 741 0
622 841 0
623 784 0
624 709 0
626 809 0
629 778 0
631 790 0
631 889 0
633 808 0
634 756 0
634 883 0
635 672 0
636 874 0
637 853 0
639 649 0
639 685 0
641 826 0
642 849 0
642 883 0
643 717 0
643 860 0
645 792 0
645 816 0
650 689 0
652 700 0
653 815 0
654 712 0
654 896 0
656 821 0
657 709 0
657 801 0
663 672 0
664 674 0
665 687 0
671 859 0
673 739 0
673 823 0
674 792 0
675 766 0
676 807 0
677 688 0
677 791 0
677 814 0
677 818 0
681 701 0
686 687 0
690 736 0
690 870 0
690 892 0
692 851 0
694 801 0
695 814 0
699 807 0
701 750 0
702 725 0
709 836 0
711 812 0
711 875 0
711 878 0
712 792 0
712 808 0
716 841 0
719 834 0
721 814 0
722 753 0
722 770 0
727 782 0
728 896 0
729 854 0
731 838 0
735 787 0
736 782 0
737 787 0
737 805 0
737 820 0
741 781 0
741 783 0
741 798 0
743 815 0
743 872 0
747 759 0
747 858 0
748 860 0
749 762 0
758 812 0
758 864 0
763 782 0
764 824 0
770 782 0
777 797 0
781 803 0
784 871 0
786 855 0
787 824 0
791 857 0
799 893 0
800 842 0
803 823 0
804 847 0
807 900 0
808 879 0
812 813 0
817 891 0
818 848 0
818 899 0
821 889 0
824 860 0
826 890 0
827 830 0
833 867 0
834 877 0
845 900 0
862 883 0
864 885 0
872 895 0
887 893 0
