200 244 0
1 5 0
2 188 0
3 113 0
4 15 0
5 69 0
5 125 0
5 194 0
6 57 0
6 123 0
6 137 0
7 34 0
7 48 0
7 108 0
7 144 0
8 24 0
8 111 0
8 138 0
8 184 0
9 120 0
10 53 0
10 174 0
11 53 0
11 59 0
11 162 0
11 180 0
12 162 0
12 192 0
13 33 0
13 186 0
14 140 0
15 17 0
15 84 0
15 108 0
16 38 0
16 130 0
16 135 0
17 51 0
18 68 0
19 63 0
19 99 0
19 127 0
19 156 0
19 169 0
20 31 0
20 119 0
20 149 0
20 152 0
21 38 0
21 107 0
22 23 0
23 25 0
23 39 0
23 81 0
25 131 0
25 143 0
25 149 0
26 59 0
26 195 0
27 88 0
27 192 0
28 152 0
29 31 0
30 120 0
31 61 0
31 101 0
32 126 0
32 196 0
33 38 0
33 113 0
34 63 0
35 41 0
35 47 0
35 87 0
35 118 0
35 149 0
35 187 0
36 113 0
37 52 0
38 75 0
38 199 0
40 140 0
41 42 0
41 86 0
41 93 0
43 106 0
44 46 0
45 119 0
46 60 0
46 70 0
46 145 0
47 79 0
47 141 0
47 150 0
49 59 0
49 127 0
50 112 0
50 145 0
50 163 0
50 181 0
51 64 0
51 94 0
52 128 0
52 183 0
52 190 0
53 80 0
53 117 0
53 168 0
54 107 0
55 156 0
56 70 0
56 107 0
57 70 0
57 174 0
58 76 0
58 187 0
59 141 0
59 172 0
60 119 0
61 141 0
62 119 0
62 199 0
63 173 0
64 83 0
64 88 0
64 182 0
64 197 0
65 120 0
66 107 0
67 122 0
67 138 0
67 142 0
67 179 0
68 88 0
68 92 0
68 169 0
70 97 0
71 94 0
72 131 0
73 76 0
73 108 0
73 118 0
73 151 0
73 178 0
74 116 0
74 125 0
74 132 0
74 137 0
75 113 0
75 164 0
75 196 0
76 92 0
77 152 0
78 134 0
78 162 0
78 164 0
82 156 0
85 107 0
85 147 0
87 143 0
89 140 0
90 106 0
91 188 0
94 95 0
94 129 0
94 169 0
96 151 0
97 106 0
98 151 0
100 104 0
100 108 0
100 125 0
100 134 0
102 114 0
102 121 0
102 166 0
102 175 0
103 106 0
103 119 0
103 156 0
103 164 0
103 186 0
104 135 0
104 188 0
104 192 0
105 187 0
107 125 0
107 163 0
107 175 0
109 114 0
109 134 0
109 145 0
109 197 0
110 187 0
113 176 0
114 140 0
114 146 0
115 147 0
119 189 0
120 138 0
121 150 0
123 128 0
123 155 0
123 160 0
124 186 0
125 160 0
126 131 0
128 151 0
128 162 0
129 151 0
130 143 0
131 185 0
133 135 0
134 149 0
135 153 0
135 157 0
136 147 0
137 159 0
138 162 0
139 196 0
143 176 0
145 174 0
146 154 0
146 173 0
146 195 0
147 197 0
148 151 0
152 171 0
156 200 0
158 192 0
159 170 0
159 197 0
161 180 0
162 176 0
163 200 0
164 169 0
165 196 0
167 180 0
173 174 0
174 193 0
177 186 0
180 198 0
184 191 0
186 191 0
188 191 0
