1000 1239 0
1 85 0
2 274 0
2 676 0
2 711 0
2 913 0
3 305 0
4 470 0
4 558 0
4 673 0
5 667 0
6 55 0
6 251 0
6 560 0
6 749 0
7 277 0
8 524 0
9 338 0
9 566 0
9 852 0
9 911 0
10 312 0
11 44 0
12 599 0
13 101 0
13 150 0
13 303 0
13 739 0
14 816 0
15 101 0
15 180 0
15 201 0
16 441 0
17 25 0
17 267 0
17 396 0
17 420 0
18 577 0
18 831 0
18 964 0
18 965 0
19 233 0
20 428 0
21 111 0
22 159 0
23 394 0
24 457 0
26 473 0
27 984 0
28 676 0
29 946 0
30 177 0
31 144 0
31 355 0
31 529 0
32 163 0
32 859 0
32 945 0
32 952 0
32 983 0
33 148 0
34 174 0
34 226 0
34 702 0
34 804 0
35 228 0
36 592 0
37 508 0
38 339 0
38 417 0
38 750 0
38 980 0
39 580 0
39 694 0
39 780 0
39 863 0
40 62 0
41 643 0
42 68 0
42 130 0
42 293 0
42 489 0
42 586 0
42 640 0
43 92 0
43 323 0
43 551 0
43 592 0
44 172 0
44 212 0
44 803 0
44 812 0
44 936 0
45 233 0
45 335 0
45 367 0
45 602 0
46 919 0
47 116 0
47 229 0
47 553 0
47 618 0
48 82 0
48 184 0
48 267 0
48 343 0
48 575 0
48 787 0
49 624 0
49 772 0
49 884 0
49 997 0
50 468 0
51 896 0
52 441 0
53 93 0
53 422 0
53 441 0
53 481 0
53 727 0
54 349 0
54 379 0
54 645 0
54 762 0
54 952 0
56 261 0
57 806 0
58 206 0
59 115 0
59 154 0
59 172 0
59 228 0
59 468 0
59 719 0
59 765 0
59 815 0
60 317 0
60 337 0
60 652 0
60 744 0
61 153 0
61 168 0
61 171 0
61 221 0
61 762 0
61 937 0
62 639 0
62 944 0
62 961 0
63 463 0
63 705 0
63 911 0
63 953 0
64 357 0
64 536 0
64 672 0
64 887 0
65 198 0
65 280 0
65 400 0
65 478 0
65 620 0
66 114 0
66 385 0
66 490 0
66 491 0
66 936 0
67 306 0
67 415 0
67 668 0
67 767 0
68 663 0
68 685 0
68 708 0
68 873 0
68 924 0
69 734 0
70 746 0
71 434 0
72 97 0
72 155 0
72 469 0
72 623 0
73 357 0
74 158 0
74 161 0
74 305 0
75 208 0
76 916 0
77 245 0
77 782 0
77 817 0
77 932 0
78 215 0
79 289 0
80 700 0
81 665 0
82 160 0
82 182 0
82 198 0
82 199 0
82 299 0
82 742 0
83 164 0
83 308 0
83 535 0
83 760 0
83 1000 0
84 88 0
85 399 0
85 583 0
85 727 0
85 934 0
86 122 0
86 178 0
86 214 0
86 279 0
87 245 0
87 619 0
87 909 0
87 915 0
88 221 0
88 809 0
88 894 0
89 394 0
90 699 0
91 158 0
91 788 0
91 799 0
91 954 0
92 227 0
92 346 0
92 717 0
93 110 0
93 248 0
93 290 0
93 374 0
93 569 0
93 957 0
94 187 0
94 221 0
94 322 0
94 648 0
94 712 0
95 288 0
96 520 0
97 261 0
97 738 0
97 775 0
98 406 0
99 502 0
99 581 0
99 677 0
99 869 0
100 625 0
101 520 0
101 647 0
101 675 0
102 142 0
102 367 0
102 379 0
103 305 0
103 632 0
103 750 0
104 364 0
105 470 0
106 599 0
107 575 0
108 142 0
109 846 0
111 290 0
111 483 0
111 556 0
111 962 0
112 283 0
113 889 0
115 291 0
115 358 0
115 509 0
117 192 0
118 738 0
119 328 0
120 177 0
120 312 0
120 448 0
120 832 0
121 195 0
121 335 0
121 524 0
121 778 0
123 295 0
123 641 0
123 1000 0
124 181 0
124 583 0
124 802 0
124 807 0
124 945 0
125 737 0
126 263 0
127 166 0
127 216 0
127 749 0
127 948 0
128 840 0
129 223 0
131 866 0
132 434 0
133 805 0
134 926 0
135 599 0
136 323 0
137 721 0
138 406 0
139 456 0
140 287 0
140 298 0
140 392 0
140 452 0
140 787 0
141 426 0
142 571 0
142 605 0
142 786 0
143 643 0
144 285 0
144 398 0
144 869 0
145 549 0
146 995 0
147 312 0
148 490 0
148 565 0
148 824 0
148 929 0
149 678 0
151 201 0
151 470 0
151 866 0
152 606 0
152 657 0
152 824 0
152 923 0
154 327 0
154 469 0
154 941 0
155 305 0
155 509 0
155 790 0
155 982 0
156 215 0
157 324 0
158 206 0
158 428 0
158 633 0
158 827 0
158 957 0
159 198 0
159 562 0
159 838 0
159 957 0
160 411 0
160 857 0
161 293 0
161 861 0
161 996 0
162 520 0
163 254 0
163 516 0
163 632 0
164 501 0
164 571 0
164 701 0
164 809 0
165 201 0
167 480 0
168 456 0
168 954 0
169 384 0
170 305 0
171 234 0
171 613 0
171 854 0
172 406 0
172 812 0
173 1000 0
174 806 0
174 816 0
175 198 0
175 292 0
175 853 0
176 199 0
176 660 0
176 721 0
177 414 0
177 432 0
177 878 0
179 711 0
180 259 0
180 597 0
180 710 0
180 986 0
181 270 0
181 350 0
181 510 0
183 732 0
184 287 0
184 429 0
184 684 0
184 954 0
184 974 0
185 367 0
186 403 0
186 407 0
186 531 0
186 583 0
188 368 0
189 323 0
190 355 0
191 371 0
192 353 0
192 616 0
192 766 0
193 732 0
194 195 0
195 333 0
195 695 0
196 237 0
197 367 0
198 558 0
199 277 0
199 402 0
199 720 0
199 949 0
200 394 0
201 318 0
201 471 0
201 729 0
202 219 0
202 243 0
202 411 0
202 898 0
203 931 0
204 899 0
205 635 0
205 931 0
205 966 0
206 662 0
206 689 0
206 836 0
207 619 0
208 849 0
208 920 0
208 983 0
209 775 0
210 592 0
211 328 0
213 926 0
214 283 0
214 919 0
214 985 0
215 622 0
215 859 0
217 672 0
218 760 0
220 281 0
220 549 0
220 599 0
220 777 0
220 846 0
222 549 0
223 292 0
223 528 0
223 786 0
223 888 0
224 441 0
224 603 0
224 672 0
224 926 0
225 270 0
228 235 0
228 340 0
228 377 0
229 242 0
229 563 0
229 600 0
230 641 0
231 295 0
232 822 0
233 258 0
233 347 0
233 462 0
233 574 0
233 585 0
233 612 0
233 869 0
234 373 0
234 424 0
234 925 0
235 481 0
235 806 0
236 265 0
236 274 0
236 473 0
236 528 0
236 704 0
236 874 0
237 249 0
237 532 0
237 809 0
237 954 0
238 453 0
239 931 0
240 516 0
241 534 0
242 469 0
242 749 0
242 796 0
243 371 0
243 869 0
244 286 0
244 331 0
244 372 0
244 681 0
244 973 0
245 370 0
245 582 0
246 882 0
247 511 0
248 708 0
248 999 0
250 990 0
252 350 0
253 456 0
254 382 0
254 609 0
254 703 0
254 771 0
254 924 0
255 915 0
256 598 0
257 426 0
257 551 0
257 737 0
257 880 0
258 382 0
258 534 0
259 480 0
259 549 0
260 313 0
260 401 0
260 587 0
260 651 0
260 964 0
261 649 0
261 910 0
262 999 0
263 596 0
263 787 0
263 914 0
263 949 0
264 402 0
264 499 0
264 557 0
264 979 0
265 336 0
265 601 0
265 910 0
265 963 0
266 614 0
267 776 0
268 421 0
269 834 0
270 815 0
270 864 0
271 905 0
272 999 0
273 623 0
274 616 0
274 653 0
274 826 0
275 995 0
276 967 0
277 362 0
277 755 0
277 850 0
278 545 0
281 596 0
281 648 0
281 701 0
282 319 0
283 544 0
283 939 0
284 741 0
286 633 0
286 673 0
286 754 0
287 455 0
287 931 0
288 433 0
288 576 0
288 950 0
289 594 0
289 785 0
289 807 0
290 603 0
290 798 0
292 328 0
292 680 0
292 871 0
293 448 0
293 579 0
294 932 0
295 750 0
295 823 0
296 699 0
297 466 0
297 573 0
297 911 0
297 914 0
299 401 0
299 915 0
300 579 0
301 324 0
301 558 0
301 977 0
302 614 0
304 371 0
305 885 0
306 347 0
306 357 0
306 613 0
306 660 0
307 840 0
308 328 0
308 374 0
308 384 0
309 769 0
310 413 0
311 579 0
312 642 0
312 722 0
312 792 0
314 434 0
314 505 0
314 678 0
315 619 0
316 778 0
319 839 0
319 867 0
319 922 0
320 781 0
321 663 0
323 578 0
323 927 0
324 334 0
324 591 0
324 886 0
325 988 0
326 664 0
327 459 0
327 608 0
327 665 0
327 999 0
328 642 0
329 782 0
330 435 0
331 426 0
331 723 0
331 776 0
332 435 0
335 343 0
335 362 0
335 702 0
335 944 0
335 965 0
341 456 0
342 776 0
343 979 0
344 516 0
345 663 0
346 453 0
346 889 0
347 959 0
348 351 0
348 615 0
348 841 0
348 875 0
348 876 0
349 775 0
349 913 0
350 427 0
350 992 0
351 834 0
351 926 0
352 740 0
354 799 0
355 607 0
355 708 0
355 928 0
355 940 0
356 971 0
357 709 0
358 664 0
358 899 0
359 563 0
360 524 0
361 798 0
362 847 0
363 641 0
364 365 0
364 382 0
364 839 0
366 590 0
366 868 0
366 871 0
366 946 0
367 577 0
368 522 0
368 577 0
368 820 0
368 929 0
369 909 0
370 551 0
370 871 0
370 884 0
371 594 0
371 686 0
371 895 0
371 901 0
374 805 0
375 623 0
376 453 0
378 508 0
378 788 0
378 988 0
379 471 0
379 574 0
379 670 0
379 814 0
380 511 0
381 692 0
382 596 0
382 855 0
383 946 0
384 521 0
384 526 0
384 602 0
384 686 0
384 801 0
386 887 0
387 600 0
388 523 0
389 782 0
389 832 0
389 959 0
390 833 0
391 687 0
393 672 0
394 445 0
394 901 0
395 680 0
397 665 0
401 571 0
401 877 0
402 761 0
402 774 0
404 583 0
404 680 0
404 769 0
405 446 0
405 482 0
405 831 0
405 987 0
406 886 0
408 631 0
409 582 0
409 810 0
409 903 0
409 929 0
410 837 0
411 529 0
411 939 0
411 959 0
411 995 0
412 837 0
413 843 0
413 941 0
413 998 0
415 796 0
415 945 0
416 896 0
418 665 0
419 678 0
420 426 0
420 633 0
420 977 0
421 648 0
421 897 0
421 924 0
422 904 0
422 954 0
423 793 0
425 853 0
426 716 0
426 912 0
428 570 0
428 779 0
430 631 0
431 919 0
433 557 0
433 575 0
433 807 0
433 882 0
434 748 0
434 802 0
435 881 0
435 964 0
436 470 0
436 598 0
436 613 0
436 656 0
436 806 0
437 673 0
438 468 0
439 984 0
440 473 0
442 652 0
442 731 0
442 851 0
442 956 0
443 904 0
444 455 0
444 614 0
444 678 0
444 699 0
445 638 0
445 641 0
445 734 0
446 663 0
446 760 0
447 988 0
448 464 0
448 869 0
449 643 0
450 499 0
451 505 0
453 637 0
453 983 0
454 667 0
455 701 0
455 750 0
455 933 0
456 750 0
457 476 0
457 487 0
457 720 0
457 802 0
458 916 0
459 545 0
459 719 0
460 788 0
461 608 0
464 638 0
464 847 0
464 884 0
465 966 0
467 827 0
468 481 0
468 890 0
469 997 0
470 873 0
470 943 0
470 949 0
471 664 0
471 847 0
472 647 0
473 968 0
474 557 0
474 645 0
474 747 0
474 805 0
475 608 0
477 741 0
478 816 0
478 990 0
479 754 0
480 490 0
480 527 0
480 615 0
480 723 0
481 692 0
481 967 0
484 732 0
485 511 0
485 594 0
485 931 0
486 854 0
488 827 0
492 590 0
492 945 0
492 965 0
493 516 0
494 775 0
495 660 0
496 790 0
497 658 0
498 753 0
499 883 0
499 933 0
500 623 0
501 615 0
501 805 0
503 916 0
504 790 0
505 616 0
505 714 0
505 910 0
506 798 0
507 704 0
508 533 0
508 886 0
508 902 0
509 913 0
510 589 0
510 624 0
510 858 0
511 571 0
511 588 0
511 933 0
512 932 0
513 704 0
513 824 0
513 846 0
514 704 0
515 680 0
517 971 0
518 676 0
519 887 0
520 540 0
523 597 0
523 661 0
523 697 0
524 662 0
524 891 0
525 535 0
526 632 0
526 945 0
528 616 0
528 947 0
529 597 0
529 829 0
529 997 0
530 822 0
534 682 0
534 936 0
535 621 0
535 991 0
536 579 0
536 839 0
537 754 0
538 660 0
539 822 0
540 545 0
540 793 0
541 563 0
542 909 0
543 846 0
545 859 0
545 994 0
546 806 0
547 882 0
548 754 0
550 899 0
551 656 0
551 824 0
551 886 0
552 846 0
554 678 0
555 995 0
556 704 0
556 933 0
557 685 0
558 615 0
558 850 0
558 945 0
559 915 0
561 946 0
563 794 0
564 913 0
567 758 0
568 866 0
571 779 0
571 896 0
572 758 0
574 734 0
575 698 0
577 721 0
582 737 0
582 899 0
583 972 0
584 872 0
585 711 0
585 997 0
590 654 0
590 792 0
590 808 0
592 821 0
593 967 0
594 638 0
594 753 0
595 721 0
596 793 0
596 833 0
597 853 0
598 835 0
598 860 0
600 792 0
600 797 0
602 653 0
603 653 0
603 911 0
604 647 0
605 871 0
605 977 0
608 878 0
610 979 0
611 868 0
613 965 0
614 764 0
614 928 0
615 732 0
616 906 0
617 854 0
619 629 0
619 873 0
624 941 0
625 801 0
625 812 0
625 900 0
626 832 0
627 675 0
627 887 0
627 905 0
627 984 0
628 904 0
630 769 0
631 688 0
631 744 0
631 796 0
632 930 0
633 685 0
634 738 0
635 692 0
635 971 0
635 983 0
636 741 0
638 830 0
640 740 0
640 945 0
641 918 0
642 737 0
643 830 0
644 833 0
645 707 0
645 842 0
645 927 0
646 906 0
647 762 0
648 904 0
650 734 0
652 675 0
652 765 0
652 781 0
653 675 0
653 997 0
655 854 0
656 856 0
656 889 0
658 690 0
658 874 0
658 914 0
658 964 0
659 793 0
662 753 0
663 694 0
664 811 0
664 955 0
666 972 0
667 801 0
667 819 0
669 687 0
671 760 0
672 813 0
673 783 0
674 872 0
676 791 0
676 815 0
679 790 0
680 756 0
683 837 0
684 802 0
684 853 0
685 772 0
685 985 0
686 966 0
687 829 0
687 901 0
691 889 0
692 771 0
692 935 0
692 940 0
693 913 0
694 776 0
694 847 0
696 972 0
699 719 0
700 726 0
700 831 0
700 865 0
700 930 0
701 884 0
702 822 0
702 990 0
706 905 0
708 906 0
711 908 0
713 746 0
715 872 0
718 926 0
719 905 0
720 788 0
721 970 0
723 909 0
724 959 0
725 782 0
727 781 0
728 882 0
730 959 0
732 855 0
733 913 0
735 887 0
736 827 0
738 826 0
738 969 0
740 779 0
740 850 0
740 856 0
741 941 0
743 967 0
744 915 0
745 747 0
746 768 0
746 941 0
747 879 0
747 958 0
749 916 0
751 834 0
752 840 0
753 786 0
753 844 0
754 923 0
757 932 0
758 878 0
758 880 0
758 983 0
759 782 0
760 951 0
762 910 0
763 1000 0
765 776 0
769 829 0
769 874 0
770 833 0
771 846 0
772 945 0
772 965 0
773 915 0
777 899 0
777 931 0
778 828 0
778 845 0
781 976 0
784 868 0
788 809 0
788 892 0
788 923 0
789 817 0
793 848 0
795 857 0
796 816 0
796 971 0
798 960 0
799 917 0
799 944 0
800 977 0
801 985 0
802 967 0
805 927 0
809 958 0
816 855 0
816 930 0
817 975 0
817 993 0
818 990 0
824 866 0
825 857 0
826 984 0
829 837 0
830 840 0
830 872 0
831 966 0
832 921 0
834 839 0
839 847 0
850 857 0
856 967 0
859 877 0
862 906 0
868 952 0
870 979 0
871 936 0
877 893 0
877 907 0
880 930 0
889 944 0
889 947 0
896 978 0
905 989 0
909 962 0
915 958 0
919 938 0
928 985 0
939 1000 0
940 962 0
940 985 0
940 988 0
942 972 0
947 1000 0
981 990 0
