450 614 0
1 164 0
1 315 0
1 343 0
1 347 0
2 150 0
2 204 0
2 236 0
2 332 0
3 18 0
3 145 0
3 193 0
3 213 0
4 299 0
4 355 0
5 31 0
5 443 0
6 276 0
7 192 0
7 245 0
7 271 0
7 371 0
8 9 0
8 340 0
8 370 0
8 392 0
8 418 0
10 223 0
10 293 0
11 130 0
11 158 0
12 32 0
12 221 0
12 373 0
12 379 0
12 432 0
13 45 0
13 140 0
13 142 0
14 304 0
15 104 0
15 140 0
15 294 0
15 306 0
16 45 0
16 100 0
16 273 0
16 419 0
17 433 0
18 220 0
18 302 0
18 384 0
18 400 0
19 44 0
20 239 0
21 40 0
21 212 0
21 227 0
21 252 0
21 319 0
21 387 0
22 26 0
22 225 0
22 419 0
22 434 0
23 273 0
23 432 0
24 252 0
24 441 0
25 198 0
26 34 0
26 83 0
26 94 0
26 155 0
27 272 0
28 88 0
29 307 0
29 314 0
29 370 0
29 404 0
29 410 0
29 444 0
30 42 0
31 216 0
31 364 0
31 388 0
32 48 0
33 219 0
34 294 0
34 347 0
34 370 0
35 174 0
35 194 0
35 389 0
36 171 0
36 247 0
36 254 0
36 282 0
36 305 0
36 342 0
37 273 0
38 105 0
38 147 0
38 304 0
38 317 0
38 427 0
39 210 0
39 442 0
41 375 0
42 139 0
42 354 0
42 411 0
43 88 0
44 75 0
44 296 0
44 354 0
45 54 0
45 168 0
46 67 0
46 77 0
46 211 0
46 329 0
47 346 0
47 380 0
48 79 0
48 416 0
48 450 0
49 441 0
50 69 0
50 153 0
50 174 0
50 240 0
51 154 0
51 300 0
51 345 0
51 376 0
52 312 0
52 320 0
52 336 0
52 348 0
52 377 0
53 119 0
53 380 0
54 56 0
55 87 0
55 92 0
55 147 0
55 374 0
55 381 0
55 401 0
55 442 0
56 96 0
57 268 0
58 70 0
58 112 0
58 217 0
58 449 0
59 162 0
59 205 0
59 397 0
60 191 0
61 219 0
61 263 0
62 127 0
63 163 0
64 81 0
64 161 0
64 235 0
64 347 0
65 269 0
65 437 0
66 80 0
67 447 0
68 342 0
70 152 0
70 206 0
70 259 0
71 72 0
72 111 0
72 255 0
72 281 0
72 381 0
73 116 0
74 147 0
75 337 0
76 264 0
76 304 0
78 125 0
79 98 0
79 123 0
80 89 0
80 396 0
80 406 0
81 173 0
82 270 0
82 434 0
83 90 0
83 92 0
83 271 0
83 278 0
83 304 0
84 130 0
85 107 0
85 174 0
85 275 0
85 386 0
86 276 0
86 348 0
87 152 0
87 219 0
87 295 0
87 313 0
88 329 0
88 335 0
89 94 0
89 119 0
89 206 0
89 339 0
90 163 0
90 250 0
90 263 0
91 133 0
93 188 0
93 224 0
93 348 0
94 256 0
94 281 0
94 336 0
95 320 0
96 183 0
96 366 0
96 446 0
97 119 0
97 363 0
98 268 0
98 306 0
99 132 0
99 160 0
99 244 0
99 290 0
99 397 0
100 201 0
100 212 0
100 358 0
101 127 0
102 380 0
103 312 0
105 187 0
105 221 0
105 340 0
105 363 0
106 429 0
108 119 0
108 171 0
109 138 0
109 250 0
110 129 0
110 165 0
110 171 0
110 253 0
111 235 0
111 401 0
112 174 0
112 187 0
112 283 0
112 333 0
113 127 0
114 139 0
114 441 0
115 282 0
116 142 0
116 169 0
116 199 0
116 399 0
116 444 0
117 238 0
118 398 0
118 431 0
119 369 0
119 423 0
120 146 0
121 174 0
121 208 0
121 298 0
121 316 0
122 130 0
123 204 0
123 337 0
124 437 0
125 216 0
125 336 0
125 382 0
126 284 0
127 268 0
127 294 0
128 228 0
129 173 0
129 258 0
129 266 0
129 286 0
129 348 0
130 291 0
130 415 0
131 405 0
132 380 0
133 150 0
133 277 0
133 289 0
134 165 0
134 225 0
134 247 0
134 295 0
135 254 0
136 222 0
136 282 0
137 178 0
137 180 0
137 278 0
137 384 0
137 415 0
138 202 0
139 448 0
141 253 0
141 337 0
143 295 0
143 300 0
143 390 0
143 402 0
143 424 0
144 184 0
144 407 0
144 431 0
144 450 0
145 157 0
145 175 0
145 251 0
145 344 0
145 353 0
146 221 0
146 226 0
146 403 0
147 166 0
147 175 0
147 376 0
148 185 0
149 442 0
150 213 0
150 277 0
150 388 0
151 346 0
152 158 0
152 246 0
153 397 0
155 398 0
155 433 0
156 248 0
156 364 0
156 401 0
158 172 0
158 252 0
158 271 0
159 181 0
159 283 0
159 359 0
162 234 0
163 170 0
163 421 0
165 444 0
165 450 0
166 295 0
166 392 0
167 385 0
167 449 0
171 280 0
171 305 0
171 421 0
173 357 0
174 318 0
175 229 0
176 433 0
177 215 0
177 263 0
179 334 0
181 224 0
181 352 0
181 363 0
182 273 0
182 350 0
185 269 0
185 276 0
185 278 0
185 287 0
185 341 0
186 198 0
186 403 0
187 213 0
187 225 0
188 331 0
188 336 0
188 383 0
189 268 0
190 205 0
190 279 0
190 284 0
191 199 0
191 257 0
191 363 0
193 246 0
193 368 0
193 420 0
194 198 0
194 319 0
194 337 0
195 219 0
196 234 0
196 339 0
197 272 0
198 279 0
198 328 0
199 303 0
200 250 0
200 270 0
200 380 0
202 308 0
202 377 0
202 447 0
203 230 0
203 405 0
204 338 0
205 249 0
205 354 0
205 427 0
207 234 0
209 429 0
210 254 0
211 431 0
213 336 0
214 250 0
215 238 0
215 295 0
216 300 0
217 260 0
217 330 0
217 367 0
218 339 0
219 327 0
220 426 0
221 365 0
222 326 0
222 398 0
223 243 0
223 309 0
223 415 0
226 290 0
227 280 0
228 267 0
228 278 0
228 301 0
229 238 0
230 242 0
230 312 0
231 282 0
232 375 0
233 317 0
234 281 0
234 425 0
236 372 0
237 264 0
237 346 0
238 290 0
238 366 0
239 322 0
239 353 0
239 422 0
241 264 0
242 359 0
242 422 0
244 247 0
244 270 0
244 355 0
246 327 0
246 412 0
247 260 0
247 366 0
248 256 0
248 292 0
248 360 0
248 430 0
249 353 0
250 276 0
250 394 0
252 372 0
253 393 0
253 439 0
254 372 0
255 382 0
255 434 0
256 291 0
256 312 0
256 405 0
260 439 0
261 356 0
262 263 0
262 272 0
263 404 0
264 333 0
264 414 0
265 349 0
265 356 0
265 377 0
266 346 0
268 308 0
268 398 0
269 405 0
270 321 0
271 359 0
272 308 0
273 274 0
274 284 0
276 435 0
276 444 0
277 378 0
280 356 0
281 442 0
283 317 0
284 422 0
285 323 0
285 388 0
288 365 0
289 441 0
293 334 0
294 334 0
294 354 0
295 329 0
295 354 0
297 342 0
299 320 0
300 380 0
300 419 0
303 365 0
304 338 0
308 434 0
310 334 0
310 345 0
310 364 0
311 395 0
311 425 0
312 339 0
312 413 0
313 318 0
313 361 0
313 408 0
314 323 0
315 384 0
315 411 0
315 447 0
317 445 0
319 434 0
319 437 0
320 404 0
320 444 0
323 334 0
324 365 0
325 443 0
325 448 0
326 357 0
328 395 0
329 395 0
331 445 0
332 400 0
333 433 0
333 441 0
336 426 0
336 429 0
337 409 0
338 352 0
339 418 0
339 436 0
340 357 0
342 362 0
342 430 0
343 388 0
346 370 0
347 364 0
349 359 0
350 395 0
351 433 0
355 381 0
355 426 0
356 438 0
356 450 0
357 422 0
359 389 0
359 441 0
363 375 0
364 385 0
366 398 0
369 395 0
370 432 0
375 412 0
378 442 0
388 399 0
388 430 0
391 437 0
392 435 0
401 442 0
415 434 0
415 438 0
415 443 0
417 449 0
419 422 0
426 444 0
428 443 0
429 448 0
440 449 0
