120 169 0
1 5 0
1 47 0
1 87 0
1 94 0
2 18 0
2 35 0
2 57 0
2 89 0
3 52 0
3 86 0
4 12 0
4 22 0
5 100 0
5 112 0
6 37 0
7 67 0
7 115 0
8 46 0
8 88 0
8 98 0
9 100 0
10 35 0
10 46 0
10 52 0
10 69 0
10 101 0
11 43 0
11 49 0
11 59 0
11 69 0
11 111 0
12 29 0
12 44 0
12 48 0
12 72 0
13 30 0
13 49 0
14 84 0
15 98 0
16 38 0
17 35 0
17 97 0
17 113 0
18 25 0
18 106 0
19 66 0
19 72 0
19 109 0
19 113 0
19 115 0
20 84 0
20 100 0
21 91 0
21 99 0
22 33 0
22 82 0
22 117 0
23 84 0
23 87 0
24 56 0
25 91 0
26 28 0
26 40 0
27 97 0
28 41 0
28 42 0
28 118 0
29 78 0
30 33 0
30 72 0
30 85 0
31 88 0
32 53 0
33 42 0
33 103 0
34 56 0
35 95 0
36 95 0
37 57 0
37 66 0
37 77 0
37 90 0
37 103 0
38 63 0
38 67 0
38 89 0
38 106 0
39 80 0
40 61 0
40 83 0
40 104 0
41 72 0
41 99 0
41 110 0
42 89 0
42 104 0
42 119 0
43 51 0
45 70 0
45 103 0
46 48 0
46 91 0
48 90 0
49 62 0
50 91 0
51 67 0
52 54 0
53 74 0
53 76 0
53 99 0
54 78 0
54 98 0
55 73 0
55 79 0
55 83 0
55 99 0
55 120 0
56 72 0
56 114 0
58 69 0
58 97 0
60 95 0
62 86 0
62 102 0
62 104 0
62 112 0
62 119 0
64 67 0
65 80 0
66 100 0
66 101 0
66 118 0
67 110 0
68 83 0
68 98 0
69 91 0
69 118 0
70 103 0
71 112 0
72 95 0
74 80 0
75 112 0
77 115 0
78 86 0
80 102 0
80 104 0
80 108 0
81 86 0
81 90 0
81 98 0
82 87 0
84 87 0
84 92 0
85 117 0
86 99 0
87 88 0
87 118 0
88 105 0
89 112 0
91 118 0
93 112 0
95 96 0
96 120 0
97 110 0
98 110 0
100 107 0
101 112 0
103 106 0
103 116 0
