140 211 0
1 27 0
1 114 0
2 8 0
2 22 0
2 68 0
2 78 0
2 128 0
3 11 0
3 15 0
3 46 0
3 68 0
3 82 0
3 119 0
3 138 0
4 43 0
4 53 0
4 76 0
4 83 0
4 98 0
5 54 0
5 71 0
5 95 0
6 72 0
6 82 0
6 86 0
6 111 0
6 115 0
6 116 0
7 16 0
7 50 0
7 111 0
7 120 0
8 59 0
9 33 0
9 34 0
9 66 0
9 92 0
9 98 0
9 140 0
10 48 0
10 134 0
11 123 0
12 21 0
12 30 0
12 89 0
12 97 0
12 105 0
12 107 0
13 34 0
13 41 0
13 58 0
13 117 0
14 100 0
15 137 0
16 58 0
16 95 0
16 113 0
17 43 0
18 20 0
18 29 0
18 85 0
18 110 0
18 140 0
19 124 0
20 65 0
20 84 0
20 123 0
21 60 0
21 69 0
21 75 0
21 104 0
21 132 0
23 48 0
23 59 0
24 100 0
25 95 0
25 105 0
26 42 0
26 64 0
26 65 0
26 66 0
26 112 0
27 37 0
27 38 0
28 59 0
30 35 0
30 52 0
30 113 0
31 39 0
31 49 0
31 69 0
31 97 0
31 132 0
32 33 0
32 45 0
32 71 0
32 73 0
34 36 0
35 78 0
35 108 0
36 66 0
37 50 0
37 53 0
37 113 0
38 68 0
38 90 0
38 120 0
38 126 0
38 136 0
39 77 0
39 83 0
39 128 0
40 133 0
42 91 0
43 88 0
43 131 0
44 123 0
46 84 0
47 121 0
48 73 0
48 111 0
48 130 0
49 67 0
49 100 0
49 133 0
50 101 0
50 126 0
51 113 0
52 99 0
53 61 0
53 74 0
53 102 0
54 100 0
55 108 0
56 59 0
56 121 0
57 98 0
58 65 0
58 124 0
58 137 0
59 84 0
59 90 0
59 107 0
59 122 0
59 127 0
59 132 0
60 75 0
60 108 0
61 122 0
61 135 0
62 84 0
62 121 0
62 128 0
63 136 0
64 106 0
64 133 0
65 128 0
66 80 0
66 126 0
66 139 0
67 76 0
67 85 0
67 87 0
67 118 0
68 114 0
68 124 0
68 128 0
70 123 0
71 137 0
73 83 0
73 95 0
73 133 0
74 129 0
75 84 0
76 101 0
77 123 0
78 140 0
79 84 0
81 114 0
82 95 0
83 116 0
86 99 0
87 111 0
89 108 0
90 99 0
91 114 0
92 98 0
92 123 0
93 127 0
93 136 0
94 133 0
96 121 0
97 99 0
97 105 0
97 113 0
98 111 0
98 128 0
99 103 0
103 104 0
108 132 0
108 135 0
109 133 0
113 120 0
116 121 0
116 136 0
118 124 0
124 134 0
125 136 0
126 128 0
127 137 0
129 137 0
