350 463 0
1 12 0
1 62 0
1 207 0
1 218 0
1 314 0
2 130 0
2 158 0
2 161 0
3 23 0
3 78 0
3 119 0
4 56 0
4 88 0
4 184 0
4 285 0
5 92 0
5 157 0
6 37 0
6 251 0
7 83 0
7 285 0
8 17 0
8 170 0
8 223 0
8 225 0
8 280 0
8 316 0
9 151 0
9 267 0
10 288 0
11 127 0
11 267 0
12 108 0
12 122 0
12 193 0
12 255 0
12 263 0
13 43 0
13 152 0
14 190 0
15 213 0
16 190 0
16 308 0
16 343 0
17 119 0
17 222 0
17 298 0
17 349 0
18 59 0
18 108 0
18 162 0
19 94 0
19 179 0
19 271 0
19 307 0
19 328 0
19 334 0
20 139 0
20 292 0
20 300 0
20 350 0
21 28 0
21 261 0
22 244 0
23 278 0
24 223 0
24 317 0
25 103 0
25 127 0
25 140 0
25 324 0
26 317 0
26 321 0
27 43 0
27 164 0
27 304 0
27 340 0
28 29 0
28 261 0
28 308 0
30 152 0
30 193 0
30 268 0
30 321 0
31 123 0
31 162 0
32 54 0
32 109 0
32 282 0
32 331 0
33 58 0
33 108 0
34 65 0
34 81 0
34 233 0
35 64 0
35 202 0
35 244 0
35 262 0
36 53 0
36 153 0
36 161 0
36 281 0
37 54 0
37 101 0
37 334 0
38 83 0
38 126 0
38 270 0
39 177 0
39 246 0
40 199 0
40 213 0
41 52 0
41 213 0
41 226 0
42 155 0
42 178 0
42 294 0
42 308 0
43 71 0
43 78 0
43 86 0
44 293 0
44 342 0
45 123 0
46 79 0
46 83 0
46 157 0
46 201 0
46 223 0
46 235 0
47 202 0
48 113 0
48 289 0
48 290 0
49 113 0
50 199 0
51 245 0
51 284 0
52 54 0
52 230 0
52 252 0
52 269 0
53 74 0
53 213 0
53 270 0
54 311 0
55 90 0
55 168 0
55 194 0
55 239 0
56 84 0
56 270 0
56 305 0
56 348 0
57 67 0
57 138 0
57 212 0
58 311 0
59 126 0
59 202 0
60 115 0
60 263 0
60 280 0
61 250 0
61 275 0
63 142 0
63 217 0
64 160 0
64 223 0
64 329 0
65 122 0
66 315 0
67 165 0
67 181 0
68 79 0
68 87 0
68 156 0
68 309 0
69 162 0
70 342 0
71 121 0
71 143 0
71 212 0
72 147 0
73 126 0
74 104 0
74 289 0
74 344 0
75 272 0
76 235 0
77 152 0
78 204 0
78 236 0
78 296 0
80 287 0
81 94 0
81 119 0
81 172 0
82 177 0
83 206 0
83 313 0
84 100 0
84 146 0
84 220 0
85 92 0
86 168 0
86 183 0
86 211 0
86 252 0
86 297 0
89 245 0
90 109 0
91 280 0
92 151 0
92 237 0
92 238 0
92 327 0
93 165 0
93 301 0
93 336 0
93 345 0
94 107 0
94 162 0
94 180 0
95 263 0
95 280 0
96 196 0
96 229 0
97 144 0
98 267 0
98 291 0
99 268 0
101 203 0
102 175 0
102 230 0
102 253 0
102 326 0
103 171 0
105 134 0
105 174 0
105 269 0
105 273 0
106 127 0
106 284 0
107 257 0
107 275 0
107 297 0
108 159 0
108 236 0
110 144 0
110 172 0
111 139 0
111 176 0
111 319 0
111 322 0
112 196 0
113 138 0
113 141 0
113 262 0
114 205 0
115 215 0
115 315 0
116 346 0
117 245 0
118 124 0
118 212 0
118 317 0
119 210 0
120 315 0
122 159 0
122 188 0
122 199 0
122 338 0
123 259 0
123 301 0
124 198 0
125 213 0
126 182 0
126 211 0
127 193 0
127 267 0
127 343 0
128 346 0
129 179 0
129 268 0
130 137 0
130 262 0
130 268 0
130 330 0
131 201 0
131 293 0
132 134 0
132 170 0
133 341 0
135 177 0
135 341 0
136 348 0
138 209 0
138 243 0
138 254 0
138 256 0
139 217 0
139 223 0
140 349 0
142 194 0
142 249 0
142 260 0
142 328 0
142 335 0
143 188 0
144 208 0
144 274 0
145 348 0
146 157 0
147 244 0
147 337 0
148 343 0
149 154 0
150 305 0
151 165 0
151 250 0
152 192 0
153 188 0
154 173 0
154 274 0
154 292 0
154 318 0
157 185 0
157 235 0
158 288 0
159 276 0
159 346 0
160 189 0
160 247 0
160 252 0
162 237 0
162 240 0
162 299 0
163 280 0
164 331 0
166 167 0
166 346 0
167 263 0
169 321 0
170 188 0
170 227 0
170 279 0
171 190 0
175 202 0
176 251 0
177 221 0
177 247 0
178 316 0
180 189 0
180 194 0
180 237 0
181 224 0
181 269 0
181 283 0
183 245 0
183 248 0
183 293 0
184 203 0
185 255 0
186 222 0
186 268 0
187 248 0
189 264 0
189 270 0
189 276 0
190 211 0
191 198 0
193 252 0
194 225 0
195 343 0
196 214 0
196 230 0
197 293 0
198 221 0
198 320 0
199 303 0
199 309 0
200 342 0
201 210 0
201 266 0
201 312 0
202 277 0
202 290 0
203 224 0
203 245 0
203 328 0
205 211 0
205 238 0
205 251 0
205 266 0
205 291 0
205 306 0
207 255 0
210 300 0
215 278 0
216 263 0
217 316 0
217 332 0
219 305 0
221 276 0
221 317 0
222 234 0
224 346 0
225 302 0
225 323 0
225 325 0
226 229 0
228 343 0
229 242 0
229 244 0
229 277 0
229 312 0
230 284 0
231 235 0
232 311 0
233 288 0
234 287 0
235 246 0
237 348 0
241 284 0
243 251 0
246 321 0
247 265 0
248 286 0
248 307 0
250 274 0
250 339 0
252 313 0
254 288 0
254 329 0
254 342 0
255 256 0
255 333 0
257 265 0
258 305 0
262 272 0
264 342 0
265 287 0
269 315 0
270 301 0
272 327 0
272 337 0
274 329 0
276 296 0
276 308 0
278 295 0
278 308 0
287 301 0
287 309 0
287 341 0
306 311 0
309 329 0
309 341 0
310 348 0
317 347 0
333 341 0
