1000 1143 0
1 126 0
2 79 0
2 139 0
2 179 0
2 607 0
2 715 0
3 840 0
4 337 0
5 197 0
6 771 0
7 464 0
8 156 0
9 525 0
10 686 0
11 666 0
12 37 0
12 406 0
12 525 0
12 813 0
13 125 0
13 381 0
13 600 0
13 871 0
14 615 0
15 670 0
16 303 0
17 174 0
18 558 0
19 54 0
19 763 0
19 857 0
20 104 0
20 311 0
20 443 0
20 762 0
20 838 0
21 829 0
22 449 0
23 666 0
24 726 0
25 672 0
26 180 0
27 181 0
27 257 0
27 393 0
27 563 0
27 751 0
28 121 0
28 318 0
28 431 0
28 605 0
29 220 0
29 328 0
29 696 0
29 921 0
30 374 0
31 160 0
31 699 0
31 727 0
32 199 0
33 315 0
33 565 0
33 831 0
34 220 0
35 223 0
35 375 0
35 814 0
35 906 0
36 427 0
36 597 0
36 830 0
36 887 0
37 146 0
37 587 0
37 588 0
38 180 0
39 991 0
40 85 0
40 407 0
40 518 0
40 761 0
41 215 0
42 668 0
43 377 0
43 698 0
43 792 0
44 558 0
45 349 0
45 358 0
45 399 0
45 496 0
46 491 0
47 118 0
47 265 0
47 403 0
47 724 0
48 354 0
48 526 0
48 644 0
49 126 0
49 212 0
49 443 0
49 529 0
50 61 0
50 392 0
50 833 0
50 995 0
51 54 0
51 577 0
51 614 0
51 945 0
52 247 0
53 74 0
53 320 0
53 464 0
53 550 0
53 798 0
54 153 0
54 961 0
55 176 0
55 184 0
55 428 0
55 926 0
56 191 0
57 320 0
58 716 0
59 621 0
60 125 0
60 205 0
60 522 0
60 682 0
62 285 0
63 382 0
63 918 0
63 922 0
63 923 0
64 187 0
64 222 0
64 736 0
64 885 0
65 916 0
66 156 0
66 404 0
66 657 0
66 1000 0
67 375 0
68 714 0
69 519 0
70 247 0
71 720 0
72 991 0
73 318 0
74 857 0
74 931 0
74 940 0
75 315 0
76 129 0
77 812 0
78 110 0
78 313 0
78 624 0
78 931 0
78 975 0
80 215 0
80 304 0
80 565 0
80 664 0
81 405 0
82 241 0
82 311 0
82 636 0
82 810 0
83 110 0
83 326 0
83 541 0
83 878 0
84 191 0
86 166 0
86 167 0
86 357 0
86 672 0
87 277 0
88 221 0
88 273 0
88 344 0
88 555 0
89 610 0
90 265 0
90 280 0
90 526 0
91 406 0
92 948 0
93 156 0
94 216 0
94 398 0
94 618 0
94 739 0
94 852 0
95 290 0
95 356 0
95 503 0
95 700 0
95 726 0
96 406 0
97 350 0
98 335 0
98 802 0
98 837 0
99 824 0
100 155 0
101 325 0
102 875 0
103 284 0
103 307 0
103 643 0
103 840 0
105 415 0
106 317 0
106 629 0
106 959 0
106 975 0
107 235 0
108 845 0
109 396 0
109 438 0
109 585 0
109 957 0
110 335 0
110 437 0
110 576 0
110 651 0
111 147 0
111 261 0
111 377 0
111 654 0
112 941 0
113 921 0
114 442 0
114 836 0
114 883 0
114 995 0
115 238 0
115 644 0
115 815 0
115 872 0
115 994 0
116 502 0
116 730 0
116 954 0
116 960 0
117 537 0
118 129 0
118 421 0
118 909 0
119 532 0
120 473 0
121 172 0
121 214 0
121 501 0
121 531 0
122 171 0
123 190 0
123 336 0
123 649 0
123 817 0
124 195 0
125 809 0
125 824 0
125 872 0
126 132 0
126 161 0
126 429 0
126 637 0
127 247 0
128 614 0
129 230 0
129 731 0
130 848 0
131 231 0
131 801 0
131 904 0
131 979 0
132 493 0
132 514 0
133 1000 0
134 314 0
135 432 0
135 510 0
135 540 0
135 557 0
135 820 0
135 923 0
136 206 0
136 229 0
136 599 0
136 894 0
136 954 0
137 182 0
137 244 0
137 290 0
137 305 0
137 969 0
138 525 0
140 212 0
141 233 0
142 287 0
142 299 0
142 453 0
142 864 0
143 226 0
143 311 0
143 485 0
143 607 0
143 953 0
144 351 0
144 387 0
144 446 0
144 594 0
144 634 0
145 328 0
147 229 0
147 636 0
147 995 0
148 199 0
148 822 0
148 841 0
148 848 0
148 909 0
149 745 0
150 421 0
151 855 0
152 916 0
154 668 0
155 460 0
155 782 0
155 897 0
155 949 0
156 645 0
157 613 0
158 363 0
158 390 0
158 767 0
158 846 0
159 458 0
159 472 0
159 532 0
159 577 0
159 699 0
160 761 0
160 797 0
160 933 0
161 302 0
161 463 0
161 815 0
162 282 0
162 553 0
162 641 0
162 777 0
163 334 0
164 280 0
165 532 0
166 244 0
166 609 0
166 891 0
167 232 0
167 678 0
167 680 0
168 331 0
168 419 0
168 499 0
168 513 0
169 201 0
169 472 0
169 713 0
169 954 0
170 991 0
171 628 0
171 715 0
171 922 0
173 209 0
174 269 0
174 508 0
174 870 0
174 898 0
175 494 0
177 395 0
178 315 0
180 313 0
180 728 0
181 383 0
181 577 0
181 837 0
183 812 0
184 552 0
184 564 0
184 948 0
185 748 0
186 464 0
187 349 0
187 862 0
187 865 0
188 242 0
188 244 0
188 476 0
188 512 0
189 879 0
191 636 0
191 766 0
192 437 0
192 444 0
192 493 0
193 525 0
194 794 0
195 592 0
195 708 0
195 796 0
195 981 0
196 430 0
197 239 0
197 776 0
197 868 0
198 405 0
199 341 0
199 455 0
200 973 0
202 325 0
203 692 0
203 722 0
203 788 0
203 929 0
204 729 0
206 552 0
206 903 0
207 357 0
208 920 0
209 217 0
209 288 0
209 790 0
210 699 0
211 666 0
212 283 0
212 440 0
213 794 0
215 389 0
215 456 0
218 458 0
219 664 0
220 568 0
220 881 0
223 294 0
223 545 0
223 628 0
223 746 0
224 865 0
225 377 0
227 624 0
227 703 0
227 765 0
227 923 0
227 977 0
228 943 0
229 564 0
229 644 0
233 498 0
233 740 0
233 777 0
233 922 0
234 903 0
235 276 0
235 340 0
235 995 0
236 431 0
237 688 0
238 273 0
238 553 0
238 959 0
240 314 0
243 417 0
243 547 0
243 640 0
243 693 0
243 873 0
244 670 0
245 824 0
246 499 0
246 710 0
246 856 0
246 899 0
246 940 0
247 417 0
248 655 0
249 385 0
249 434 0
249 486 0
249 997 0
250 613 0
251 712 0
252 714 0
253 814 0
254 506 0
255 303 0
255 612 0
255 654 0
256 304 0
256 526 0
256 580 0
256 605 0
256 777 0
258 614 0
259 570 0
260 422 0
260 466 0
260 659 0
260 738 0
260 905 0
261 414 0
261 648 0
261 694 0
261 766 0
261 893 0
262 337 0
263 812 0
264 921 0
265 289 0
265 355 0
266 552 0
267 364 0
268 849 0
269 615 0
269 1000 0
270 793 0
271 358 0
272 321 0
272 793 0
272 979 0
273 338 0
273 851 0
274 410 0
275 655 0
277 417 0
277 595 0
277 876 0
278 494 0
279 331 0
279 590 0
279 617 0
279 942 0
280 309 0
280 426 0
281 412 0
281 542 0
281 744 0
281 830 0
283 306 0
283 404 0
283 479 0
283 852 0
284 469 0
284 539 0
284 798 0
284 976 0
284 989 0
285 308 0
285 540 0
285 867 0
286 399 0
289 532 0
289 642 0
289 973 0
290 845 0
291 503 0
291 655 0
291 928 0
292 672 0
293 748 0
295 591 0
295 646 0
295 658 0
295 738 0
296 360 0
296 388 0
296 553 0
296 930 0
297 314 0
297 506 0
297 603 0
297 793 0
298 973 0
300 862 0
301 574 0
301 618 0
301 747 0
301 944 0
302 400 0
302 436 0
302 571 0
302 739 0
303 353 0
303 495 0
303 957 0
304 376 0
304 508 0
304 922 0
306 669 0
306 834 0
306 886 0
307 320 0
307 376 0
308 476 0
308 503 0
308 540 0
310 973 0
312 458 0
313 714 0
313 829 0
314 490 0
315 776 0
315 877 0
316 934 0
318 630 0
318 823 0
319 851 0
320 789 0
321 386 0
321 543 0
321 709 0
321 715 0
321 767 0
322 492 0
323 912 0
324 362 0
325 523 0
325 752 0
325 757 0
327 328 0
328 663 0
329 430 0
330 364 0
330 515 0
330 586 0
330 605 0
330 770 0
330 840 0
331 727 0
331 807 0
332 411 0
332 560 0
332 593 0
332 643 0
332 811 0
333 565 0
334 949 0
334 962 0
334 964 0
335 374 0
335 598 0
337 733 0
337 979 0
338 633 0
338 711 0
338 732 0
339 945 0
340 494 0
340 763 0
341 780 0
341 841 0
342 927 0
343 734 0
345 916 0
346 463 0
347 437 0
348 875 0
349 434 0
349 644 0
350 497 0
350 598 0
350 839 0
351 734 0
351 949 0
352 527 0
352 549 0
352 626 0
352 940 0
354 674 0
354 869 0
354 931 0
355 410 0
355 614 0
355 720 0
356 560 0
356 891 0
356 957 0
357 529 0
357 799 0
358 520 0
358 805 0
359 496 0
361 999 0
362 790 0
362 819 0
362 828 0
364 511 0
364 702 0
365 621 0
366 958 0
367 941 0
368 462 0
368 477 0
368 515 0
368 761 0
369 884 0
370 491 0
371 463 0
372 519 0
373 945 0
374 737 0
374 791 0
375 589 0
375 760 0
375 913 0
376 449 0
376 514 0
376 688 0
377 482 0
377 752 0
378 452 0
379 535 0
379 596 0
379 841 0
379 916 0
380 639 0
380 704 0
380 773 0
380 894 0
383 638 0
383 651 0
383 690 0
383 914 0
384 748 0
387 501 0
387 611 0
387 783 0
391 929 0
394 879 0
395 423 0
395 504 0
395 606 0
395 980 0
397 405 0
399 420 0
399 425 0
401 552 0
402 437 0
404 618 0
404 869 0
405 625 0
406 802 0
406 818 0
408 951 0
409 514 0
410 544 0
410 616 0
410 772 0
410 776 0
413 465 0
415 676 0
415 757 0
415 974 0
416 780 0
417 594 0
418 447 0
421 691 0
421 756 0
424 943 0
426 895 0
426 934 0
426 990 0
430 507 0
430 857 0
431 627 0
431 786 0
433 494 0
434 763 0
434 845 0
435 480 0
437 671 0
437 752 0
439 792 0
439 920 0
439 935 0
441 576 0
443 603 0
443 794 0
443 920 0
444 459 0
444 562 0
444 791 0
445 917 0
446 582 0
446 628 0
446 769 0
446 911 0
447 481 0
447 598 0
447 802 0
447 905 0
448 934 0
449 573 0
449 717 0
450 956 0
451 586 0
452 524 0
452 560 0
452 932 0
453 558 0
453 792 0
453 906 0
454 668 0
457 670 0
458 578 0
461 848 0
463 993 0
464 994 0
465 484 0
465 624 0
465 774 0
467 489 0
468 1000 0
470 749 0
471 716 0
472 767 0
473 508 0
473 750 0
473 979 0
473 982 0
474 825 0
475 763 0
476 909 0
478 613 0
479 647 0
479 650 0
479 890 0
480 687 0
480 830 0
480 854 0
483 851 0
487 771 0
488 493 0
489 679 0
489 685 0
489 976 0
491 790 0
491 950 0
492 808 0
492 924 0
492 980 0
493 500 0
493 625 0
493 695 0
494 599 0
496 509 0
496 622 0
499 613 0
501 700 0
503 768 0
503 779 0
505 824 0
506 536 0
506 910 0
510 514 0
510 841 0
514 863 0
515 979 0
516 550 0
517 670 0
519 832 0
519 935 0
521 592 0
521 635 0
521 781 0
521 988 0
526 642 0
526 891 0
528 951 0
529 763 0
530 550 0
532 809 0
533 794 0
534 884 0
535 742 0
535 888 0
535 894 0
537 561 0
537 723 0
537 957 0
538 1000 0
540 580 0
540 610 0
546 958 0
548 700 0
550 852 0
551 615 0
552 919 0
553 849 0
554 716 0
556 634 0
558 596 0
559 672 0
560 712 0
564 720 0
564 929 0
565 572 0
566 586 0
567 925 0
569 780 0
570 853 0
570 897 0
570 971 0
575 825 0
576 675 0
576 907 0
577 931 0
579 780 0
580 776 0
580 980 0
581 660 0
583 720 0
584 634 0
586 827 0
590 830 0
590 940 0
592 916 0
592 990 0
594 607 0
594 642 0
594 975 0
596 928 0
598 749 0
598 815 0
599 855 0
599 902 0
599 974 0
601 807 0
602 999 0
603 625 0
603 674 0
604 895 0
605 767 0
606 766 0
606 917 0
606 999 0
607 669 0
607 925 0
608 657 0
609 729 0
609 748 0
609 941 0
610 656 0
610 963 0
612 684 0
612 759 0
612 778 0
612 935 0
613 857 0
615 935 0
618 999 0
619 698 0
620 621 0
621 980 0
623 712 0
624 991 0
625 943 0
631 660 0
632 807 0
634 648 0
634 653 0
634 751 0
634 969 0
636 956 0
640 921 0
640 949 0
642 758 0
642 813 0
643 824 0
643 851 0
644 772 0
648 654 0
651 699 0
652 721 0
654 770 0
655 719 0
655 817 0
657 662 0
657 939 0
660 735 0
660 767 0
661 951 0
664 707 0
664 892 0
665 855 0
666 940 0
667 720 0
668 897 0
669 884 0
673 956 0
674 727 0
674 909 0
677 855 0
681 745 0
683 903 0
686 809 0
686 900 0
686 929 0
688 833 0
688 889 0
688 984 0
689 767 0
689 862 0
689 895 0
696 830 0
696 891 0
696 976 0
697 829 0
698 954 0
698 983 0
699 858 0
700 764 0
700 965 0
701 941 0
705 865 0
706 845 0
712 770 0
712 866 0
714 896 0
716 938 0
718 841 0
720 739 0
721 791 0
721 880 0
721 937 0
725 763 0
726 826 0
726 915 0
727 760 0
727 761 0
727 897 0
729 743 0
729 781 0
729 785 0
734 775 0
734 857 0
738 825 0
738 906 0
738 986 0
741 841 0
745 831 0
745 908 0
749 787 0
749 861 0
749 952 0
751 865 0
753 958 0
754 825 0
755 925 0
757 771 0
757 872 0
758 898 0
758 935 0
758 964 0
760 814 0
761 802 0
763 901 0
771 936 0
772 875 0
780 938 0
781 938 0
784 927 0
787 802 0
787 837 0
790 872 0
791 815 0
792 800 0
792 835 0
792 987 0
793 981 0
795 862 0
798 862 0
803 925 0
804 879 0
806 927 0
807 968 0
812 938 0
813 817 0
813 979 0
814 966 0
816 902 0
817 927 0
821 912 0
822 841 0
822 928 0
829 860 0
831 909 0
831 928 0
831 951 0
833 957 0
837 955 0
840 882 0
842 928 0
843 849 0
844 917 0
847 943 0
848 850 0
849 992 0
857 981 0
859 902 0
869 906 0
869 990 0
874 948 0
875 964 0
879 959 0
884 905 0
884 976 0
894 912 0
895 970 0
898 917 0
898 973 0
902 996 0
903 964 0
906 969 0
909 986 0
912 947 0
920 985 0
920 994 0
928 967 0
934 946 0
938 990 0
945 972 0
948 949 0
948 998 0
956 986 0
958 959 0
973 974 0
978 999 0
