500 637 0
1 67 0
1 86 0
1 243 0
1 399 0
2 159 0
2 247 0
3 233 0
3 258 0
3 360 0
3 439 0
4 44 0
4 293 0
4 363 0
4 472 0
5 16 0
5 46 0
5 178 0
5 221 0
5 321 0
5 343 0
6 302 0
7 260 0
8 393 0
9 89 0
10 458 0
11 30 0
11 115 0
11 207 0
11 412 0
12 56 0
12 302 0
13 111 0
13 119 0
13 164 0
13 285 0
13 462 0
14 23 0
14 55 0
14 236 0
14 297 0
15 129 0
17 113 0
17 205 0
17 248 0
17 393 0
18 107 0
18 281 0
18 487 0
19 214 0
20 83 0
20 259 0
20 319 0
20 362 0
20 384 0
21 453 0
22 367 0
23 200 0
23 238 0
23 467 0
24 46 0
24 429 0
25 176 0
25 307 0
25 354 0
25 425 0
25 434 0
26 232 0
26 405 0
26 409 0
26 436 0
27 346 0
28 219 0
28 324 0
29 196 0
31 402 0
32 49 0
32 108 0
32 400 0
32 431 0
33 402 0
33 430 0
34 364 0
35 212 0
35 348 0
36 52 0
36 350 0
37 448 0
37 481 0
38 66 0
38 175 0
38 209 0
38 313 0
39 60 0
40 110 0
40 311 0
40 317 0
40 408 0
40 467 0
41 155 0
42 157 0
43 170 0
43 309 0
43 343 0
43 387 0
43 397 0
44 133 0
44 492 0
45 111 0
45 141 0
45 184 0
45 453 0
45 483 0
46 460 0
47 53 0
47 87 0
47 375 0
47 463 0
47 492 0
48 149 0
48 159 0
49 157 0
49 230 0
49 391 0
49 439 0
50 79 0
50 245 0
50 303 0
50 318 0
51 92 0
51 438 0
52 356 0
52 372 0
52 436 0
53 78 0
53 111 0
53 126 0
53 205 0
54 463 0
55 75 0
55 138 0
55 328 0
55 350 0
56 147 0
56 192 0
56 351 0
56 413 0
57 112 0
57 265 0
58 167 0
59 240 0
59 259 0
59 385 0
59 458 0
59 494 0
60 115 0
60 161 0
60 264 0
60 288 0
61 162 0
61 206 0
61 294 0
61 363 0
62 81 0
62 292 0
62 365 0
63 214 0
63 284 0
64 116 0
65 193 0
65 331 0
65 439 0
66 281 0
66 282 0
66 339 0
66 430 0
67 302 0
68 92 0
68 166 0
68 247 0
69 116 0
69 380 0
70 146 0
70 147 0
70 213 0
70 273 0
70 447 0
71 197 0
72 268 0
72 282 0
73 88 0
73 101 0
73 177 0
73 258 0
73 295 0
73 497 0
74 240 0
75 184 0
76 300 0
76 478 0
77 119 0
78 258 0
78 445 0
78 467 0
80 282 0
81 106 0
81 360 0
81 378 0
81 450 0
81 470 0
82 132 0
82 458 0
83 179 0
84 151 0
84 331 0
84 360 0
84 437 0
85 230 0
85 250 0
87 118 0
87 144 0
87 158 0
87 293 0
88 383 0
89 150 0
89 189 0
89 352 0
90 111 0
90 160 0
90 164 0
90 201 0
90 259 0
90 330 0
91 324 0
92 280 0
93 197 0
93 481 0
94 323 0
95 277 0
96 262 0
97 170 0
97 489 0
98 285 0
99 121 0
99 172 0
99 225 0
99 307 0
99 327 0
99 447 0
100 159 0
102 266 0
102 386 0
103 186 0
103 365 0
104 316 0
104 373 0
105 240 0
106 164 0
107 166 0
107 342 0
107 343 0
109 160 0
109 193 0
110 438 0
110 478 0
110 499 0
112 137 0
112 386 0
112 475 0
113 224 0
113 428 0
113 437 0
113 459 0
114 483 0
115 205 0
115 302 0
116 176 0
116 464 0
117 121 0
117 463 0
118 244 0
119 217 0
119 398 0
120 236 0
121 128 0
121 395 0
122 280 0
123 191 0
124 195 0
124 253 0
124 287 0
124 446 0
125 423 0
126 176 0
126 274 0
126 327 0
126 480 0
127 453 0
129 169 0
129 234 0
129 317 0
130 494 0
131 185 0
131 225 0
131 488 0
132 260 0
133 247 0
134 243 0
134 423 0
135 204 0
136 165 0
137 255 0
137 277 0
137 385 0
137 432 0
139 225 0
139 307 0
140 146 0
140 272 0
140 383 0
141 437 0
142 393 0
143 281 0
143 496 0
144 498 0
145 212 0
145 359 0
147 155 0
147 164 0
147 445 0
148 154 0
148 303 0
148 441 0
148 454 0
149 202 0
149 252 0
149 304 0
149 417 0
150 191 0
150 233 0
150 280 0
150 434 0
151 180 0
151 187 0
151 318 0
151 329 0
152 382 0
153 203 0
153 223 0
153 284 0
153 298 0
153 366 0
154 232 0
155 163 0
155 236 0
155 457 0
156 161 0
156 453 0
156 492 0
157 296 0
157 302 0
157 456 0
159 328 0
159 417 0
159 444 0
160 188 0
160 190 0
160 359 0
160 420 0
161 424 0
164 271 0
164 273 0
164 425 0
164 488 0
165 194 0
165 317 0
165 493 0
167 195 0
167 392 0
167 496 0
168 248 0
171 238 0
171 285 0
172 180 0
172 226 0
172 290 0
172 410 0
173 483 0
174 323 0
176 230 0
176 360 0
177 204 0
177 323 0
178 364 0
179 183 0
179 243 0
179 270 0
179 415 0
181 297 0
182 390 0
183 282 0
184 246 0
184 388 0
185 288 0
185 374 0
185 426 0
186 334 0
188 440 0
189 194 0
190 238 0
191 292 0
191 498 0
193 243 0
193 278 0
193 452 0
194 403 0
195 316 0
195 445 0
196 208 0
196 317 0
196 443 0
197 238 0
197 251 0
197 338 0
197 414 0
198 390 0
199 489 0
199 499 0
200 204 0
200 364 0
200 383 0
201 455 0
204 466 0
205 449 0
210 490 0
211 262 0
211 292 0
212 239 0
212 340 0
214 235 0
214 253 0
214 305 0
215 229 0
216 375 0
217 499 0
218 233 0
218 331 0
219 494 0
220 297 0
222 231 0
224 300 0
225 312 0
225 370 0
227 440 0
228 364 0
229 239 0
229 379 0
229 468 0
230 380 0
230 487 0
230 500 0
231 305 0
231 306 0
231 381 0
231 424 0
233 234 0
233 366 0
233 417 0
236 272 0
236 418 0
237 339 0
238 324 0
238 460 0
239 416 0
239 490 0
240 473 0
241 299 0
241 311 0
241 376 0
241 448 0
242 344 0
242 378 0
242 463 0
242 466 0
243 384 0
243 445 0
244 250 0
244 392 0
245 314 0
246 429 0
247 363 0
248 291 0
248 371 0
249 322 0
249 332 0
249 336 0
249 353 0
249 482 0
250 361 0
250 449 0
254 316 0
255 490 0
256 367 0
257 277 0
258 333 0
260 366 0
260 433 0
261 316 0
262 319 0
262 332 0
262 345 0
263 334 0
265 437 0
265 445 0
266 449 0
266 469 0
266 479 0
267 423 0
268 455 0
269 339 0
269 435 0
272 498 0
273 411 0
275 489 0
276 346 0
277 337 0
278 402 0
278 404 0
279 490 0
280 486 0
281 374 0
281 391 0
281 406 0
283 383 0
285 373 0
286 334 0
286 367 0
286 487 0
288 320 0
289 346 0
293 312 0
293 442 0
295 334 0
295 447 0
295 465 0
297 427 0
298 455 0
300 432 0
301 375 0
302 422 0
303 429 0
303 447 0
305 416 0
305 481 0
308 330 0
309 478 0
310 438 0
311 367 0
311 440 0
314 438 0
315 494 0
319 346 0
319 430 0
320 483 0
321 463 0
322 370 0
323 417 0
323 419 0
324 357 0
325 383 0
326 432 0
326 437 0
330 411 0
330 491 0
331 370 0
331 403 0
331 461 0
332 468 0
333 385 0
333 430 0
333 447 0
334 358 0
335 429 0
336 344 0
336 355 0
338 499 0
339 404 0
341 462 0
343 430 0
345 382 0
347 429 0
348 440 0
349 432 0
355 478 0
358 378 0
360 436 0
363 385 0
365 401 0
365 470 0
366 455 0
368 463 0
369 393 0
374 402 0
374 439 0
375 485 0
376 491 0
377 462 0
378 466 0
382 408 0
382 436 0
385 484 0
387 425 0
389 492 0
390 435 0
390 482 0
392 486 0
394 432 0
396 458 0
399 444 0
405 467 0
407 460 0
416 467 0
416 482 0
421 492 0
423 470 0
424 499 0
439 470 0
442 465 0
449 492 0
451 460 0
453 471 0
453 492 0
462 484 0
465 476 0
465 477 0
474 499 0
481 495 0
482 489 0
