600 749 0
1 54 0
2 253 0
3 56 0
3 228 0
3 244 0
3 330 0
3 432 0
4 268 0
5 208 0
5 368 0
5 412 0
5 600 0
6 195 0
6 340 0
6 524 0
7 55 0
8 330 0
8 424 0
8 515 0
8 582 0
9 460 0
10 316 0
11 308 0
12 442 0
13 238 0
13 248 0
13 469 0
13 563 0
14 209 0
14 256 0
14 364 0
14 436 0
15 570 0
16 264 0
17 575 0
18 400 0
19 304 0
19 310 0
19 343 0
19 514 0
19 519 0
20 139 0
20 191 0
20 405 0
20 501 0
21 267 0
22 345 0
23 74 0
23 465 0
23 565 0
24 179 0
25 575 0
26 133 0
26 200 0
26 241 0
27 141 0
28 465 0
29 341 0
30 206 0
31 589 0
32 77 0
33 136 0
34 297 0
34 311 0
34 487 0
34 571 0
35 305 0
36 471 0
37 119 0
37 380 0
37 417 0
37 504 0
38 159 0
38 175 0
38 589 0
39 189 0
39 229 0
39 365 0
39 433 0
39 506 0
40 264 0
40 279 0
40 393 0
40 588 0
41 96 0
42 86 0
42 185 0
42 213 0
42 291 0
43 202 0
44 101 0
44 135 0
44 188 0
44 252 0
44 282 0
44 554 0
45 427 0
46 151 0
46 247 0
46 354 0
46 492 0
46 512 0
47 597 0
48 50 0
48 253 0
48 499 0
49 315 0
50 362 0
50 365 0
50 431 0
50 570 0
51 542 0
52 152 0
52 278 0
52 307 0
52 435 0
52 535 0
53 258 0
54 57 0
54 338 0
54 340 0
54 362 0
55 59 0
55 83 0
55 109 0
55 271 0
56 125 0
56 236 0
57 138 0
57 177 0
57 316 0
58 167 0
58 191 0
58 244 0
58 568 0
59 182 0
59 552 0
60 97 0
60 165 0
60 406 0
60 554 0
60 579 0
61 205 0
62 233 0
63 561 0
64 89 0
65 113 0
66 552 0
67 135 0
68 119 0
69 92 0
69 175 0
69 429 0
69 442 0
69 493 0
70 439 0
71 493 0
72 172 0
72 223 0
72 383 0
72 418 0
72 461 0
73 341 0
74 266 0
74 373 0
74 409 0
74 481 0
75 388 0
76 93 0
77 134 0
77 293 0
77 464 0
78 117 0
78 373 0
78 443 0
78 455 0
79 147 0
80 102 0
80 150 0
80 230 0
80 479 0
80 553 0
81 148 0
82 589 0
83 177 0
83 499 0
84 205 0
85 212 0
87 331 0
87 403 0
87 491 0
87 599 0
88 282 0
88 537 0
88 572 0
89 245 0
89 290 0
89 402 0
90 220 0
91 561 0
92 172 0
92 391 0
92 583 0
93 304 0
93 425 0
93 508 0
94 345 0
95 209 0
95 461 0
95 508 0
95 541 0
96 232 0
96 262 0
96 416 0
97 188 0
97 460 0
98 236 0
98 469 0
98 531 0
98 570 0
98 589 0
99 119 0
100 141 0
100 180 0
100 233 0
100 266 0
100 308 0
101 241 0
101 297 0
101 367 0
101 576 0
102 293 0
102 454 0
103 157 0
103 245 0
103 254 0
103 507 0
103 522 0
104 348 0
105 154 0
106 427 0
106 447 0
106 587 0
107 137 0
107 138 0
107 276 0
107 336 0
107 514 0
108 348 0
108 394 0
108 561 0
108 587 0
110 190 0
111 534 0
112 229 0
113 198 0
113 209 0
113 354 0
114 451 0
115 438 0
116 365 0
118 133 0
118 281 0
118 290 0
118 423 0
119 159 0
119 458 0
120 380 0
121 572 0
122 174 0
123 174 0
124 308 0
125 170 0
125 449 0
125 459 0
125 467 0
126 318 0
127 190 0
128 141 0
128 154 0
128 224 0
128 600 0
129 242 0
130 480 0
131 463 0
132 381 0
133 475 0
133 528 0
135 237 0
135 382 0
136 195 0
136 367 0
136 488 0
136 539 0
138 444 0
140 388 0
141 224 0
141 420 0
142 298 0
142 333 0
142 357 0
142 467 0
142 554 0
143 195 0
143 249 0
143 378 0
143 533 0
144 552 0
145 148 0
146 581 0
147 339 0
147 369 0
147 371 0
148 320 0
148 423 0
149 155 0
149 410 0
149 415 0
149 425 0
149 509 0
149 584 0
149 600 0
150 179 0
150 370 0
150 528 0
152 456 0
152 475 0
152 552 0
153 199 0
154 162 0
154 198 0
154 406 0
154 408 0
154 468 0
155 316 0
155 416 0
155 487 0
156 480 0
157 249 0
157 389 0
157 451 0
157 484 0
157 588 0
158 173 0
158 193 0
158 390 0
159 199 0
159 531 0
160 445 0
161 456 0
163 597 0
164 427 0
166 212 0
168 172 0
168 231 0
168 257 0
168 511 0
169 471 0
171 353 0
171 423 0
171 523 0
171 540 0
172 210 0
172 340 0
173 326 0
173 330 0
173 369 0
173 467 0
174 330 0
174 516 0
175 445 0
175 487 0
176 297 0
176 366 0
176 419 0
176 482 0
177 423 0
177 457 0
177 498 0
178 442 0
179 230 0
179 275 0
179 317 0
179 571 0
180 195 0
180 293 0
180 422 0
181 543 0
182 291 0
182 300 0
182 363 0
183 592 0
184 289 0
184 406 0
184 564 0
184 594 0
186 199 0
187 400 0
188 441 0
188 517 0
189 241 0
189 404 0
189 406 0
189 470 0
190 226 0
190 576 0
191 346 0
191 575 0
192 365 0
193 390 0
193 433 0
193 466 0
194 544 0
195 263 0
195 321 0
196 477 0
197 267 0
198 389 0
199 291 0
200 326 0
200 422 0
200 461 0
201 417 0
202 309 0
202 351 0
202 566 0
203 394 0
204 305 0
205 309 0
205 376 0
206 262 0
206 342 0
206 401 0
206 411 0
206 533 0
207 557 0
209 388 0
210 251 0
210 425 0
210 429 0
210 521 0
211 417 0
212 457 0
212 508 0
212 513 0
214 327 0
215 499 0
216 586 0
217 597 0
218 377 0
219 531 0
220 281 0
220 344 0
220 383 0
221 447 0
222 592 0
223 242 0
223 407 0
223 586 0
224 295 0
225 253 0
227 493 0
229 520 0
229 532 0
230 542 0
233 250 0
233 473 0
233 487 0
234 477 0
235 270 0
235 274 0
235 404 0
235 485 0
236 291 0
236 326 0
236 454 0
238 313 0
238 372 0
238 581 0
239 460 0
240 348 0
241 346 0
242 401 0
242 577 0
243 370 0
244 245 0
245 444 0
246 316 0
247 372 0
247 439 0
247 463 0
249 467 0
249 511 0
252 295 0
252 524 0
253 276 0
253 509 0
253 576 0
255 442 0
258 321 0
258 470 0
258 595 0
259 557 0
260 407 0
261 348 0
262 295 0
262 528 0
263 299 0
263 319 0
263 435 0
263 525 0
264 416 0
264 526 0
265 531 0
266 307 0
266 457 0
266 484 0
266 591 0
267 273 0
267 290 0
267 304 0
267 421 0
267 578 0
268 393 0
268 404 0
268 527 0
268 565 0
268 576 0
269 370 0
270 346 0
270 347 0
270 572 0
271 372 0
271 465 0
271 534 0
271 578 0
272 381 0
273 361 0
273 450 0
273 455 0
276 367 0
277 447 0
277 460 0
277 475 0
277 597 0
280 282 0
281 427 0
281 543 0
282 431 0
283 307 0
283 442 0
283 483 0
284 327 0
285 337 0
286 398 0
287 561 0
288 447 0
289 422 0
289 504 0
290 438 0
292 377 0
293 327 0
293 334 0
293 540 0
294 414 0
294 428 0
294 486 0
294 600 0
295 509 0
296 592 0
297 377 0
301 499 0
302 439 0
303 347 0
305 355 0
305 599 0
306 524 0
307 381 0
307 407 0
308 590 0
309 356 0
309 391 0
309 480 0
309 588 0
312 581 0
313 352 0
313 489 0
313 559 0
314 380 0
315 332 0
315 440 0
315 479 0
315 541 0
316 470 0
316 473 0
318 362 0
318 396 0
318 448 0
318 551 0
321 588 0
322 581 0
323 427 0
323 487 0
323 565 0
324 328 0
324 369 0
324 591 0
324 598 0
325 477 0
326 588 0
327 536 0
329 499 0
334 374 0
334 462 0
334 474 0
335 398 0
337 390 0
337 472 0
337 478 0
337 565 0
340 597 0
341 356 0
341 541 0
345 467 0
345 469 0
345 505 0
345 550 0
346 450 0
347 383 0
347 392 0
347 437 0
349 570 0
350 380 0
354 365 0
356 460 0
358 389 0
359 534 0
360 444 0
361 450 0
361 529 0
361 530 0
362 398 0
362 587 0
365 545 0
367 389 0
367 571 0
369 442 0
370 385 0
372 461 0
373 444 0
373 587 0
375 506 0
377 387 0
377 550 0
379 506 0
381 454 0
384 407 0
386 394 0
388 396 0
388 401 0
388 434 0
389 435 0
389 502 0
390 445 0
390 504 0
390 520 0
391 544 0
393 591 0
394 497 0
395 537 0
396 460 0
397 543 0
398 494 0
399 544 0
400 520 0
400 536 0
400 547 0
400 599 0
404 479 0
407 574 0
413 543 0
417 560 0
418 471 0
418 493 0
418 592 0
422 468 0
422 504 0
422 587 0
423 482 0
425 512 0
426 483 0
427 591 0
429 440 0
429 444 0
429 512 0
430 463 0
431 544 0
433 473 0
438 567 0
438 596 0
439 549 0
440 544 0
444 562 0
445 550 0
446 552 0
447 482 0
447 487 0
450 477 0
450 483 0
451 548 0
451 558 0
452 465 0
453 586 0
454 524 0
454 544 0
455 512 0
456 580 0
456 585 0
463 573 0
467 565 0
468 572 0
470 537 0
471 496 0
471 540 0
473 572 0
475 599 0
476 531 0
480 578 0
483 518 0
483 536 0
484 534 0
490 575 0
493 569 0
495 537 0
499 541 0
500 557 0
503 537 0
504 514 0
506 556 0
508 542 0
510 542 0
511 534 0
514 557 0
524 593 0
528 600 0
533 537 0
538 572 0
544 546 0
555 586 0
