40 81 0
1 3 0
1 12 0
1 14 0
1 19 0
1 24 0
1 33 0
1 34 0
2 11 0
2 15 0
2 23 0
2 26 0
2 36 0
3 7 0
3 21 0
3 33 0
4 6 0
4 14 0
4 34 0
4 39 0
5 20 0
5 22 0
5 23 0
6 24 0
6 29 0
7 22 0
7 23 0
7 25 0
8 22 0
8 24 0
8 29 0
8 35 0
8 37 0
9 21 0
9 25 0
9 37 0
10 28 0
10 31 0
10 36 0
11 12 0
11 26 0
11 34 0
11 39 0
12 23 0
13 14 0
13 27 0
13 34 0
14 19 0
14 38 0
15 27 0
16 23 0
16 31 0
17 22 0
17 27 0
17 33 0
18 19 0
18 22 0
19 29 0
20 34 0
20 38 0
21 34 0
22 30 0
23 32 0
24 29 0
24 37 0
25 39 0
25 40 0
26 27 0
26 33 0
26 36 0
26 38 0
27 28 0
27 33 0
28 31 0
29 37 0
29 39 0
30 37 0
31 33 0
31 35 0
31 37 0
31 39 0
32 35 0
