140 193 0
1 110 0
2 54 0
3 66 0
3 108 0
4 10 0
5 10 0
5 13 0
5 20 0
5 121 0
6 41 0
6 66 0
6 101 0
6 126 0
7 36 0
7 38 0
7 64 0
8 110 0
9 108 0
11 134 0
12 117 0
12 135 0
14 30 0
14 95 0
15 98 0
16 31 0
16 37 0
16 81 0
17 56 0
17 74 0
17 117 0
18 65 0
18 91 0
18 93 0
18 122 0
19 57 0
19 72 0
19 78 0
19 111 0
21 53 0
22 54 0
22 111 0
23 58 0
23 136 0
24 96 0
24 120 0
25 78 0
26 57 0
26 90 0
27 30 0
28 61 0
28 80 0
28 124 0
29 61 0
29 78 0
30 71 0
30 100 0
31 59 0
31 87 0
31 136 0
32 34 0
32 137 0
33 120 0
34 94 0
34 124 0
34 130 0
34 136 0
35 76 0
35 85 0
36 61 0
36 77 0
36 96 0
36 132 0
37 52 0
37 70 0
37 81 0
37 118 0
37 138 0
38 135 0
39 109 0
39 111 0
39 116 0
40 117 0
42 78 0
43 80 0
43 139 0
44 53 0
44 102 0
45 95 0
45 139 0
46 69 0
46 98 0
46 103 0
46 109 0
46 110 0
46 116 0
47 49 0
47 52 0
47 61 0
47 90 0
48 51 0
48 128 0
48 137 0
50 100 0
50 103 0
51 57 0
51 88 0
52 109 0
52 134 0
53 54 0
53 88 0
53 96 0
54 125 0
54 128 0
55 85 0
56 95 0
57 92 0
58 60 0
58 75 0
58 90 0
58 104 0
60 69 0
60 85 0
60 98 0
60 109 0
60 137 0
61 101 0
62 108 0
62 114 0
63 72 0
64 95 0
64 96 0
64 99 0
64 117 0
64 132 0
66 116 0
66 117 0
66 135 0
67 95 0
68 137 0
69 107 0
69 114 0
69 115 0
69 122 0
70 72 0
71 80 0
71 109 0
71 115 0
71 139 0
72 73 0
73 138 0
74 80 0
74 134 0
76 113 0
76 122 0
77 102 0
79 82 0
79 123 0
82 86 0
82 106 0
82 128 0
82 130 0
83 96 0
83 110 0
84 139 0
85 127 0
88 89 0
89 120 0
91 97 0
92 122 0
95 96 0
95 117 0
95 123 0
96 111 0
97 134 0
98 105 0
98 119 0
99 135 0
100 114 0
102 134 0
103 131 0
103 133 0
108 128 0
111 121 0
112 113 0
112 123 0
113 122 0
113 129 0
116 136 0
120 136 0
121 122 0
121 128 0
123 133 0
139 140 0
