200 222 0
1 38 0
1 89 0
1 134 0
1 160 0
2 36 0
3 6 0
3 102 0
3 165 0
4 21 0
4 77 0
4 139 0
4 144 0
4 172 0
5 45 0
6 21 0
6 52 0
6 137 0
7 33 0
7 88 0
7 102 0
7 146 0
7 179 0
8 91 0
8 119 0
8 154 0
8 191 0
9 126 0
10 21 0
10 43 0
10 185 0
10 190 0
11 66 0
11 150 0
12 49 0
12 85 0
13 78 0
14 54 0
14 160 0
15 134 0
16 136 0
17 120 0
18 49 0
19 37 0
20 98 0
21 46 0
22 120 0
23 188 0
24 45 0
25 98 0
25 138 0
26 54 0
27 45 0
28 56 0
28 71 0
28 122 0
28 123 0
29 92 0
30 111 0
30 180 0
30 195 0
31 53 0
32 134 0
34 46 0
35 173 0
36 40 0
36 87 0
36 161 0
37 123 0
37 132 0
37 134 0
37 177 0
38 86 0
38 168 0
38 169 0
39 78 0
41 159 0
42 98 0
44 141 0
45 165 0
46 90 0
46 118 0
47 151 0
48 139 0
48 150 0
48 170 0
48 176 0
49 123 0
49 155 0
49 193 0
50 160 0
51 127 0
53 63 0
53 68 0
53 100 0
54 69 0
54 191 0
55 126 0
57 126 0
58 64 0
59 62 0
59 79 0
59 81 0
59 156 0
60 186 0
61 159 0
64 109 0
64 121 0
64 156 0
64 196 0
65 134 0
66 74 0
66 152 0
66 172 0
67 75 0
68 75 0
68 117 0
68 138 0
68 189 0
69 152 0
70 95 0
71 173 0
72 91 0
72 141 0
73 80 0
75 145 0
75 192 0
76 151 0
77 89 0
77 110 0
78 84 0
78 166 0
80 167 0
80 198 0
80 200 0
82 120 0
83 186 0
85 138 0
87 127 0
87 173 0
87 180 0
88 126 0
88 141 0
88 180 0
89 123 0
89 191 0
92 122 0
92 131 0
92 139 0
92 162 0
93 173 0
94 116 0
95 107 0
95 158 0
95 172 0
96 136 0
97 101 0
98 165 0
99 127 0
101 135 0
101 151 0
101 163 0
101 191 0
103 124 0
104 106 0
104 118 0
105 160 0
106 112 0
106 139 0
106 171 0
108 173 0
109 126 0
110 148 0
110 180 0
110 189 0
113 124 0
114 116 0
115 127 0
116 184 0
116 195 0
117 182 0
120 128 0
120 192 0
124 153 0
124 165 0
124 184 0
125 159 0
128 142 0
128 186 0
128 189 0
129 182 0
130 157 0
133 144 0
133 158 0
133 172 0
133 179 0
133 187 0
136 166 0
136 181 0
138 140 0
138 143 0
141 149 0
142 164 0
142 197 0
142 199 0
147 186 0
148 156 0
148 166 0
148 195 0
151 193 0
151 195 0
156 159 0
157 166 0
157 178 0
157 194 0
160 196 0
165 189 0
174 188 0
175 188 0
180 200 0
182 183 0
182 200 0
188 200 0
