1000 1239 0
1 605 0
2 68 0
3 64 0
3 91 0
3 205 0
3 397 0
3 879 0
4 572 0
5 637 0
6 599 0
7 49 0
7 473 0
7 769 0
7 855 0
7 930 0
8 218 0
8 284 0
8 717 0
9 284 0
9 497 0
9 535 0
9 687 0
9 986 0
10 292 0
10 639 0
10 670 0
10 701 0
10 729 0
11 268 0
12 335 0
12 621 0
12 646 0
12 906 0
13 157 0
13 511 0
13 941 0
13 982 0
14 75 0
14 217 0
14 473 0
14 833 0
15 441 0
16 315 0
17 839 0
18 266 0
18 356 0
18 609 0
18 756 0
19 196 0
19 447 0
19 756 0
20 49 0
20 671 0
20 892 0
20 991 0
21 631 0
22 279 0
22 309 0
22 709 0
22 755 0
23 665 0
24 229 0
25 154 0
26 379 0
26 644 0
26 807 0
26 940 0
26 950 0
27 40 0
28 270 0
29 345 0
29 382 0
29 397 0
29 596 0
29 720 0
29 890 0
30 289 0
30 290 0
30 315 0
30 374 0
31 155 0
31 802 0
31 915 0
31 927 0
32 624 0
33 47 0
34 48 0
34 252 0
34 390 0
34 555 0
34 677 0
34 774 0
34 860 0
35 54 0
35 525 0
35 619 0
35 758 0
36 172 0
36 289 0
36 930 0
36 954 0
37 359 0
38 492 0
39 178 0
40 186 0
40 236 0
40 380 0
41 500 0
42 599 0
43 234 0
44 622 0
45 736 0
46 369 0
47 208 0
47 394 0
47 565 0
49 928 0
50 102 0
51 129 0
51 132 0
51 813 0
51 836 0
52 496 0
53 178 0
53 381 0
53 391 0
53 432 0
55 233 0
55 261 0
55 457 0
55 831 0
56 881 0
57 418 0
57 591 0
57 783 0
57 820 0
57 842 0
58 138 0
58 218 0
58 325 0
58 801 0
59 259 0
60 386 0
61 489 0
62 375 0
63 302 0
64 459 0
64 614 0
64 876 0
65 248 0
65 369 0
65 404 0
65 452 0
66 942 0
67 839 0
68 120 0
68 412 0
68 493 0
69 177 0
69 347 0
69 770 0
69 771 0
69 959 0
70 83 0
70 172 0
70 674 0
70 718 0
70 937 0
71 171 0
71 442 0
71 640 0
71 778 0
72 188 0
73 946 0
74 876 0
75 310 0
75 338 0
75 702 0
75 774 0
75 865 0
76 250 0
76 731 0
76 763 0
76 875 0
77 97 0
77 160 0
77 448 0
77 929 0
78 556 0
79 626 0
80 182 0
80 411 0
80 539 0
80 871 0
81 88 0
81 136 0
81 641 0
81 852 0
82 705 0
84 191 0
85 239 0
85 474 0
85 635 0
85 987 0
86 113 0
86 245 0
86 420 0
86 553 0
86 620 0
87 275 0
89 105 0
89 325 0
89 969 0
90 277 0
90 467 0
90 668 0
90 850 0
90 994 0
92 248 0
92 344 0
92 594 0
92 607 0
93 325 0
93 526 0
93 691 0
94 630 0
95 637 0
96 476 0
98 153 0
98 177 0
98 215 0
98 684 0
98 956 0
99 881 0
100 479 0
101 470 0
101 648 0
101 731 0
101 992 0
102 342 0
102 612 0
102 775 0
102 851 0
102 996 0
103 330 0
104 631 0
104 651 0
104 699 0
104 744 0
105 162 0
105 542 0
105 643 0
105 666 0
105 676 0
106 430 0
107 722 0
108 112 0
108 519 0
108 598 0
108 967 0
109 608 0
110 266 0
110 691 0
110 709 0
110 979 0
111 941 0
114 148 0
114 235 0
114 533 0
114 632 0
115 995 0
116 323 0
116 566 0
116 785 0
116 807 0
116 970 0
117 328 0
118 894 0
119 346 0
121 157 0
122 328 0
123 216 0
123 278 0
123 301 0
123 697 0
123 805 0
124 135 0
124 202 0
124 860 0
124 887 0
124 894 0
125 920 0
126 279 0
127 302 0
128 602 0
128 832 0
128 914 0
128 921 0
129 134 0
129 268 0
129 706 0
130 225 0
130 508 0
130 627 0
130 759 0
131 162 0
131 458 0
131 522 0
131 704 0
131 903 0
132 247 0
132 270 0
132 401 0
132 935 0
133 479 0
134 163 0
134 563 0
134 858 0
135 398 0
135 465 0
135 726 0
137 939 0
138 203 0
138 337 0
138 352 0
138 539 0
139 679 0
140 281 0
140 443 0
140 759 0
140 955 0
141 173 0
142 202 0
143 170 0
143 384 0
143 523 0
143 819 0
143 964 0
144 624 0
145 530 0
145 543 0
145 925 0
145 943 0
146 502 0
146 635 0
146 647 0
146 859 0
146 985 0
147 217 0
147 770 0
147 968 0
148 316 0
148 551 0
148 942 0
149 157 0
150 157 0
150 374 0
150 628 0
150 885 0
151 413 0
151 624 0
151 844 0
152 390 0
152 416 0
152 462 0
152 544 0
153 322 0
153 624 0
153 667 0
153 711 0
154 316 0
154 550 0
154 598 0
154 752 0
156 223 0
156 459 0
156 920 0
157 717 0
157 837 0
157 935 0
158 372 0
159 844 0
161 381 0
162 316 0
162 535 0
164 616 0
164 771 0
164 957 0
164 1000 0
165 369 0
166 346 0
167 393 0
167 467 0
167 584 0
167 739 0
167 747 0
168 417 0
168 478 0
168 565 0
168 668 0
169 633 0
172 342 0
172 346 0
172 395 0
173 428 0
173 434 0
173 623 0
173 642 0
174 605 0
175 982 0
176 308 0
177 686 0
178 199 0
178 655 0
179 617 0
180 410 0
180 742 0
180 908 0
180 911 0
181 354 0
181 377 0
181 748 0
181 848 0
181 961 0
183 401 0
184 234 0
185 680 0
187 513 0
188 431 0
188 673 0
188 762 0
189 306 0
189 364 0
189 473 0
189 636 0
189 968 0
190 665 0
191 421 0
191 463 0
191 503 0
191 820 0
192 915 0
192 921 0
192 982 0
193 270 0
194 667 0
195 358 0
195 862 0
195 898 0
195 901 0
196 243 0
196 531 0
196 598 0
196 803 0
196 901 0
197 609 0
198 833 0
200 417 0
201 360 0
202 425 0
202 439 0
202 682 0
203 222 0
203 322 0
203 740 0
203 928 0
204 360 0
206 369 0
207 475 0
209 374 0
210 489 0
211 220 0
211 355 0
211 662 0
211 717 0
211 762 0
212 317 0
212 592 0
212 808 0
212 873 0
212 970 0
213 381 0
214 667 0
217 257 0
217 460 0
217 692 0
217 828 0
217 972 0
218 811 0
218 863 0
219 359 0
219 399 0
219 753 0
219 881 0
220 345 0
220 702 0
221 609 0
221 631 0
221 797 0
222 325 0
222 454 0
223 641 0
223 658 0
223 659 0
224 445 0
224 799 0
224 870 0
226 452 0
227 391 0
228 796 0
229 316 0
229 396 0
229 529 0
229 579 0
230 500 0
231 386 0
232 732 0
232 786 0
232 795 0
232 940 0
232 945 0
234 625 0
234 701 0
235 258 0
235 296 0
235 305 0
235 740 0
235 768 0
237 343 0
238 260 0
238 367 0
238 436 0
238 509 0
240 372 0
241 381 0
242 404 0
244 966 0
246 415 0
246 732 0
246 979 0
247 287 0
247 776 0
247 883 0
248 587 0
248 930 0
249 890 0
251 918 0
253 393 0
253 448 0
253 671 0
253 676 0
254 364 0
254 566 0
254 628 0
254 679 0
255 910 0
256 946 0
257 681 0
257 982 0
258 407 0
258 423 0
258 585 0
258 893 0
259 352 0
259 446 0
259 583 0
259 682 0
261 500 0
261 767 0
261 958 0
262 780 0
263 520 0
263 595 0
263 596 0
263 895 0
264 876 0
265 709 0
266 545 0
267 271 0
267 379 0
267 825 0
267 984 0
268 318 0
268 424 0
269 782 0
270 634 0
272 939 0
273 556 0
274 501 0
275 524 0
275 745 0
275 832 0
276 308 0
279 427 0
279 953 0
280 309 0
282 382 0
283 372 0
284 533 0
284 875 0
285 622 0
286 916 0
288 454 0
289 468 0
289 881 0
289 913 0
290 301 0
290 870 0
291 992 0
293 797 0
294 388 0
295 434 0
295 481 0
295 588 0
295 712 0
295 815 0
296 346 0
296 804 0
297 395 0
298 680 0
299 424 0
299 608 0
299 679 0
299 827 0
300 613 0
301 701 0
301 738 0
302 352 0
302 724 0
303 336 0
304 459 0
305 397 0
305 429 0
305 603 0
305 821 0
306 400 0
306 451 0
306 577 0
307 533 0
308 565 0
308 789 0
309 356 0
309 619 0
309 818 0
310 635 0
310 767 0
311 609 0
312 854 0
313 797 0
314 601 0
315 384 0
315 754 0
315 954 0
316 375 0
316 699 0
319 329 0
319 520 0
319 660 0
319 707 0
320 632 0
321 359 0
322 719 0
322 798 0
322 819 0
324 913 0
325 879 0
325 948 0
325 972 0
326 822 0
327 709 0
327 770 0
327 813 0
328 620 0
328 746 0
330 534 0
330 580 0
330 710 0
330 938 0
331 395 0
332 345 0
333 343 0
334 391 0
336 521 0
336 612 0
336 686 0
337 364 0
337 631 0
339 354 0
339 557 0
339 859 0
339 891 0
339 973 0
340 951 0
341 691 0
342 424 0
342 489 0
343 511 0
343 716 0
343 807 0
344 812 0
344 838 0
344 956 0
345 396 0
345 403 0
345 751 0
348 942 0
349 787 0
350 796 0
351 476 0
352 841 0
353 787 0
354 614 0
354 932 0
356 595 0
356 804 0
357 651 0
358 430 0
358 920 0
359 668 0
359 977 0
360 427 0
360 766 0
360 901 0
361 378 0
362 980 0
363 608 0
364 589 0
364 971 0
365 401 0
366 768 0
367 445 0
367 533 0
367 756 0
368 404 0
370 617 0
371 637 0
372 534 0
373 628 0
374 893 0
375 675 0
375 777 0
375 947 0
376 613 0
378 569 0
378 666 0
378 799 0
379 765 0
380 388 0
380 755 0
380 942 0
382 449 0
382 774 0
383 452 0
384 454 0
385 721 0
386 582 0
386 672 0
387 564 0
387 620 0
387 695 0
387 696 0
387 846 0
387 943 0
388 661 0
388 924 0
389 480 0
389 516 0
389 698 0
389 868 0
390 473 0
390 617 0
391 998 0
392 936 0
393 609 0
393 691 0
393 895 0
395 926 0
396 822 0
399 493 0
399 594 0
401 437 0
402 801 0
404 574 0
404 577 0
404 675 0
405 876 0
406 572 0
408 441 0
409 442 0
409 520 0
409 807 0
409 855 0
413 434 0
413 762 0
413 915 0
413 991 0
414 949 0
415 601 0
415 691 0
415 968 0
417 522 0
417 849 0
419 468 0
419 831 0
419 852 0
419 992 0
420 751 0
420 951 0
421 602 0
421 681 0
421 711 0
422 867 0
426 605 0
427 833 0
428 648 0
428 771 0
430 525 0
430 806 0
430 882 0
432 668 0
432 732 0
432 892 0
433 963 0
434 476 0
434 580 0
435 613 0
438 741 0
440 492 0
441 471 0
441 568 0
442 513 0
442 736 0
444 949 0
445 635 0
445 729 0
445 753 0
447 534 0
447 590 0
447 671 0
447 875 0
448 796 0
448 902 0
450 475 0
452 748 0
453 916 0
454 463 0
454 688 0
454 970 0
455 966 0
456 723 0
459 654 0
459 674 0
461 501 0
461 602 0
461 605 0
461 690 0
463 472 0
463 683 0
464 723 0
466 870 0
467 765 0
468 495 0
468 548 0
469 552 0
469 690 0
469 693 0
469 826 0
469 875 0
470 700 0
470 703 0
470 798 0
470 903 0
470 971 0
471 632 0
471 885 0
471 995 0
472 582 0
472 742 0
472 892 0
473 769 0
475 748 0
475 834 0
475 886 0
476 551 0
477 587 0
478 709 0
478 939 0
479 576 0
479 836 0
479 927 0
482 969 0
483 599 0
484 801 0
485 501 0
486 841 0
487 686 0
487 775 0
487 825 0
487 991 0
488 992 0
489 565 0
490 709 0
491 768 0
492 750 0
492 825 0
493 638 0
493 740 0
493 920 0
494 723 0
496 532 0
496 591 0
496 597 0
496 696 0
498 958 0
499 913 0
500 915 0
500 931 0
501 686 0
504 773 0
505 649 0
506 801 0
507 530 0
507 537 0
507 593 0
507 730 0
510 518 0
511 630 0
512 995 0
513 574 0
513 702 0
513 934 0
514 679 0
515 890 0
517 601 0
518 809 0
518 915 0
518 999 0
519 822 0
519 870 0
519 965 0
520 979 0
522 636 0
522 653 0
522 966 0
525 653 0
525 741 0
526 620 0
526 621 0
526 671 0
526 831 0
527 667 0
528 918 0
530 611 0
530 723 0
534 738 0
535 667 0
536 594 0
538 910 0
539 572 0
539 980 0
540 665 0
541 918 0
545 645 0
545 935 0
545 986 0
546 902 0
547 601 0
549 608 0
550 774 0
550 787 0
551 913 0
554 711 0
554 742 0
554 949 0
556 625 0
556 685 0
556 713 0
558 992 0
559 630 0
560 951 0
561 791 0
562 570 0
562 749 0
562 772 0
562 819 0
562 895 0
565 887 0
566 815 0
567 932 0
571 633 0
572 690 0
572 815 0
573 920 0
574 651 0
575 782 0
577 822 0
578 773 0
580 612 0
580 773 0
581 623 0
581 629 0
581 794 0
581 886 0
582 595 0
582 791 0
582 910 0
586 910 0
587 656 0
587 845 0
588 780 0
588 796 0
590 780 0
590 918 0
590 951 0
591 605 0
591 720 0
591 815 0
594 760 0
594 767 0
595 979 0
596 885 0
599 836 0
600 721 0
601 742 0
601 804 0
604 705 0
606 833 0
608 635 0
608 770 0
609 888 0
610 648 0
611 641 0
611 771 0
611 813 0
612 956 0
613 868 0
614 753 0
614 832 0
615 884 0
617 944 0
618 626 0
619 833 0
620 728 0
621 722 0
621 939 0
622 727 0
622 986 0
623 721 0
624 933 0
625 965 0
625 992 0
626 677 0
626 729 0
628 694 0
628 847 0
630 836 0
631 657 0
632 713 0
632 860 0
633 819 0
633 840 0
636 780 0
637 742 0
638 652 0
638 663 0
638 725 0
639 755 0
639 775 0
641 666 0
641 983 0
648 886 0
648 972 0
648 997 0
649 728 0
649 873 0
649 922 0
650 979 0
651 853 0
651 877 0
653 813 0
653 901 0
656 799 0
656 881 0
664 756 0
665 717 0
665 799 0
665 893 0
665 927 0
668 820 0
668 963 0
669 884 0
674 799 0
675 995 0
676 941 0
676 946 0
677 780 0
678 867 0
679 831 0
680 729 0
680 878 0
681 701 0
681 775 0
681 827 0
681 974 0
682 899 0
683 804 0
683 817 0
683 874 0
684 774 0
684 796 0
686 916 0
689 854 0
690 782 0
690 921 0
696 894 0
699 759 0
699 892 0
702 983 0
705 728 0
705 826 0
705 873 0
705 905 0
706 751 0
706 769 0
706 900 0
708 980 0
711 854 0
711 903 0
711 932 0
713 982 0
714 966 0
715 963 0
719 736 0
719 831 0
720 753 0
720 799 0
720 827 0
721 805 0
721 989 0
722 889 0
722 909 0
731 839 0
732 826 0
732 949 0
732 982 0
733 765 0
734 765 0
735 736 0
737 963 0
738 800 0
738 952 0
740 868 0
741 792 0
741 824 0
743 822 0
744 835 0
744 896 0
744 988 0
751 825 0
753 928 0
755 886 0
755 991 0
757 968 0
759 958 0
761 902 0
762 867 0
764 941 0
765 805 0
767 916 0
768 814 0
770 942 0
771 919 0
773 832 0
775 884 0
779 936 0
780 879 0
781 969 0
782 816 0
782 954 0
784 983 0
787 875 0
787 993 0
788 884 0
790 890 0
791 861 0
791 880 0
793 919 0
797 798 0
798 969 0
799 844 0
804 983 0
805 965 0
807 852 0
810 958 0
813 928 0
819 840 0
823 841 0
825 899 0
827 913 0
829 854 0
830 881 0
831 854 0
833 960 0
839 868 0
839 978 0
840 886 0
841 907 0
841 955 0
843 867 0
844 912 0
855 887 0
855 965 0
856 946 0
857 899 0
859 919 0
864 919 0
866 995 0
869 968 0
872 980 0
873 885 0
885 930 0
887 971 0
887 986 0
890 977 0
894 990 0
897 936 0
899 977 0
902 917 0
904 969 0
918 955 0
920 923 0
921 941 0
932 975 0
936 954 0
940 958 0
941 976 0
943 982 0
958 962 0
981 983 0
