800 1017 0
1 53 0
1 344 0
1 480 0
1 561 0
1 597 0
2 409 0
3 789 0
4 56 0
5 54 0
6 11 0
6 153 0
6 244 0
7 19 0
7 164 0
7 274 0
7 492 0
7 609 0
8 189 0
9 25 0
10 130 0
10 269 0
10 684 0
10 772 0
11 357 0
11 417 0
11 641 0
12 81 0
12 202 0
12 366 0
12 376 0
12 596 0
13 421 0
14 722 0
15 146 0
15 282 0
15 660 0
15 776 0
16 243 0
17 30 0
18 295 0
19 35 0
19 456 0
19 621 0
19 682 0
20 250 0
21 232 0
22 220 0
23 433 0
24 725 0
25 61 0
25 100 0
25 171 0
25 197 0
26 27 0
26 371 0
26 558 0
26 695 0
28 163 0
28 215 0
28 366 0
28 710 0
29 771 0
30 176 0
30 194 0
30 509 0
30 523 0
31 470 0
32 291 0
32 349 0
32 447 0
32 524 0
32 690 0
33 469 0
34 94 0
35 172 0
35 222 0
35 782 0
36 415 0
37 95 0
37 251 0
37 436 0
37 621 0
38 230 0
38 257 0
38 290 0
38 382 0
38 558 0
38 636 0
39 84 0
39 100 0
39 140 0
39 639 0
40 124 0
41 397 0
42 310 0
42 347 0
42 521 0
43 103 0
43 488 0
43 690 0
44 339 0
45 218 0
46 73 0
46 316 0
46 593 0
46 768 0
47 403 0
47 406 0
47 548 0
48 127 0
48 177 0
48 404 0
48 767 0
49 413 0
49 556 0
49 595 0
49 649 0
49 764 0
50 612 0
51 89 0
52 257 0
52 327 0
52 450 0
52 666 0
53 497 0
53 535 0
54 191 0
54 411 0
54 531 0
54 552 0
55 633 0
56 77 0
56 210 0
56 709 0
57 219 0
57 334 0
57 562 0
57 610 0
57 763 0
58 203 0
58 400 0
58 535 0
58 701 0
59 136 0
59 200 0
59 323 0
59 373 0
60 307 0
61 674 0
61 759 0
62 279 0
62 540 0
62 557 0
63 537 0
64 384 0
64 750 0
64 758 0
65 652 0
66 649 0
67 93 0
68 472 0
69 484 0
70 184 0
70 342 0
70 404 0
70 676 0
71 744 0
72 383 0
73 117 0
73 344 0
73 436 0
73 563 0
73 705 0
73 755 0
74 240 0
74 555 0
74 641 0
74 752 0
75 173 0
76 646 0
77 250 0
77 418 0
77 535 0
78 174 0
79 226 0
79 297 0
79 324 0
79 720 0
79 730 0
80 276 0
80 416 0
80 571 0
81 406 0
81 683 0
82 153 0
83 571 0
85 392 0
86 400 0
87 198 0
88 217 0
89 193 0
89 460 0
89 602 0
89 735 0
90 380 0
90 448 0
90 590 0
90 755 0
91 185 0
91 229 0
91 238 0
91 571 0
91 744 0
92 145 0
93 252 0
93 338 0
93 540 0
93 664 0
94 156 0
94 180 0
94 363 0
95 413 0
95 771 0
96 540 0
96 613 0
96 663 0
97 329 0
97 357 0
97 567 0
97 601 0
97 634 0
98 312 0
98 391 0
98 431 0
98 630 0
98 711 0
99 470 0
100 307 0
100 692 0
101 296 0
102 262 0
103 314 0
103 693 0
103 714 0
103 790 0
104 221 0
104 304 0
104 513 0
104 660 0
105 768 0
106 280 0
107 571 0
108 426 0
108 725 0
108 771 0
109 744 0
110 325 0
110 390 0
110 586 0
110 656 0
110 793 0
111 409 0
112 349 0
113 124 0
113 129 0
113 392 0
114 609 0
115 658 0
116 571 0
117 449 0
117 468 0
118 262 0
118 296 0
118 419 0
119 220 0
119 358 0
119 472 0
120 403 0
121 596 0
122 204 0
122 213 0
122 331 0
122 457 0
123 291 0
124 530 0
124 727 0
125 198 0
125 202 0
125 295 0
126 243 0
128 710 0
129 198 0
129 339 0
129 511 0
129 799 0
130 238 0
130 311 0
130 784 0
131 663 0
132 475 0
133 218 0
134 164 0
135 300 0
135 342 0
135 502 0
135 671 0
135 699 0
135 707 0
137 155 0
137 156 0
137 371 0
137 436 0
137 569 0
138 397 0
139 326 0
139 401 0
139 447 0
139 549 0
141 413 0
142 240 0
143 605 0
144 232 0
145 358 0
145 578 0
145 603 0
146 316 0
146 392 0
147 789 0
148 406 0
149 376 0
150 298 0
150 361 0
150 603 0
150 627 0
151 537 0
152 613 0
153 703 0
153 727 0
153 775 0
154 419 0
155 234 0
155 236 0
155 470 0
155 662 0
156 201 0
157 284 0
157 369 0
157 550 0
157 572 0
157 638 0
157 787 0
158 766 0
159 759 0
160 173 0
160 215 0
160 520 0
161 227 0
162 690 0
163 563 0
163 584 0
163 654 0
163 797 0
164 170 0
164 480 0
164 561 0
165 218 0
166 357 0
166 500 0
166 555 0
166 589 0
167 349 0
168 180 0
168 259 0
168 355 0
168 589 0
169 511 0
171 653 0
171 758 0
172 280 0
172 706 0
172 743 0
173 344 0
173 510 0
173 689 0
173 754 0
174 300 0
174 426 0
174 782 0
175 303 0
176 264 0
176 621 0
178 202 0
179 268 0
179 338 0
179 514 0
179 715 0
180 442 0
180 612 0
180 752 0
181 194 0
181 674 0
181 733 0
181 779 0
182 274 0
183 667 0
185 390 0
185 398 0
185 624 0
185 626 0
186 265 0
187 517 0
187 549 0
187 577 0
187 602 0
188 245 0
188 357 0
188 510 0
188 538 0
189 379 0
189 520 0
189 696 0
190 759 0
192 750 0
193 207 0
193 662 0
194 263 0
194 752 0
195 476 0
196 605 0
198 611 0
199 662 0
201 208 0
201 362 0
201 631 0
201 651 0
202 292 0
202 508 0
203 233 0
203 385 0
203 438 0
203 503 0
203 560 0
205 588 0
206 497 0
206 540 0
206 602 0
207 241 0
207 253 0
207 391 0
207 761 0
207 793 0
208 392 0
208 419 0
208 534 0
209 645 0
211 274 0
212 600 0
213 469 0
213 527 0
213 643 0
214 591 0
215 224 0
215 481 0
216 641 0
217 478 0
217 488 0
217 609 0
217 757 0
218 371 0
220 255 0
220 603 0
221 400 0
221 517 0
222 403 0
222 468 0
222 773 0
223 641 0
225 555 0
225 577 0
225 701 0
227 261 0
227 331 0
227 335 0
227 585 0
227 695 0
228 622 0
229 668 0
229 725 0
230 432 0
230 722 0
231 543 0
232 532 0
232 727 0
234 732 0
234 739 0
234 786 0
235 645 0
236 272 0
236 343 0
236 391 0
236 506 0
237 392 0
237 633 0
237 706 0
238 359 0
238 492 0
238 560 0
238 732 0
239 484 0
240 547 0
240 657 0
241 251 0
241 593 0
242 784 0
243 384 0
243 573 0
244 348 0
244 575 0
244 755 0
246 264 0
246 534 0
246 616 0
247 318 0
247 357 0
247 489 0
247 598 0
248 554 0
249 765 0
250 354 0
250 742 0
251 494 0
251 517 0
251 794 0
254 276 0
256 406 0
257 411 0
257 449 0
257 524 0
257 566 0
258 316 0
260 415 0
261 643 0
261 667 0
262 381 0
262 575 0
262 608 0
262 702 0
263 471 0
263 501 0
263 712 0
264 389 0
264 549 0
265 284 0
265 345 0
265 728 0
266 449 0
267 321 0
267 357 0
267 402 0
267 714 0
267 794 0
270 765 0
271 554 0
273 311 0
274 553 0
275 743 0
276 330 0
276 431 0
276 464 0
276 620 0
276 748 0
277 633 0
278 789 0
279 388 0
279 729 0
279 782 0
280 283 0
280 557 0
280 618 0
281 384 0
281 557 0
281 564 0
281 587 0
284 360 0
284 579 0
284 668 0
285 497 0
286 505 0
286 569 0
286 582 0
286 656 0
287 674 0
287 764 0
287 773 0
288 543 0
289 458 0
291 574 0
291 682 0
293 320 0
294 423 0
294 446 0
294 486 0
294 550 0
294 602 0
295 463 0
295 608 0
295 770 0
296 431 0
296 492 0
297 338 0
297 418 0
299 313 0
299 476 0
299 789 0
300 734 0
301 407 0
301 433 0
301 652 0
302 408 0
303 412 0
303 444 0
303 461 0
303 526 0
305 383 0
306 419 0
307 442 0
307 670 0
307 795 0
308 734 0
309 751 0
310 552 0
310 708 0
310 746 0
311 420 0
311 518 0
313 368 0
313 507 0
313 520 0
313 714 0
314 535 0
314 622 0
314 769 0
315 400 0
316 328 0
316 347 0
316 467 0
317 443 0
318 461 0
318 571 0
319 662 0
320 330 0
320 604 0
320 745 0
320 793 0
321 330 0
321 423 0
321 433 0
321 543 0
321 633 0
321 800 0
322 723 0
331 629 0
331 710 0
332 591 0
333 768 0
335 366 0
335 477 0
335 484 0
335 558 0
335 683 0
335 746 0
336 405 0
337 646 0
338 397 0
338 692 0
339 429 0
339 576 0
340 554 0
341 635 0
342 359 0
342 426 0
342 480 0
344 508 0
344 653 0
346 416 0
347 599 0
347 683 0
347 751 0
349 625 0
350 472 0
351 403 0
352 652 0
353 458 0
356 663 0
358 443 0
358 535 0
359 621 0
359 647 0
359 799 0
360 734 0
360 769 0
364 417 0
365 784 0
366 436 0
366 540 0
367 409 0
367 443 0
367 595 0
367 725 0
367 800 0
370 659 0
371 583 0
372 443 0
373 500 0
373 534 0
373 554 0
374 548 0
375 408 0
376 540 0
376 623 0
377 593 0
378 759 0
383 732 0
383 760 0
384 548 0
384 647 0
386 579 0
387 407 0
390 497 0
390 657 0
392 440 0
392 661 0
392 746 0
393 744 0
394 773 0
395 683 0
396 635 0
397 567 0
397 705 0
399 468 0
400 798 0
402 472 0
402 475 0
402 635 0
403 510 0
403 800 0
404 668 0
404 700 0
404 750 0
405 453 0
405 599 0
405 642 0
406 682 0
406 707 0
407 594 0
407 687 0
408 581 0
408 755 0
409 629 0
410 764 0
411 766 0
413 724 0
414 706 0
415 552 0
415 637 0
415 776 0
416 456 0
416 592 0
417 542 0
417 562 0
418 657 0
418 677 0
418 786 0
419 785 0
421 482 0
421 539 0
421 578 0
421 608 0
422 721 0
423 793 0
424 723 0
425 461 0
425 462 0
425 525 0
425 619 0
426 789 0
427 441 0
427 473 0
427 522 0
427 614 0
427 644 0
428 484 0
430 432 0
431 490 0
432 520 0
432 704 0
433 491 0
433 781 0
434 468 0
435 622 0
436 599 0
437 500 0
438 643 0
438 786 0
439 641 0
441 645 0
441 734 0
441 799 0
442 739 0
443 515 0
443 747 0
445 643 0
447 527 0
449 578 0
449 655 0
451 485 0
452 555 0
454 458 0
454 490 0
454 497 0
454 589 0
454 789 0
455 652 0
456 667 0
456 751 0
458 648 0
458 650 0
459 721 0
461 595 0
461 658 0
462 602 0
462 752 0
465 485 0
466 749 0
468 488 0
468 563 0
469 508 0
469 675 0
469 697 0
470 566 0
470 700 0
472 498 0
473 476 0
473 537 0
474 475 0
475 615 0
476 720 0
477 485 0
477 512 0
479 511 0
482 621 0
482 758 0
483 722 0
485 736 0
487 649 0
488 690 0
490 517 0
490 562 0
493 777 0
494 527 0
494 534 0
494 752 0
495 645 0
496 555 0
496 667 0
496 701 0
497 526 0
497 617 0
499 511 0
500 604 0
500 678 0
504 658 0
512 521 0
512 706 0
512 723 0
516 721 0
517 668 0
519 659 0
520 692 0
521 594 0
521 736 0
521 758 0
521 793 0
524 552 0
524 794 0
526 609 0
526 737 0
527 603 0
527 608 0
528 583 0
529 749 0
533 683 0
534 654 0
534 727 0
534 747 0
535 758 0
536 667 0
537 642 0
537 713 0
541 667 0
543 698 0
544 659 0
545 743 0
546 784 0
548 791 0
549 600 0
550 605 0
551 600 0
554 675 0
555 607 0
556 659 0
556 773 0
557 562 0
559 690 0
560 766 0
561 771 0
562 652 0
565 777 0
566 707 0
566 718 0
567 800 0
568 613 0
569 759 0
569 777 0
570 646 0
572 649 0
572 718 0
572 722 0
575 721 0
577 588 0
577 646 0
577 765 0
578 674 0
579 686 0
579 700 0
580 710 0
583 606 0
583 761 0
585 588 0
585 609 0
588 741 0
588 788 0
591 687 0
591 747 0
591 782 0
593 738 0
594 722 0
594 739 0
595 758 0
596 753 0
596 783 0
596 792 0
600 679 0
602 663 0
604 739 0
605 736 0
608 792 0
610 710 0
610 727 0
612 654 0
612 718 0
612 756 0
613 680 0
613 732 0
616 635 0
616 687 0
616 692 0
616 749 0
621 758 0
622 648 0
628 706 0
629 789 0
632 653 0
633 672 0
635 673 0
640 658 0
642 647 0
642 659 0
643 796 0
647 707 0
648 723 0
653 669 0
656 706 0
658 695 0
660 723 0
660 799 0
662 717 0
665 725 0
667 674 0
668 720 0
675 789 0
681 683 0
685 769 0
688 764 0
691 734 0
692 794 0
694 743 0
701 762 0
705 750 0
707 721 0
710 786 0
716 773 0
719 739 0
720 749 0
722 748 0
722 778 0
726 768 0
731 771 0
732 766 0
734 748 0
734 776 0
736 771 0
740 769 0
749 761 0
751 780 0
765 792 0
774 777 0
