350 492 0
1 9 0
1 319 0
2 60 0
2 179 0
2 209 0
3 80 0
3 118 0
3 296 0
3 317 0
4 59 0
4 223 0
4 295 0
4 319 0
5 38 0
5 182 0
5 237 0
5 312 0
6 109 0
7 174 0
7 179 0
8 99 0
8 170 0
8 191 0
8 255 0
8 275 0
9 105 0
9 113 0
9 263 0
10 65 0
10 73 0
10 88 0
10 343 0
11 32 0
12 67 0
12 133 0
12 335 0
13 80 0
13 178 0
13 230 0
13 308 0
14 65 0
14 234 0
15 295 0
16 301 0
16 314 0
17 19 0
17 289 0
18 350 0
19 239 0
20 21 0
20 102 0
20 240 0
20 312 0
20 323 0
21 313 0
22 68 0
22 293 0
23 294 0
24 41 0
24 43 0
24 73 0
25 83 0
25 227 0
25 245 0
26 204 0
26 205 0
27 59 0
28 116 0
28 220 0
29 77 0
29 181 0
29 305 0
29 341 0
30 120 0
30 206 0
30 269 0
31 61 0
31 163 0
31 207 0
32 109 0
32 182 0
32 241 0
32 322 0
33 79 0
33 172 0
34 89 0
35 91 0
35 119 0
36 257 0
36 291 0
37 82 0
37 99 0
38 72 0
38 118 0
38 286 0
39 249 0
39 261 0
39 266 0
39 280 0
39 341 0
40 43 0
40 55 0
40 137 0
40 317 0
41 94 0
41 225 0
41 279 0
41 287 0
42 348 0
43 202 0
43 257 0
44 117 0
44 269 0
44 281 0
44 349 0
45 86 0
45 235 0
46 247 0
46 284 0
47 96 0
47 97 0
47 129 0
47 188 0
48 205 0
49 288 0
49 348 0
50 92 0
50 154 0
50 197 0
50 273 0
51 296 0
52 284 0
53 98 0
53 121 0
53 127 0
53 137 0
54 131 0
54 204 0
55 184 0
55 307 0
56 82 0
56 119 0
57 101 0
57 249 0
58 83 0
58 335 0
59 149 0
59 166 0
59 331 0
60 195 0
60 209 0
60 294 0
60 319 0
60 334 0
61 106 0
61 117 0
61 147 0
61 177 0
61 182 0
61 231 0
62 68 0
62 131 0
62 148 0
62 172 0
62 244 0
62 304 0
63 220 0
64 204 0
64 219 0
65 119 0
65 218 0
65 327 0
66 77 0
66 92 0
66 260 0
66 279 0
67 327 0
68 135 0
68 162 0
68 324 0
69 209 0
70 185 0
71 156 0
71 230 0
71 304 0
71 318 0
71 328 0
72 95 0
72 120 0
72 214 0
74 203 0
74 209 0
75 107 0
75 123 0
75 171 0
75 315 0
75 339 0
76 92 0
76 162 0
76 177 0
76 196 0
76 331 0
77 161 0
77 218 0
78 132 0
79 244 0
79 306 0
79 314 0
81 138 0
82 105 0
82 124 0
82 208 0
82 286 0
83 226 0
83 286 0
84 86 0
85 142 0
85 191 0
85 232 0
85 256 0
85 303 0
86 153 0
86 189 0
86 191 0
86 238 0
87 148 0
87 325 0
89 140 0
89 214 0
89 254 0
89 260 0
90 200 0
91 138 0
91 154 0
92 257 0
93 191 0
93 198 0
93 233 0
93 258 0
93 298 0
93 327 0
95 106 0
99 111 0
99 341 0
100 118 0
101 125 0
101 143 0
101 238 0
102 126 0
102 146 0
102 243 0
102 251 0
103 326 0
104 200 0
104 272 0
105 218 0
105 227 0
105 268 0
105 300 0
106 180 0
106 286 0
108 264 0
109 204 0
109 260 0
109 316 0
110 227 0
111 128 0
112 205 0
113 235 0
114 141 0
114 176 0
114 212 0
114 242 0
114 292 0
115 132 0
115 245 0
115 328 0
116 219 0
117 134 0
117 279 0
117 321 0
118 215 0
118 247 0
118 301 0
119 132 0
119 221 0
119 290 0
119 349 0
121 183 0
122 289 0
123 222 0
123 325 0
123 350 0
124 155 0
124 278 0
125 346 0
126 129 0
126 172 0
126 334 0
126 342 0
127 324 0
128 135 0
128 163 0
128 176 0
128 259 0
128 277 0
129 222 0
129 299 0
130 175 0
130 271 0
130 297 0
130 337 0
131 186 0
131 339 0
132 305 0
132 330 0
133 155 0
133 229 0
133 278 0
135 319 0
136 168 0
137 274 0
137 278 0
138 225 0
138 312 0
139 146 0
139 164 0
139 193 0
139 307 0
139 341 0
144 234 0
144 336 0
145 242 0
145 244 0
145 250 0
145 282 0
146 148 0
148 173 0
148 300 0
149 192 0
150 290 0
151 326 0
152 159 0
153 160 0
154 345 0
155 325 0
157 227 0
158 175 0
158 187 0
158 268 0
158 285 0
159 175 0
159 301 0
159 338 0
160 185 0
160 243 0
160 266 0
161 237 0
161 344 0
162 350 0
163 249 0
163 260 0
164 306 0
165 257 0
167 269 0
168 182 0
168 195 0
168 206 0
168 305 0
168 345 0
169 195 0
171 257 0
172 208 0
174 176 0
174 213 0
174 237 0
174 238 0
175 222 0
175 247 0
175 284 0
176 230 0
176 246 0
176 256 0
176 333 0
177 179 0
177 254 0
179 213 0
180 278 0
181 185 0
181 219 0
181 220 0
181 232 0
181 235 0
182 205 0
183 246 0
184 299 0
185 267 0
186 330 0
189 329 0
190 223 0
191 255 0
191 274 0
191 331 0
192 295 0
194 239 0
195 251 0
195 298 0
195 329 0
199 220 0
200 230 0
200 283 0
201 223 0
202 264 0
203 215 0
203 348 0
207 269 0
208 249 0
209 229 0
210 224 0
210 279 0
210 340 0
210 346 0
211 294 0
213 284 0
213 326 0
215 253 0
215 283 0
216 219 0
217 304 0
217 350 0
218 256 0
218 277 0
220 235 0
222 299 0
222 344 0
223 281 0
224 289 0
226 246 0
228 327 0
230 274 0
234 308 0
234 313 0
234 334 0
235 238 0
235 270 0
235 332 0
236 335 0
237 244 0
238 239 0
238 308 0
239 333 0
239 350 0
243 306 0
243 319 0
245 249 0
246 302 0
248 306 0
249 258 0
249 334 0
252 264 0
253 299 0
256 263 0
256 269 0
256 290 0
257 288 0
259 326 0
259 335 0
260 348 0
262 326 0
264 334 0
265 299 0
266 331 0
272 327 0
274 344 0
275 296 0
276 290 0
284 310 0
286 311 0
289 336 0
289 341 0
290 328 0
291 350 0
293 325 0
294 309 0
295 320 0
296 305 0
296 331 0
312 335 0
319 334 0
319 344 0
325 346 0
325 347 0
