100 114 0
1 3 0
2 53 0
3 9 0
3 44 0
3 92 0
4 25 0
5 21 0
5 64 0
5 74 0
5 88 0
6 58 0
7 25 0
8 78 0
10 21 0
10 50 0
10 76 0
10 83 0
11 40 0
11 94 0
12 21 0
12 26 0
12 32 0
12 47 0
12 70 0
13 56 0
14 37 0
14 40 0
14 61 0
14 99 0
15 27 0
16 56 0
17 26 0
17 27 0
17 83 0
17 96 0
18 99 0
19 40 0
19 48 0
19 77 0
20 37 0
21 53 0
21 77 0
22 46 0
23 94 0
24 85 0
25 32 0
25 59 0
25 88 0
26 47 0
27 60 0
27 65 0
27 92 0
28 68 0
29 84 0
30 46 0
30 54 0
30 77 0
30 85 0
31 54 0
32 40 0
32 65 0
32 68 0
33 61 0
34 56 0
35 69 0
35 98 0
36 58 0
37 75 0
37 89 0
37 95 0
38 96 0
39 56 0
39 69 0
39 77 0
39 87 0
40 92 0
41 93 0
41 99 0
42 85 0
43 61 0
45 87 0
46 57 0
46 62 0
48 78 0
48 94 0
48 100 0
49 53 0
51 99 0
52 85 0
53 73 0
54 80 0
54 91 0
55 100 0
58 63 0
58 78 0
61 72 0
62 81 0
66 69 0
67 87 0
68 71 0
68 82 0
69 86 0
69 90 0
75 87 0
76 79 0
78 96 0
79 84 0
80 95 0
81 100 0
84 92 0
84 98 0
86 100 0
93 96 0
94 97 0
