200 222 0
1 7 0
1 125 0
1 129 0
1 148 0
2 10 0
2 13 0
2 88 0
2 195 0
3 118 0
3 133 0
4 128 0
5 11 0
5 29 0
5 78 0
5 128 0
5 152 0
6 144 0
8 134 0
9 188 0
9 199 0
10 51 0
10 61 0
10 129 0
12 40 0
12 112 0
12 118 0
12 178 0
13 31 0
13 56 0
13 75 0
14 43 0
14 45 0
14 64 0
14 176 0
15 107 0
16 48 0
16 135 0
16 145 0
16 172 0
17 153 0
18 36 0
18 79 0
19 161 0
20 109 0
21 36 0
21 37 0
21 127 0
21 175 0
21 187 0
22 134 0
23 88 0
24 110 0
24 118 0
24 120 0
24 188 0
25 142 0
26 51 0
26 90 0
26 126 0
26 139 0
27 195 0
28 153 0
30 107 0
30 108 0
30 179 0
32 51 0
32 149 0
32 177 0
32 183 0
33 96 0
34 89 0
35 63 0
35 80 0
35 94 0
35 132 0
35 165 0
36 106 0
36 127 0
36 155 0
38 160 0
39 84 0
41 97 0
41 127 0
41 131 0
41 198 0
42 87 0
44 161 0
46 53 0
46 58 0
46 71 0
46 128 0
46 174 0
47 53 0
47 61 0
47 78 0
47 80 0
49 133 0
50 93 0
51 153 0
52 133 0
53 107 0
53 161 0
54 195 0
55 96 0
57 195 0
58 165 0
59 77 0
59 104 0
59 127 0
59 172 0
60 73 0
60 119 0
60 181 0
60 191 0
61 64 0
61 77 0
61 173 0
61 199 0
62 72 0
65 96 0
66 122 0
66 161 0
67 87 0
68 84 0
69 194 0
70 108 0
72 73 0
72 103 0
72 124 0
72 147 0
73 84 0
73 173 0
74 196 0
76 141 0
77 138 0
78 82 0
78 93 0
79 105 0
80 134 0
80 142 0
81 107 0
82 98 0
82 114 0
82 192 0
83 88 0
84 167 0
85 199 0
86 102 0
87 168 0
87 172 0
88 91 0
89 93 0
89 159 0
89 162 0
89 193 0
92 160 0
93 116 0
93 184 0
95 113 0
95 154 0
95 180 0
95 190 0
96 118 0
96 177 0
97 198 0
99 196 0
100 128 0
101 132 0
101 153 0
102 158 0
102 189 0
102 190 0
104 108 0
104 163 0
104 165 0
105 129 0
105 169 0
105 182 0
107 146 0
108 122 0
109 136 0
109 140 0
109 156 0
109 176 0
111 141 0
115 134 0
117 194 0
118 153 0
118 173 0
121 144 0
122 195 0
123 141 0
128 186 0
128 197 0
129 199 0
130 151 0
133 190 0
137 163 0
138 159 0
138 186 0
138 190 0
140 194 0
141 172 0
143 160 0
144 159 0
144 185 0
147 163 0
150 151 0
151 159 0
151 171 0
156 167 0
157 199 0
160 176 0
163 179 0
164 196 0
165 166 0
165 170 0
165 200 0
173 176 0
173 191 0
186 194 0
186 196 0
