100 174 0
1 30 0
2 24 0
2 45 0
2 61 0
2 90 0
3 4 0
3 11 0
3 57 0
3 86 0
4 95 0
5 15 0
5 44 0
5 62 0
5 88 0
5 95 0
6 31 0
6 44 0
6 71 0
6 79 0
7 17 0
7 37 0
7 72 0
7 78 0
8 94 0
9 40 0
9 43 0
9 49 0
9 58 0
10 12 0
10 19 0
10 55 0
10 80 0
11 51 0
11 90 0
12 28 0
12 30 0
12 62 0
12 81 0
12 93 0
13 40 0
13 47 0
13 75 0
13 96 0
14 39 0
14 54 0
14 74 0
14 79 0
14 85 0
14 89 0
14 91 0
14 97 0
15 46 0
15 53 0
15 87 0
15 92 0
16 94 0
17 36 0
18 20 0
18 28 0
18 76 0
19 48 0
20 49 0
20 98 0
21 25 0
21 43 0
21 62 0
21 65 0
21 96 0
22 35 0
22 41 0
22 48 0
22 68 0
22 97 0
23 27 0
23 30 0
23 90 0
24 36 0
24 53 0
25 37 0
25 48 0
25 60 0
25 74 0
26 66 0
26 71 0
26 94 0
27 31 0
27 52 0
27 64 0
27 74 0
28 43 0
28 50 0
28 54 0
28 96 0
29 95 0
30 32 0
30 41 0
30 57 0
30 58 0
30 69 0
30 71 0
31 99 0
32 40 0
32 61 0
32 79 0
33 93 0
34 35 0
35 48 0
35 51 0
35 66 0
35 67 0
36 48 0
36 65 0
36 88 0
37 58 0
37 82 0
37 94 0
38 66 0
38 73 0
38 74 0
38 76 0
39 86 0
39 95 0
40 56 0
42 52 0
42 75 0
44 49 0
44 54 0
44 59 0
44 60 0
44 69 0
44 94 0
44 96 0
45 49 0
45 96 0
46 52 0
48 57 0
49 96 0
49 99 0
50 86 0
52 74 0
53 93 0
53 100 0
55 69 0
56 71 0
57 62 0
57 80 0
57 90 0
58 62 0
59 82 0
59 87 0
60 78 0
61 63 0
61 75 0
62 67 0
62 93 0
63 93 0
69 82 0
69 94 0
70 75 0
70 99 0
74 95 0
75 80 0
76 98 0
77 82 0
78 83 0
78 85 0
79 100 0
80 93 0
81 83 0
81 84 0
81 100 0
90 91 0
93 98 0
95 98 0
