40 60 0
1 3 0
1 7 0
1 8 0
1 16 0
1 22 0
2 7 0
3 16 0
3 35 0
4 24 0
4 33 0
4 34 0
4 35 0
5 16 0
5 26 0
5 32 0
6 9 0
6 29 0
7 14 0
7 24 0
7 32 0
7 37 0
8 18 0
8 28 0
8 30 0
8 40 0
9 11 0
9 20 0
9 35 0
9 39 0
10 22 0
10 32 0
11 26 0
12 15 0
12 16 0
12 27 0
12 31 0
12 33 0
13 14 0
13 19 0
13 30 0
13 35 0
14 40 0
15 22 0
15 30 0
16 26 0
16 29 0
17 22 0
18 27 0
20 36 0
21 26 0
22 23 0
22 32 0
23 24 0
23 31 0
25 26 0
25 33 0
26 28 0
29 36 0
29 38 0
31 32 0
