200 312 0
1 60 0
1 101 0
2 4 0
2 78 0
3 67 0
4 96 0
4 162 0
5 163 0
6 69 0
6 92 0
6 142 0
6 144 0
6 171 0
7 39 0
7 113 0
7 119 0
7 163 0
8 32 0
8 109 0
9 71 0
9 142 0
10 58 0
11 140 0
11 163 0
12 43 0
13 43 0
13 102 0
14 42 0
14 66 0
14 80 0
14 187 0
14 194 0
15 71 0
15 183 0
16 29 0
17 26 0
17 116 0
17 156 0
17 167 0
17 178 0
17 189 0
18 20 0
18 31 0
18 56 0
18 100 0
18 121 0
19 56 0
19 110 0
20 161 0
20 162 0
21 64 0
22 64 0
22 118 0
22 159 0
23 85 0
23 91 0
24 155 0
25 28 0
25 137 0
26 90 0
26 177 0
26 200 0
27 61 0
28 195 0
29 40 0
29 66 0
29 97 0
30 158 0
31 36 0
31 153 0
31 192 0
31 196 0
31 198 0
32 34 0
32 134 0
32 179 0
32 190 0
33 144 0
33 180 0
33 187 0
34 177 0
35 85 0
35 93 0
35 157 0
36 59 0
36 72 0
36 82 0
36 142 0
36 168 0
37 106 0
37 163 0
37 198 0
38 112 0
39 80 0
39 82 0
39 146 0
39 148 0
40 176 0
41 50 0
41 61 0
41 115 0
42 105 0
42 109 0
42 112 0
42 123 0
43 45 0
43 190 0
44 48 0
44 92 0
44 119 0
44 132 0
45 75 0
46 121 0
46 178 0
46 194 0
47 103 0
47 113 0
48 85 0
49 93 0
49 101 0
50 58 0
51 97 0
51 122 0
51 126 0
52 109 0
52 117 0
52 136 0
52 179 0
53 184 0
53 195 0
54 63 0
54 124 0
54 149 0
54 190 0
55 64 0
56 135 0
57 68 0
57 73 0
57 90 0
57 126 0
57 132 0
57 165 0
58 114 0
58 174 0
58 194 0
59 132 0
59 168 0
59 199 0
60 64 0
60 122 0
60 158 0
60 176 0
61 146 0
61 174 0
61 200 0
62 100 0
62 125 0
62 155 0
65 162 0
65 164 0
66 67 0
66 168 0
67 90 0
67 133 0
68 174 0
68 184 0
69 101 0
70 119 0
71 77 0
71 120 0
72 85 0
72 110 0
72 187 0
73 127 0
73 173 0
73 176 0
73 199 0
74 94 0
74 113 0
75 140 0
75 168 0
76 139 0
76 156 0
76 173 0
76 198 0
77 150 0
77 152 0
77 195 0
78 81 0
78 153 0
78 159 0
78 191 0
78 194 0
79 162 0
80 82 0
80 176 0
81 151 0
82 150 0
83 122 0
84 110 0
86 161 0
86 179 0
87 158 0
88 108 0
89 144 0
89 164 0
89 199 0
90 104 0
91 97 0
91 153 0
92 135 0
93 153 0
94 125 0
94 127 0
94 143 0
95 152 0
96 164 0
96 196 0
98 192 0
99 140 0
99 194 0
101 102 0
102 140 0
102 161 0
102 176 0
103 108 0
103 160 0
104 117 0
104 199 0
105 115 0
105 131 0
105 177 0
106 131 0
106 178 0
107 108 0
108 156 0
109 116 0
110 177 0
110 181 0
111 151 0
111 168 0
112 116 0
112 128 0
112 154 0
113 189 0
113 197 0
113 199 0
117 153 0
118 141 0
118 145 0
118 148 0
118 166 0
119 132 0
119 178 0
122 132 0
122 140 0
122 154 0
122 182 0
123 187 0
125 152 0
127 129 0
127 186 0
128 198 0
129 190 0
130 137 0
134 192 0
134 193 0
135 152 0
136 199 0
137 172 0
137 194 0
138 162 0
140 175 0
141 152 0
142 151 0
142 160 0
142 178 0
143 161 0
144 164 0
146 155 0
146 185 0
147 158 0
148 162 0
148 164 0
148 179 0
150 156 0
150 190 0
151 160 0
152 172 0
152 192 0
154 181 0
155 196 0
157 185 0
159 175 0
161 175 0
164 184 0
167 169 0
167 182 0
167 196 0
168 169 0
168 200 0
170 192 0
171 195 0
172 180 0
174 185 0
174 186 0
174 200 0
177 183 0
178 188 0
180 195 0
183 192 0
187 193 0
