160 218 0
1 21 0
1 42 0
1 50 0
1 100 0
1 125 0
1 132 0
2 118 0
3 62 0
4 66 0
5 97 0
5 124 0
6 87 0
6 104 0
7 38 0
7 93 0
7 124 0
7 141 0
7 142 0
7 144 0
8 15 0
8 123 0
8 139 0
8 148 0
9 25 0
9 27 0
9 33 0
9 94 0
9 99 0
9 115 0
9 145 0
9 153 0
10 44 0
11 27 0
11 130 0
11 149 0
12 116 0
12 135 0
13 29 0
13 150 0
14 15 0
14 160 0
16 26 0
17 107 0
18 42 0
18 44 0
18 62 0
18 93 0
18 103 0
19 33 0
19 75 0
19 90 0
19 156 0
20 62 0
21 65 0
21 88 0
21 107 0
21 116 0
22 104 0
23 34 0
24 107 0
24 131 0
26 39 0
26 100 0
26 111 0
26 122 0
27 64 0
28 57 0
28 70 0
29 88 0
30 37 0
30 66 0
31 46 0
32 118 0
34 47 0
34 49 0
34 58 0
34 74 0
35 116 0
36 80 0
36 91 0
37 85 0
38 89 0
38 117 0
38 145 0
38 152 0
39 41 0
39 91 0
39 125 0
40 71 0
40 90 0
40 142 0
41 71 0
41 83 0
41 96 0
42 47 0
42 61 0
42 114 0
43 88 0
43 137 0
43 138 0
43 145 0
43 146 0
44 79 0
44 147 0
45 93 0
45 107 0
45 155 0
46 74 0
46 128 0
46 151 0
47 70 0
48 74 0
48 103 0
50 93 0
50 136 0
51 82 0
52 110 0
53 65 0
54 124 0
55 132 0
55 160 0
56 60 0
56 76 0
56 119 0
56 155 0
57 88 0
59 116 0
59 142 0
59 154 0
60 84 0
61 94 0
62 86 0
63 149 0
64 67 0
64 133 0
64 139 0
65 94 0
65 134 0
65 143 0
66 113 0
66 155 0
67 74 0
68 150 0
69 99 0
69 143 0
70 97 0
70 129 0
70 145 0
71 106 0
72 110 0
73 88 0
74 110 0
74 136 0
75 160 0
77 159 0
78 82 0
79 121 0
80 159 0
81 110 0
81 160 0
82 84 0
82 90 0
85 101 0
85 102 0
85 109 0
85 156 0
86 111 0
87 131 0
88 148 0
90 93 0
90 118 0
91 108 0
91 120 0
91 132 0
92 103 0
94 100 0
94 131 0
95 159 0
97 159 0
98 104 0
99 130 0
99 131 0
99 141 0
99 142 0
99 155 0
100 150 0
100 160 0
102 155 0
103 109 0
103 126 0
104 139 0
105 116 0
105 159 0
106 131 0
109 136 0
109 159 0
112 142 0
114 147 0
118 132 0
121 131 0
122 157 0
123 138 0
124 128 0
124 158 0
125 139 0
125 155 0
127 144 0
127 149 0
135 136 0
135 144 0
136 145 0
140 150 0
142 158 0
144 157 0
147 150 0
149 154 0
149 160 0
158 160 0
