450 515 0
1 433 0
2 184 0
3 135 0
3 319 0
3 379 0
3 387 0
4 150 0
4 286 0
4 324 0
4 341 0
5 172 0
6 98 0
7 421 0
8 172 0
9 213 0
10 84 0
10 332 0
11 448 0
12 26 0
12 197 0
12 259 0
12 337 0
13 92 0
14 26 0
14 165 0
14 267 0
14 427 0
15 77 0
15 411 0
16 131 0
16 311 0
17 49 0
17 188 0
17 203 0
17 250 0
17 297 0
18 56 0
18 69 0
18 164 0
18 337 0
19 78 0
19 125 0
19 174 0
19 353 0
20 201 0
20 405 0
21 76 0
22 184 0
22 392 0
23 72 0
23 76 0
23 167 0
23 283 0
23 385 0
24 163 0
24 220 0
24 336 0
24 406 0
25 57 0
26 126 0
26 152 0
26 216 0
26 334 0
27 47 0
27 192 0
28 425 0
29 78 0
30 42 0
30 153 0
30 214 0
30 280 0
30 434 0
31 84 0
32 60 0
32 104 0
32 196 0
32 233 0
33 232 0
34 43 0
34 340 0
35 215 0
35 264 0
35 284 0
35 352 0
35 444 0
36 106 0
37 193 0
37 198 0
37 221 0
37 431 0
38 247 0
38 260 0
39 324 0
39 334 0
40 44 0
40 79 0
40 83 0
40 147 0
41 345 0
43 108 0
43 137 0
43 241 0
44 109 0
45 65 0
45 177 0
45 370 0
45 374 0
46 50 0
46 266 0
46 302 0
46 376 0
46 420 0
47 52 0
47 331 0
47 333 0
48 125 0
48 265 0
48 428 0
49 194 0
49 253 0
49 301 0
50 125 0
50 287 0
50 350 0
50 366 0
51 117 0
51 142 0
51 183 0
51 321 0
52 236 0
52 299 0
52 307 0
53 55 0
54 143 0
55 263 0
55 324 0
55 407 0
56 126 0
56 392 0
57 79 0
57 246 0
57 442 0
58 154 0
59 161 0
60 67 0
60 313 0
60 408 0
60 432 0
61 143 0
62 121 0
62 231 0
62 308 0
62 355 0
63 160 0
63 448 0
64 385 0
66 284 0
66 310 0
67 105 0
67 140 0
67 309 0
67 332 0
67 423 0
68 346 0
70 88 0
70 322 0
71 124 0
72 73 0
72 155 0
72 166 0
74 151 0
75 180 0
76 89 0
76 168 0
76 357 0
77 86 0
77 337 0
77 401 0
77 445 0
78 107 0
78 396 0
79 424 0
79 425 0
80 249 0
80 280 0
80 357 0
80 372 0
81 106 0
82 144 0
82 313 0
82 348 0
82 355 0
82 365 0
84 441 0
84 447 0
85 88 0
87 414 0
88 170 0
88 218 0
88 328 0
90 102 0
90 210 0
90 269 0
90 274 0
91 316 0
92 119 0
92 324 0
92 417 0
93 194 0
93 307 0
94 320 0
95 206 0
96 282 0
96 297 0
96 384 0
96 429 0
97 278 0
98 121 0
98 228 0
98 420 0
99 121 0
99 174 0
99 195 0
99 375 0
99 403 0
100 275 0
101 111 0
101 167 0
101 319 0
101 356 0
101 431 0
102 148 0
102 229 0
102 279 0
103 179 0
103 242 0
103 248 0
103 329 0
105 314 0
106 280 0
106 428 0
108 124 0
108 184 0
108 216 0
109 348 0
110 223 0
110 356 0
110 404 0
110 408 0
111 197 0
111 236 0
111 424 0
112 244 0
113 386 0
114 152 0
115 299 0
115 383 0
116 124 0
116 388 0
118 199 0
118 201 0
118 293 0
118 368 0
118 391 0
118 437 0
120 334 0
121 167 0
122 318 0
123 219 0
123 279 0
123 313 0
123 340 0
124 335 0
125 162 0
125 191 0
126 409 0
126 440 0
127 247 0
128 386 0
129 222 0
129 242 0
129 261 0
129 322 0
130 299 0
131 163 0
131 204 0
131 311 0
131 398 0
132 194 0
133 385 0
134 310 0
136 307 0
138 287 0
139 287 0
141 247 0
142 213 0
142 320 0
142 340 0
143 187 0
143 285 0
144 208 0
144 257 0
144 446 0
145 411 0
146 244 0
148 171 0
148 173 0
148 225 0
149 383 0
151 242 0
151 276 0
151 426 0
152 182 0
152 294 0
154 226 0
154 259 0
154 291 0
156 345 0
157 300 0
158 194 0
159 161 0
160 206 0
161 239 0
161 311 0
162 200 0
162 265 0
162 310 0
163 216 0
163 328 0
163 419 0
167 191 0
167 242 0
169 181 0
169 211 0
169 214 0
169 234 0
170 279 0
170 342 0
170 383 0
172 351 0
172 384 0
174 185 0
174 333 0
174 338 0
174 399 0
175 365 0
176 438 0
177 180 0
177 313 0
177 409 0
178 350 0
178 430 0
180 363 0
180 418 0
184 235 0
185 379 0
186 299 0
187 301 0
187 346 0
187 405 0
188 400 0
189 253 0
190 342 0
191 216 0
191 219 0
192 353 0
193 323 0
197 219 0
197 301 0
198 272 0
200 245 0
200 288 0
200 443 0
201 279 0
201 316 0
201 448 0
202 213 0
203 269 0
205 252 0
205 273 0
205 305 0
205 405 0
206 281 0
206 315 0
207 310 0
209 419 0
211 247 0
211 301 0
211 373 0
211 416 0
211 432 0
212 432 0
213 270 0
215 327 0
216 315 0
216 329 0
217 350 0
224 293 0
224 325 0
224 326 0
224 431 0
227 242 0
227 394 0
229 271 0
229 347 0
229 390 0
230 358 0
232 258 0
232 292 0
232 319 0
235 424 0
236 311 0
236 384 0
237 244 0
238 320 0
240 358 0
243 365 0
244 262 0
244 311 0
246 333 0
251 342 0
253 354 0
253 380 0
254 358 0
255 328 0
256 433 0
259 386 0
259 433 0
260 350 0
262 327 0
265 339 0
265 392 0
268 314 0
272 275 0
274 440 0
275 405 0
277 419 0
278 306 0
278 315 0
278 377 0
280 340 0
280 402 0
282 428 0
283 353 0
284 300 0
284 411 0
284 424 0
286 414 0
287 423 0
289 316 0
290 314 0
295 409 0
296 346 0
298 348 0
298 434 0
300 364 0
300 395 0
303 411 0
304 432 0
305 417 0
307 323 0
307 344 0
311 424 0
312 320 0
314 441 0
315 345 0
316 397 0
317 448 0
318 356 0
318 359 0
318 449 0
319 438 0
324 424 0
327 366 0
327 384 0
328 343 0
328 360 0
329 386 0
330 419 0
334 440 0
337 358 0
340 441 0
342 430 0
345 388 0
346 378 0
348 416 0
349 414 0
353 439 0
356 394 0
361 421 0
362 394 0
365 371 0
367 383 0
368 421 0
369 386 0
373 393 0
373 422 0
373 436 0
378 410 0
381 438 0
382 433 0
383 413 0
385 415 0
389 414 0
394 421 0
394 450 0
400 438 0
400 447 0
402 432 0
409 435 0
410 425 0
412 425 0
414 431 0
418 436 0
421 441 0
