400 429 0
1 303 0
2 173 0
3 25 0
4 386 0
5 72 0
5 294 0
6 114 0
6 336 0
6 353 0
6 374 0
7 99 0
8 332 0
9 294 0
9 347 0
10 215 0
10 238 0
11 144 0
11 197 0
11 250 0
11 284 0
12 105 0
12 200 0
12 313 0
12 387 0
13 141 0
14 107 0
14 175 0
14 217 0
14 363 0
15 232 0
16 58 0
17 54 0
17 78 0
17 122 0
17 322 0
18 45 0
18 141 0
18 177 0
18 313 0
19 26 0
19 210 0
19 244 0
19 288 0
20 45 0
21 225 0
22 204 0
23 142 0
24 167 0
24 392 0
25 61 0
25 163 0
25 398 0
26 118 0
27 395 0
28 81 0
28 165 0
28 216 0
28 395 0
29 176 0
30 324 0
31 212 0
32 59 0
33 81 0
34 339 0
35 114 0
35 153 0
35 184 0
35 320 0
36 67 0
37 89 0
37 112 0
38 237 0
38 354 0
39 176 0
39 333 0
40 69 0
40 111 0
40 229 0
40 358 0
41 326 0
41 354 0
42 167 0
43 249 0
44 232 0
45 242 0
45 262 0
46 309 0
47 73 0
47 169 0
47 178 0
47 210 0
48 165 0
49 243 0
50 68 0
50 118 0
50 220 0
50 270 0
51 160 0
52 70 0
52 240 0
52 265 0
52 330 0
53 215 0
53 339 0
53 341 0
53 364 0
55 125 0
56 195 0
56 218 0
56 292 0
56 321 0
57 395 0
58 113 0
58 134 0
58 307 0
58 333 0
59 166 0
59 210 0
59 375 0
60 373 0
62 341 0
63 283 0
63 342 0
64 272 0
64 295 0
64 311 0
64 347 0
65 203 0
66 164 0
67 96 0
67 143 0
67 193 0
67 391 0
70 128 0
70 147 0
70 392 0
71 156 0
72 373 0
74 177 0
75 156 0
75 203 0
76 97 0
76 152 0
76 389 0
76 394 0
77 373 0
79 96 0
79 187 0
79 304 0
79 337 0
80 225 0
81 247 0
81 282 0
82 267 0
83 354 0
84 171 0
85 165 0
85 382 0
86 141 0
87 264 0
88 233 0
89 190 0
89 205 0
89 273 0
90 92 0
91 103 0
92 153 0
92 241 0
92 397 0
93 215 0
94 160 0
94 360 0
95 332 0
98 248 0
99 135 0
99 230 0
99 377 0
100 370 0
101 205 0
101 292 0
101 320 0
101 378 0
102 182 0
102 235 0
102 265 0
102 363 0
103 115 0
103 158 0
103 187 0
104 386 0
105 238 0
105 296 0
105 399 0
106 386 0
108 330 0
109 214 0
109 286 0
109 289 0
109 368 0
110 213 0
111 160 0
111 340 0
111 354 0
112 148 0
114 148 0
114 257 0
116 161 0
116 206 0
116 295 0
116 398 0
117 119 0
118 164 0
118 179 0
118 182 0
119 245 0
119 298 0
119 381 0
120 226 0
121 335 0
123 156 0
124 204 0
125 133 0
125 205 0
125 251 0
126 302 0
127 302 0
129 171 0
130 151 0
130 157 0
130 348 0
130 391 0
131 249 0
132 330 0
134 201 0
134 213 0
134 226 0
135 142 0
136 257 0
137 261 0
138 165 0
139 303 0
140 194 0
140 226 0
141 183 0
142 205 0
142 228 0
142 274 0
142 278 0
145 335 0
146 293 0
148 225 0
148 239 0
148 326 0
149 253 0
150 173 0
153 173 0
153 174 0
154 173 0
154 211 0
155 174 0
156 322 0
159 248 0
160 191 0
161 203 0
161 278 0
161 302 0
162 232 0
164 266 0
164 323 0
167 187 0
167 259 0
168 350 0
170 256 0
170 306 0
170 382 0
170 394 0
171 265 0
171 285 0
172 293 0
174 258 0
174 277 0
174 349 0
175 205 0
176 260 0
176 391 0
177 188 0
177 221 0
179 318 0
179 338 0
179 356 0
180 212 0
181 213 0
182 214 0
182 391 0
184 225 0
184 294 0
184 309 0
184 320 0
185 371 0
186 206 0
186 235 0
186 263 0
186 320 0
187 364 0
189 192 0
189 199 0
189 209 0
189 381 0
194 257 0
196 200 0
197 381 0
198 360 0
200 276 0
200 343 0
201 235 0
201 279 0
201 377 0
202 249 0
203 344 0
203 376 0
204 281 0
204 357 0
206 340 0
206 364 0
207 371 0
208 243 0
210 216 0
211 246 0
212 334 0
212 363 0
213 300 0
214 261 0
214 319 0
215 314 0
216 320 0
216 322 0
217 272 0
218 341 0
219 257 0
222 263 0
223 339 0
224 263 0
225 379 0
226 231 0
227 332 0
232 292 0
233 352 0
233 378 0
233 384 0
234 351 0
235 313 0
236 324 0
237 371 0
240 268 0
240 275 0
240 277 0
243 328 0
243 377 0
246 342 0
246 359 0
246 398 0
248 287 0
248 357 0
249 357 0
250 263 0
250 313 0
250 335 0
252 330 0
253 279 0
253 307 0
253 310 0
254 387 0
255 264 0
261 346 0
261 372 0
263 309 0
263 312 0
264 265 0
264 355 0
267 308 0
267 316 0
267 363 0
269 319 0
271 309 0
278 329 0
278 369 0
278 396 0
279 332 0
279 351 0
280 293 0
283 291 0
283 331 0
283 378 0
290 302 0
292 370 0
293 378 0
294 325 0
295 303 0
295 350 0
297 319 0
299 341 0
301 309 0
303 366 0
303 370 0
305 360 0
305 368 0
315 351 0
317 335 0
319 385 0
322 371 0
324 393 0
324 394 0
327 370 0
339 383 0
340 357 0
340 394 0
341 380 0
345 350 0
350 388 0
351 361 0
360 362 0
360 377 0
364 381 0
365 387 0
367 370 0
373 381 0
386 398 0
387 400 0
390 395 0
