800 1017 0
1 38 0
1 491 0
1 505 0
1 618 0
1 659 0
1 717 0
2 522 0
3 248 0
3 331 0
3 500 0
4 77 0
4 187 0
4 251 0
4 293 0
4 366 0
4 388 0
4 657 0
5 106 0
6 287 0
6 403 0
6 484 0
6 757 0
7 699 0
8 55 0
8 371 0
8 461 0
8 597 0
9 502 0
10 282 0
10 543 0
10 545 0
11 273 0
11 436 0
11 782 0
12 137 0
13 75 0
13 211 0
13 520 0
13 542 0
14 392 0
14 629 0
14 675 0
14 712 0
15 399 0
15 608 0
15 698 0
15 767 0
16 57 0
17 215 0
18 258 0
19 39 0
20 62 0
20 495 0
20 577 0
20 592 0
20 609 0
21 320 0
21 328 0
21 467 0
21 630 0
22 56 0
23 289 0
24 201 0
24 261 0
24 474 0
25 746 0
26 167 0
26 661 0
26 680 0
26 703 0
26 739 0
27 307 0
27 354 0
27 478 0
28 248 0
29 106 0
29 243 0
29 258 0
29 411 0
29 427 0
29 795 0
30 42 0
30 233 0
30 447 0
30 584 0
30 699 0
31 246 0
32 651 0
33 158 0
33 691 0
33 700 0
33 756 0
34 290 0
35 552 0
36 590 0
37 84 0
37 478 0
37 487 0
37 694 0
38 179 0
38 590 0
38 602 0
38 779 0
39 54 0
39 252 0
39 419 0
40 55 0
40 82 0
40 316 0
40 525 0
41 123 0
42 142 0
42 179 0
43 258 0
44 782 0
45 424 0
45 749 0
45 781 0
46 106 0
47 590 0
48 539 0
49 100 0
49 479 0
49 515 0
49 519 0
50 207 0
51 408 0
52 119 0
52 421 0
52 614 0
52 641 0
53 605 0
55 239 0
55 520 0
55 593 0
56 418 0
56 442 0
56 614 0
57 60 0
57 515 0
57 585 0
58 408 0
59 273 0
61 69 0
61 230 0
61 313 0
61 591 0
61 719 0
61 784 0
62 404 0
62 468 0
63 471 0
64 346 0
65 190 0
65 336 0
65 363 0
65 383 0
65 674 0
66 145 0
66 251 0
66 379 0
66 676 0
66 744 0
67 660 0
68 422 0
68 524 0
68 566 0
68 687 0
68 779 0
68 781 0
69 475 0
69 764 0
70 161 0
70 191 0
70 226 0
70 242 0
70 344 0
70 612 0
71 125 0
71 241 0
71 448 0
71 702 0
72 204 0
72 276 0
72 282 0
72 615 0
73 159 0
73 356 0
73 548 0
73 624 0
73 634 0
74 355 0
76 621 0
76 637 0
78 646 0
79 207 0
80 471 0
81 274 0
83 462 0
83 535 0
83 624 0
83 712 0
84 304 0
84 393 0
84 488 0
84 798 0
85 201 0
85 226 0
85 710 0
86 605 0
86 614 0
86 798 0
87 288 0
88 556 0
89 129 0
89 139 0
89 539 0
89 682 0
90 356 0
90 441 0
90 478 0
90 566 0
91 304 0
91 589 0
91 712 0
91 726 0
92 649 0
93 114 0
93 126 0
93 338 0
93 370 0
94 500 0
95 715 0
96 758 0
97 239 0
97 317 0
97 555 0
97 621 0
98 216 0
98 277 0
98 416 0
98 537 0
99 102 0
99 109 0
99 149 0
99 241 0
99 298 0
101 173 0
101 230 0
101 487 0
101 728 0
102 411 0
102 682 0
103 244 0
103 400 0
103 531 0
103 752 0
104 361 0
105 247 0
106 380 0
106 561 0
106 796 0
107 342 0
108 282 0
108 376 0
108 710 0
110 547 0
111 162 0
112 166 0
113 353 0
113 496 0
113 628 0
113 643 0
115 375 0
116 303 0
117 590 0
118 331 0
120 215 0
121 752 0
122 258 0
123 185 0
123 445 0
123 679 0
123 716 0
123 740 0
124 342 0
124 438 0
124 707 0
124 782 0
125 471 0
125 687 0
126 135 0
126 178 0
126 398 0
127 407 0
128 165 0
129 660 0
129 710 0
130 215 0
131 361 0
132 189 0
132 224 0
132 438 0
133 373 0
134 649 0
135 284 0
135 413 0
135 658 0
135 756 0
136 799 0
137 242 0
137 443 0
137 506 0
137 654 0
137 769 0
138 201 0
139 223 0
139 499 0
139 557 0
139 558 0
139 711 0
140 752 0
141 570 0
142 163 0
142 185 0
142 399 0
142 672 0
143 376 0
144 764 0
146 260 0
147 248 0
147 289 0
147 334 0
147 343 0
148 256 0
149 346 0
149 717 0
150 404 0
150 546 0
150 703 0
151 157 0
151 474 0
151 496 0
151 694 0
151 704 0
152 167 0
153 246 0
154 556 0
155 342 0
156 212 0
157 382 0
157 384 0
160 332 0
160 399 0
160 488 0
160 742 0
161 399 0
161 762 0
162 278 0
162 326 0
162 474 0
162 481 0
162 597 0
162 622 0
164 343 0
165 464 0
165 518 0
165 557 0
165 742 0
166 437 0
166 466 0
166 484 0
166 536 0
166 667 0
167 402 0
167 487 0
167 800 0
168 502 0
169 250 0
169 291 0
169 325 0
170 309 0
170 474 0
170 693 0
170 729 0
171 375 0
171 611 0
171 717 0
172 475 0
174 478 0
174 565 0
174 593 0
174 703 0
174 751 0
175 475 0
176 261 0
177 207 0
177 422 0
177 775 0
178 230 0
178 466 0
178 578 0
179 689 0
179 704 0
180 248 0
181 687 0
182 348 0
182 363 0
182 673 0
182 797 0
183 468 0
183 607 0
183 742 0
184 215 0
184 436 0
184 475 0
184 522 0
185 399 0
186 274 0
187 307 0
187 347 0
187 395 0
187 545 0
188 346 0
189 365 0
189 554 0
189 718 0
189 786 0
192 355 0
193 358 0
193 441 0
193 517 0
194 375 0
195 660 0
196 713 0
197 531 0
198 335 0
198 377 0
198 672 0
198 676 0
199 291 0
199 427 0
199 582 0
200 504 0
201 218 0
201 681 0
202 621 0
203 468 0
205 303 0
206 376 0
207 544 0
207 743 0
208 701 0
209 407 0
210 332 0
210 349 0
210 435 0
210 525 0
210 594 0
210 622 0
210 638 0
211 395 0
211 539 0
211 761 0
212 283 0
212 443 0
212 739 0
212 750 0
213 775 0
214 390 0
217 358 0
218 318 0
218 768 0
219 587 0
220 232 0
220 242 0
220 293 0
220 424 0
220 603 0
221 511 0
222 799 0
224 330 0
224 496 0
224 602 0
224 780 0
225 687 0
226 249 0
226 406 0
226 408 0
226 769 0
227 398 0
228 639 0
229 267 0
229 385 0
229 528 0
229 576 0
230 361 0
230 485 0
231 532 0
233 269 0
233 314 0
233 598 0
234 256 0
235 689 0
236 779 0
237 768 0
238 334 0
238 355 0
238 480 0
238 611 0
239 456 0
239 652 0
239 785 0
240 475 0
241 367 0
241 493 0
241 565 0
243 253 0
243 292 0
243 423 0
244 385 0
244 393 0
244 445 0
245 520 0
245 544 0
245 587 0
246 357 0
246 704 0
247 469 0
247 753 0
247 784 0
248 295 0
248 745 0
249 470 0
249 620 0
249 755 0
250 412 0
250 434 0
250 748 0
250 756 0
251 751 0
251 762 0
252 345 0
252 381 0
252 535 0
252 566 0
252 641 0
254 646 0
255 531 0
256 286 0
256 537 0
256 664 0
257 530 0
259 307 0
260 352 0
260 558 0
260 648 0
261 333 0
261 411 0
261 676 0
262 384 0
263 639 0
264 779 0
265 599 0
266 350 0
267 271 0
267 313 0
267 596 0
267 732 0
267 793 0
268 480 0
270 579 0
272 771 0
273 424 0
273 431 0
273 450 0
273 574 0
273 597 0
274 372 0
274 684 0
274 732 0
275 480 0
277 384 0
277 503 0
279 493 0
279 541 0
279 587 0
279 715 0
279 749 0
280 323 0
281 381 0
282 395 0
282 404 0
282 768 0
285 393 0
285 544 0
285 671 0
285 676 0
287 511 0
287 701 0
287 703 0
288 401 0
288 414 0
288 641 0
288 644 0
289 446 0
289 527 0
290 609 0
290 685 0
290 710 0
291 385 0
291 452 0
291 581 0
293 517 0
294 375 0
296 373 0
297 373 0
299 447 0
300 559 0
301 715 0
302 559 0
303 412 0
303 456 0
303 623 0
303 638 0
304 780 0
305 347 0
306 513 0
306 645 0
306 684 0
306 740 0
307 425 0
307 751 0
308 791 0
310 779 0
311 761 0
312 332 0
312 440 0
312 655 0
312 731 0
312 741 0
313 619 0
315 559 0
316 408 0
316 536 0
316 599 0
317 424 0
317 607 0
318 433 0
318 556 0
318 699 0
319 746 0
321 408 0
322 782 0
323 454 0
323 544 0
323 617 0
323 795 0
324 522 0
325 348 0
325 359 0
325 695 0
326 343 0
326 407 0
327 761 0
329 351 0
331 688 0
331 742 0
331 747 0
332 517 0
332 561 0
334 365 0
334 488 0
337 546 0
339 467 0
339 597 0
339 752 0
340 619 0
341 611 0
342 633 0
343 720 0
345 568 0
345 588 0
345 709 0
346 374 0
346 505 0
346 538 0
347 352 0
347 572 0
347 776 0
348 376 0
348 500 0
348 565 0
348 664 0
350 359 0
350 391 0
350 420 0
351 666 0
351 704 0
351 735 0
352 474 0
354 359 0
354 364 0
354 516 0
354 796 0
355 387 0
355 525 0
356 464 0
356 502 0
356 556 0
356 717 0
358 446 0
358 472 0
358 691 0
359 406 0
359 639 0
359 772 0
360 383 0
360 432 0
360 512 0
360 729 0
360 745 0
361 669 0
362 543 0
363 739 0
365 468 0
365 649 0
367 426 0
367 722 0
367 787 0
368 504 0
369 686 0
373 422 0
373 671 0
373 780 0
375 691 0
378 385 0
378 565 0
378 579 0
381 410 0
381 453 0
381 567 0
382 540 0
382 640 0
382 681 0
383 584 0
383 758 0
384 401 0
384 463 0
384 683 0
385 600 0
385 695 0
385 746 0
386 686 0
388 621 0
388 762 0
389 433 0
390 405 0
390 467 0
390 706 0
393 584 0
394 428 0
395 694 0
396 433 0
396 530 0
396 602 0
396 781 0
397 799 0
398 507 0
398 560 0
399 599 0
400 453 0
400 574 0
400 606 0
401 476 0
401 766 0
404 411 0
404 534 0
404 672 0
406 503 0
406 798 0
407 466 0
407 536 0
408 520 0
409 517 0
412 528 0
412 593 0
415 467 0
415 691 0
415 770 0
415 772 0
415 798 0
416 430 0
416 515 0
416 756 0
417 476 0
418 556 0
418 607 0
422 438 0
422 549 0
424 427 0
424 668 0
424 755 0
425 447 0
425 515 0
427 578 0
427 645 0
428 558 0
428 754 0
428 773 0
429 486 0
429 561 0
429 604 0
429 610 0
430 649 0
430 772 0
433 770 0
433 772 0
436 694 0
436 712 0
436 732 0
438 521 0
438 618 0
439 539 0
441 546 0
441 621 0
441 734 0
443 543 0
443 766 0
444 601 0
445 570 0
445 764 0
446 530 0
447 526 0
447 635 0
449 500 0
451 483 0
453 649 0
455 489 0
455 555 0
455 682 0
455 710 0
455 766 0
456 671 0
457 511 0
458 668 0
459 668 0
460 605 0
464 611 0
464 638 0
464 755 0
465 528 0
466 483 0
467 552 0
468 792 0
469 532 0
469 593 0
469 605 0
471 505 0
471 670 0
473 574 0
473 579 0
473 749 0
473 751 0
474 713 0
476 538 0
476 739 0
477 715 0
478 578 0
480 557 0
482 771 0
483 664 0
483 790 0
484 749 0
485 535 0
485 621 0
485 734 0
486 646 0
486 660 0
486 707 0
488 541 0
489 492 0
489 737 0
489 794 0
490 661 0
493 771 0
494 569 0
496 799 0
497 587 0
498 781 0
500 729 0
501 761 0
502 622 0
503 601 0
503 762 0
503 771 0
504 631 0
504 732 0
505 703 0
508 607 0
509 682 0
510 689 0
511 627 0
514 749 0
515 541 0
515 579 0
517 636 0
522 523 0
524 607 0
524 660 0
524 784 0
528 582 0
529 651 0
530 537 0
530 564 0
530 705 0
531 551 0
532 692 0
532 740 0
532 788 0
533 791 0
537 566 0
537 624 0
537 745 0
538 539 0
539 600 0
541 681 0
543 795 0
544 759 0
545 584 0
545 650 0
546 623 0
547 616 0
547 632 0
547 704 0
549 701 0
549 732 0
550 758 0
552 553 0
552 780 0
555 760 0
555 763 0
556 690 0
558 584 0
559 600 0
559 645 0
562 713 0
563 646 0
565 614 0
569 645 0
569 708 0
569 736 0
570 595 0
570 634 0
570 730 0
571 758 0
573 713 0
575 695 0
576 687 0
576 768 0
578 766 0
580 661 0
582 593 0
582 676 0
583 599 0
586 651 0
590 671 0
599 677 0
600 750 0
601 678 0
601 697 0
607 614 0
609 651 0
609 707 0
611 731 0
613 781 0
618 734 0
618 750 0
619 621 0
619 714 0
619 723 0
623 766 0
625 759 0
626 668 0
634 729 0
639 696 0
642 791 0
647 781 0
650 665 0
650 681 0
650 774 0
653 695 0
656 759 0
661 662 0
663 701 0
671 791 0
680 733 0
680 769 0
680 789 0
682 731 0
684 729 0
686 721 0
686 770 0
687 724 0
689 770 0
695 710 0
699 783 0
707 798 0
717 768 0
725 764 0
727 749 0
734 777 0
734 796 0
738 775 0
742 775 0
746 765 0
759 778 0
