160 218 0
1 29 0
1 67 0
1 70 0
1 78 0
1 129 0
2 82 0
3 52 0
3 60 0
3 127 0
3 128 0
3 154 0
4 18 0
4 23 0
4 41 0
4 132 0
4 143 0
5 11 0
5 18 0
5 52 0
6 16 0
6 27 0
6 33 0
7 31 0
7 58 0
7 72 0
7 79 0
7 81 0
7 120 0
8 12 0
9 93 0
10 68 0
10 95 0
10 111 0
10 130 0
11 116 0
12 48 0
12 71 0
12 105 0
12 160 0
13 34 0
14 39 0
14 96 0
14 110 0
15 152 0
15 155 0
16 65 0
16 110 0
16 117 0
16 127 0
16 135 0
17 41 0
17 86 0
18 47 0
18 76 0
18 109 0
18 129 0
19 25 0
19 114 0
20 28 0
20 148 0
21 131 0
22 50 0
22 74 0
22 135 0
22 158 0
23 25 0
23 54 0
24 57 0
25 107 0
25 145 0
26 138 0
26 147 0
26 158 0
26 159 0
27 47 0
27 160 0
28 41 0
29 59 0
29 69 0
29 132 0
29 148 0
29 157 0
30 131 0
31 127 0
32 55 0
32 98 0
32 104 0
32 119 0
32 125 0
33 43 0
33 84 0
33 90 0
33 106 0
33 113 0
33 139 0
34 69 0
34 79 0
34 118 0
34 123 0
35 95 0
35 97 0
35 122 0
35 156 0
36 115 0
37 104 0
38 54 0
39 95 0
39 96 0
39 106 0
40 124 0
41 44 0
42 50 0
42 59 0
42 115 0
45 49 0
46 47 0
46 72 0
46 87 0
48 121 0
49 62 0
49 74 0
49 88 0
50 121 0
50 132 0
51 55 0
51 104 0
51 147 0
53 72 0
53 97 0
54 66 0
54 67 0
54 118 0
55 56 0
55 109 0
55 112 0
55 136 0
55 140 0
57 64 0
57 127 0
57 133 0
58 69 0
59 87 0
59 93 0
60 91 0
61 115 0
63 82 0
63 115 0
63 119 0
63 132 0
63 152 0
66 70 0
66 116 0
68 130 0
69 73 0
69 146 0
69 153 0
71 72 0
72 127 0
72 134 0
73 115 0
74 116 0
74 131 0
75 92 0
76 148 0
77 152 0
80 93 0
81 92 0
81 113 0
81 114 0
82 87 0
82 124 0
82 137 0
83 125 0
85 100 0
85 110 0
85 128 0
85 139 0
85 155 0
85 158 0
86 92 0
87 94 0
88 115 0
89 97 0
89 143 0
91 101 0
91 118 0
91 144 0
92 126 0
93 131 0
93 158 0
94 114 0
95 121 0
96 119 0
98 148 0
99 125 0
99 155 0
100 117 0
102 145 0
103 152 0
104 149 0
107 114 0
108 160 0
110 125 0
112 113 0
113 121 0
113 160 0
116 157 0
118 132 0
119 121 0
119 127 0
124 134 0
124 135 0
124 142 0
131 141 0
135 145 0
140 143 0
143 150 0
145 151 0
