700 740 0
1 183 0
1 219 0
1 631 0
1 641 0
2 427 0
3 86 0
3 387 0
3 617 0
3 685 0
4 432 0
5 252 0
5 348 0
5 404 0
5 618 0
6 71 0
6 223 0
6 286 0
6 441 0
7 93 0
7 138 0
7 580 0
7 676 0
8 25 0
9 636 0
10 618 0
11 301 0
12 183 0
12 388 0
12 419 0
12 663 0
13 621 0
14 126 0
15 486 0
16 480 0
17 205 0
18 154 0
19 213 0
19 276 0
19 418 0
19 569 0
20 523 0
21 35 0
22 385 0
23 348 0
24 428 0
25 194 0
25 206 0
25 509 0
26 172 0
27 35 0
28 367 0
29 110 0
30 406 0
30 525 0
30 527 0
31 182 0
31 229 0
31 287 0
31 450 0
32 53 0
33 532 0
34 544 0
35 179 0
35 622 0
36 152 0
36 301 0
36 522 0
36 646 0
37 134 0
38 69 0
38 225 0
38 562 0
38 601 0
39 78 0
39 171 0
39 338 0
39 558 0
40 59 0
40 96 0
40 268 0
40 304 0
40 398 0
41 67 0
41 96 0
41 549 0
41 619 0
42 423 0
43 636 0
44 112 0
44 196 0
44 508 0
44 637 0
45 672 0
46 346 0
47 595 0
48 208 0
48 382 0
48 481 0
48 560 0
49 462 0
50 104 0
50 151 0
50 190 0
50 630 0
50 692 0
51 486 0
51 507 0
51 538 0
51 694 0
52 385 0
53 135 0
53 240 0
53 683 0
54 203 0
55 423 0
56 95 0
56 188 0
56 199 0
56 497 0
57 154 0
58 139 0
58 304 0
58 419 0
58 682 0
60 553 0
61 437 0
62 479 0
63 149 0
64 177 0
64 316 0
64 357 0
64 554 0
65 212 0
66 324 0
68 416 0
69 87 0
69 320 0
69 535 0
70 532 0
72 499 0
73 239 0
73 385 0
73 412 0
73 629 0
73 657 0
74 566 0
75 687 0
76 638 0
77 149 0
79 162 0
80 254 0
81 230 0
82 377 0
83 669 0
84 556 0
85 151 0
87 388 0
87 459 0
87 577 0
88 254 0
89 90 0
89 167 0
89 250 0
89 421 0
90 170 0
90 496 0
90 527 0
90 554 0
91 208 0
91 353 0
91 426 0
91 489 0
92 699 0
94 465 0
96 431 0
96 499 0
97 289 0
98 197 0
99 143 0
99 172 0
99 361 0
99 370 0
100 218 0
101 152 0
102 157 0
103 553 0
104 261 0
104 373 0
104 602 0
105 436 0
105 459 0
105 583 0
105 614 0
106 556 0
107 507 0
108 531 0
109 352 0
109 447 0
109 557 0
109 678 0
110 541 0
110 605 0
110 650 0
111 116 0
113 301 0
114 345 0
115 517 0
116 334 0
116 335 0
116 411 0
117 538 0
118 208 0
118 238 0
118 239 0
118 606 0
119 555 0
120 428 0
121 313 0
122 346 0
123 372 0
124 126 0
125 129 0
126 265 0
126 654 0
127 573 0
128 523 0
129 352 0
129 478 0
129 609 0
130 220 0
131 164 0
132 215 0
133 339 0
134 342 0
134 589 0
134 626 0
136 638 0
137 564 0
137 608 0
137 625 0
137 677 0
138 164 0
138 270 0
138 694 0
140 310 0
141 277 0
141 346 0
141 397 0
141 452 0
142 226 0
142 275 0
142 639 0
142 686 0
143 414 0
143 508 0
143 560 0
143 583 0
144 180 0
144 405 0
144 458 0
144 568 0
145 555 0
146 243 0
147 367 0
148 421 0
149 182 0
149 204 0
150 199 0
150 430 0
150 451 0
150 634 0
151 255 0
151 403 0
152 460 0
152 537 0
153 538 0
154 186 0
154 681 0
155 480 0
156 348 0
157 272 0
157 290 0
157 529 0
158 232 0
159 540 0
160 446 0
161 570 0
162 295 0
162 334 0
162 550 0
163 655 0
164 498 0
164 571 0
165 269 0
165 461 0
165 652 0
165 691 0
166 279 0
166 374 0
166 467 0
166 552 0
167 184 0
167 410 0
167 425 0
167 660 0
168 277 0
168 285 0
168 556 0
169 239 0
169 296 0
169 591 0
169 605 0
169 611 0
170 313 0
170 367 0
170 465 0
172 379 0
172 684 0
173 311 0
173 470 0
173 561 0
173 590 0
174 573 0
175 215 0
176 502 0
178 618 0
181 630 0
182 205 0
182 401 0
183 371 0
183 372 0
185 617 0
187 657 0
189 366 0
190 365 0
190 380 0
191 277 0
191 369 0
191 421 0
192 339 0
193 199 0
193 241 0
193 269 0
193 560 0
194 446 0
194 500 0
195 275 0
195 331 0
195 360 0
195 607 0
197 235 0
197 500 0
197 559 0
198 359 0
199 669 0
200 336 0
201 345 0
202 517 0
203 305 0
203 533 0
203 561 0
205 210 0
205 514 0
205 615 0
206 324 0
206 401 0
206 687 0
207 365 0
208 474 0
209 210 0
209 314 0
209 393 0
209 500 0
210 624 0
210 670 0
211 480 0
212 309 0
212 551 0
212 554 0
214 499 0
215 414 0
215 543 0
216 462 0
217 629 0
218 420 0
218 528 0
218 656 0
220 419 0
220 491 0
220 673 0
221 486 0
222 518 0
222 534 0
222 605 0
222 640 0
223 243 0
223 299 0
223 646 0
224 313 0
227 230 0
228 270 0
230 508 0
230 616 0
231 283 0
232 422 0
232 510 0
232 689 0
233 299 0
234 401 0
234 406 0
234 412 0
234 646 0
236 604 0
237 370 0
240 304 0
240 466 0
240 532 0
240 675 0
241 365 0
241 434 0
241 496 0
241 555 0
242 544 0
242 643 0
242 660 0
243 337 0
243 668 0
244 334 0
244 527 0
244 561 0
244 622 0
245 566 0
246 339 0
247 382 0
247 438 0
247 454 0
247 585 0
248 621 0
249 595 0
250 297 0
250 501 0
250 623 0
251 699 0
252 362 0
252 368 0
252 565 0
253 263 0
254 258 0
254 666 0
256 427 0
257 370 0
259 532 0
260 486 0
262 512 0
263 269 0
263 546 0
263 667 0
264 310 0
266 361 0
267 328 0
267 344 0
267 392 0
267 547 0
269 289 0
269 378 0
270 364 0
270 588 0
271 319 0
273 675 0
274 566 0
275 404 0
275 479 0
277 303 0
277 378 0
277 464 0
278 700 0
280 596 0
281 301 0
282 643 0
283 298 0
283 567 0
283 654 0
284 434 0
285 374 0
285 439 0
285 603 0
288 624 0
289 524 0
289 607 0
289 679 0
290 319 0
290 412 0
290 566 0
291 336 0
292 369 0
293 612 0
294 316 0
294 334 0
294 520 0
294 658 0
294 671 0
299 575 0
299 662 0
300 531 0
302 657 0
306 453 0
307 485 0
308 499 0
310 389 0
310 500 0
312 329 0
312 338 0
312 468 0
312 583 0
312 613 0
313 455 0
315 371 0
316 446 0
317 535 0
318 423 0
319 351 0
319 536 0
320 321 0
320 582 0
320 610 0
320 690 0
322 371 0
323 361 0
324 506 0
324 696 0
325 621 0
326 636 0
327 553 0
328 404 0
328 485 0
328 523 0
330 434 0
332 556 0
333 647 0
334 445 0
336 458 0
336 585 0
336 600 0
338 448 0
338 670 0
338 699 0
339 418 0
339 642 0
340 675 0
341 612 0
343 372 0
345 482 0
345 685 0
346 391 0
347 434 0
348 433 0
349 372 0
350 416 0
352 452 0
352 457 0
354 522 0
355 427 0
356 429 0
358 655 0
359 380 0
359 420 0
359 503 0
361 581 0
363 446 0
365 402 0
366 409 0
366 663 0
366 670 0
367 660 0
369 414 0
369 415 0
370 384 0
371 442 0
374 401 0
374 647 0
375 687 0
376 540 0
377 493 0
377 577 0
377 598 0
378 583 0
380 397 0
380 660 0
381 617 0
382 480 0
382 553 0
383 437 0
385 545 0
386 570 0
388 525 0
388 692 0
390 479 0
394 479 0
395 440 0
396 462 0
397 530 0
397 593 0
397 620 0
399 624 0
400 429 0
404 548 0
406 431 0
406 466 0
407 416 0
408 647 0
412 418 0
413 485 0
414 596 0
416 666 0
417 517 0
418 517 0
419 573 0
420 466 0
420 655 0
421 463 0
421 599 0
423 635 0
424 669 0
427 677 0
428 481 0
428 496 0
429 526 0
429 577 0
431 500 0
431 654 0
432 444 0
432 561 0
432 592 0
435 573 0
437 471 0
437 654 0
440 459 0
440 542 0
440 594 0
443 699 0
445 474 0
445 657 0
446 513 0
446 681 0
448 548 0
448 635 0
448 689 0
449 523 0
452 548 0
452 666 0
453 469 0
453 587 0
453 666 0
456 627 0
457 477 0
457 563 0
457 645 0
458 544 0
458 692 0
459 638 0
462 481 0
465 579 0
465 695 0
466 685 0
472 655 0
473 507 0
474 494 0
474 511 0
475 604 0
476 629 0
480 690 0
481 595 0
483 672 0
484 604 0
485 574 0
487 627 0
488 595 0
490 618 0
492 512 0
495 596 0
502 622 0
502 644 0
502 688 0
504 657 0
505 630 0
507 697 0
508 624 0
512 635 0
512 690 0
515 538 0
516 629 0
519 630 0
521 535 0
522 539 0
522 664 0
525 548 0
525 560 0
527 694 0
531 577 0
531 607 0
531 693 0
535 674 0
540 554 0
540 578 0
544 584 0
544 665 0
555 698 0
556 626 0
570 628 0
570 635 0
572 612 0
573 642 0
576 687 0
578 687 0
585 663 0
586 700 0
596 597 0
604 626 0
605 646 0
612 681 0
617 649 0
621 689 0
622 636 0
624 633 0
626 694 0
627 651 0
627 677 0
632 700 0
638 648 0
642 672 0
643 661 0
643 663 0
647 680 0
653 675 0
659 669 0
660 666 0
663 700 0
672 689 0
677 685 0
681 692 0
