60 95 0
1 7 0
1 10 0
1 17 0
1 46 0
1 47 0
2 46 0
2 48 0
3 10 0
3 15 0
4 51 0
5 9 0
5 19 0
5 29 0
5 33 0
5 35 0
6 47 0
6 50 0
7 9 0
7 21 0
7 54 0
8 20 0
8 22 0
8 27 0
8 35 0
8 52 0
9 12 0
9 16 0
9 60 0
10 19 0
10 42 0
11 47 0
12 14 0
12 37 0
12 52 0
12 59 0
13 17 0
13 27 0
14 20 0
14 32 0
15 16 0
15 40 0
16 27 0
16 41 0
16 45 0
16 55 0
17 39 0
17 50 0
17 53 0
18 47 0
18 49 0
20 23 0
20 36 0
21 22 0
21 41 0
21 51 0
21 57 0
22 38 0
22 43 0
22 60 0
23 60 0
24 47 0
24 53 0
25 44 0
26 60 0
27 46 0
28 29 0
28 36 0
28 50 0
30 41 0
30 46 0
31 34 0
31 46 0
31 56 0
32 40 0
33 57 0
34 51 0
36 40 0
37 39 0
37 48 0
39 54 0
40 57 0
41 47 0
41 50 0
42 49 0
43 55 0
44 48 0
44 56 0
44 57 0
49 51 0
49 60 0
50 58 0
51 57 0
54 60 0
55 60 0
56 57 0
