600 787 0
1 510 0
2 56 0
2 367 0
2 561 0
3 56 0
3 289 0
3 430 0
3 513 0
3 525 0
4 35 0
4 250 0
4 600 0
5 54 0
5 370 0
5 482 0
6 110 0
7 29 0
7 212 0
7 365 0
7 458 0
8 197 0
8 385 0
8 420 0
9 99 0
10 30 0
11 141 0
11 290 0
11 356 0
11 585 0
12 49 0
12 51 0
12 442 0
12 536 0
13 183 0
13 189 0
13 336 0
13 392 0
14 57 0
14 97 0
14 154 0
14 259 0
14 600 0
15 580 0
16 94 0
17 199 0
17 339 0
17 558 0
18 27 0
18 258 0
18 277 0
18 559 0
19 388 0
20 131 0
21 26 0
21 193 0
21 470 0
21 519 0
22 85 0
22 402 0
22 477 0
22 566 0
23 47 0
23 83 0
23 115 0
23 297 0
23 374 0
24 94 0
24 117 0
24 164 0
25 301 0
26 267 0
26 356 0
26 429 0
26 447 0
27 151 0
27 174 0
27 267 0
27 313 0
27 473 0
27 560 0
28 193 0
29 125 0
29 228 0
29 271 0
29 374 0
29 460 0
30 112 0
30 341 0
30 368 0
31 73 0
31 157 0
31 196 0
31 278 0
31 326 0
31 337 0
31 384 0
31 449 0
32 80 0
33 62 0
33 404 0
33 451 0
33 529 0
34 103 0
35 134 0
35 214 0
35 222 0
35 490 0
35 581 0
36 69 0
37 93 0
38 179 0
39 573 0
40 112 0
40 261 0
40 347 0
40 402 0
40 431 0
40 480 0
41 126 0
41 169 0
41 180 0
41 366 0
42 60 0
42 187 0
42 205 0
42 462 0
43 74 0
43 260 0
43 340 0
43 508 0
43 562 0
44 463 0
45 69 0
45 242 0
45 295 0
45 509 0
46 198 0
46 200 0
46 256 0
46 490 0
46 587 0
47 53 0
47 100 0
47 355 0
47 568 0
48 170 0
48 239 0
48 308 0
48 382 0
48 495 0
49 50 0
49 132 0
49 290 0
49 567 0
49 597 0
50 214 0
50 241 0
50 269 0
50 592 0
52 301 0
54 253 0
54 291 0
54 342 0
54 355 0
54 501 0
54 586 0
55 101 0
55 225 0
55 505 0
55 582 0
56 150 0
56 488 0
57 112 0
57 152 0
57 155 0
57 447 0
58 99 0
59 164 0
60 282 0
60 416 0
60 544 0
61 83 0
63 276 0
63 327 0
63 382 0
64 421 0
64 447 0
64 540 0
65 181 0
66 324 0
67 104 0
68 570 0
69 457 0
69 460 0
70 131 0
71 237 0
72 558 0
73 81 0
73 96 0
75 510 0
76 115 0
76 200 0
76 243 0
76 448 0
77 373 0
78 153 0
79 237 0
79 482 0
79 523 0
80 233 0
80 317 0
80 513 0
81 264 0
81 311 0
81 450 0
82 440 0
83 278 0
83 357 0
83 455 0
84 327 0
86 179 0
87 329 0
88 576 0
89 295 0
90 151 0
90 231 0
90 335 0
91 497 0
92 420 0
93 147 0
93 246 0
93 523 0
94 285 0
94 333 0
94 490 0
94 532 0
95 135 0
96 128 0
96 355 0
96 447 0
97 244 0
97 277 0
97 370 0
97 527 0
98 524 0
99 270 0
99 448 0
102 312 0
103 183 0
103 293 0
103 459 0
104 204 0
104 233 0
104 399 0
104 505 0
105 154 0
106 350 0
107 148 0
107 377 0
107 384 0
107 392 0
107 507 0
108 444 0
109 176 0
109 209 0
109 408 0
109 440 0
110 123 0
110 299 0
110 474 0
110 595 0
111 259 0
112 277 0
112 344 0
113 180 0
113 267 0
113 370 0
113 513 0
113 566 0
114 295 0
114 328 0
114 408 0
115 497 0
116 464 0
117 227 0
117 229 0
117 236 0
118 580 0
119 517 0
120 488 0
121 400 0
122 164 0
122 447 0
122 597 0
123 157 0
123 179 0
124 544 0
125 155 0
125 353 0
126 195 0
126 330 0
127 416 0
128 142 0
128 380 0
128 461 0
129 509 0
130 574 0
131 148 0
131 339 0
131 351 0
131 355 0
131 520 0
131 572 0
132 197 0
132 401 0
133 401 0
135 299 0
135 316 0
135 345 0
135 431 0
135 489 0
136 297 0
137 215 0
137 281 0
137 342 0
138 197 0
138 209 0
138 263 0
138 291 0
138 471 0
139 389 0
140 591 0
141 240 0
141 344 0
141 405 0
141 448 0
141 543 0
141 559 0
143 150 0
143 176 0
143 186 0
143 579 0
144 496 0
145 254 0
145 265 0
145 326 0
145 548 0
146 153 0
148 176 0
149 546 0
150 232 0
150 345 0
150 360 0
150 568 0
151 164 0
151 338 0
151 540 0
152 235 0
152 547 0
153 302 0
153 473 0
154 363 0
154 495 0
155 250 0
155 324 0
155 561 0
156 544 0
157 400 0
157 539 0
158 283 0
159 570 0
160 189 0
161 179 0
162 416 0
163 381 0
164 190 0
165 249 0
166 381 0
167 220 0
167 273 0
167 403 0
167 590 0
168 496 0
171 283 0
172 415 0
173 509 0
174 382 0
174 388 0
174 395 0
174 510 0
174 538 0
175 335 0
176 188 0
176 379 0
176 541 0
177 271 0
178 328 0
179 239 0
179 462 0
180 378 0
180 591 0
181 206 0
181 377 0
181 566 0
181 594 0
182 421 0
183 301 0
183 396 0
183 401 0
183 585 0
184 271 0
185 540 0
186 292 0
186 359 0
186 379 0
186 417 0
189 500 0
189 543 0
191 576 0
192 327 0
193 407 0
193 485 0
193 518 0
193 534 0
193 596 0
194 297 0
195 356 0
195 424 0
195 447 0
197 275 0
197 398 0
197 580 0
198 227 0
198 328 0
198 527 0
199 272 0
199 325 0
199 517 0
199 559 0
199 590 0
200 587 0
201 545 0
202 482 0
203 236 0
207 476 0
208 315 0
209 400 0
210 266 0
211 229 0
213 235 0
213 355 0
213 389 0
214 599 0
215 393 0
215 406 0
215 559 0
216 323 0
217 385 0
218 389 0
219 239 0
219 267 0
219 326 0
219 380 0
220 277 0
220 374 0
221 539 0
223 226 0
224 378 0
225 327 0
225 547 0
226 319 0
226 332 0
226 467 0
227 247 0
227 521 0
227 567 0
227 575 0
228 287 0
228 413 0
228 557 0
229 313 0
229 354 0
229 392 0
229 593 0
230 252 0
230 263 0
230 487 0
230 503 0
230 543 0
231 258 0
231 367 0
231 568 0
233 510 0
234 408 0
235 239 0
235 288 0
236 397 0
236 531 0
237 291 0
237 505 0
237 541 0
238 330 0
239 376 0
240 420 0
240 599 0
242 404 0
242 441 0
242 447 0
244 580 0
244 590 0
245 362 0
248 283 0
249 380 0
249 479 0
249 572 0
250 333 0
250 506 0
251 545 0
255 539 0
256 356 0
256 374 0
256 472 0
256 579 0
257 558 0
258 365 0
259 325 0
259 426 0
259 453 0
260 345 0
260 520 0
261 578 0
261 591 0
262 335 0
263 301 0
266 305 0
266 441 0
266 472 0
266 514 0
268 318 0
268 367 0
268 531 0
268 578 0
271 321 0
272 373 0
272 472 0
274 312 0
275 318 0
275 489 0
275 505 0
276 344 0
276 386 0
276 422 0
276 543 0
277 370 0
277 596 0
278 328 0
278 470 0
279 358 0
280 540 0
281 324 0
281 327 0
281 472 0
281 485 0
282 298 0
282 318 0
282 523 0
283 339 0
284 394 0
284 427 0
284 523 0
284 533 0
286 330 0
290 342 0
290 508 0
294 570 0
295 299 0
295 418 0
296 573 0
297 349 0
298 389 0
298 488 0
298 599 0
300 415 0
301 434 0
303 552 0
304 561 0
306 597 0
307 390 0
307 438 0
307 468 0
307 578 0
309 401 0
309 421 0
309 429 0
309 497 0
310 420 0
311 353 0
311 552 0
311 585 0
312 419 0
312 587 0
313 415 0
314 476 0
315 402 0
315 407 0
315 452 0
315 556 0
318 356 0
320 600 0
322 401 0
323 470 0
323 473 0
323 483 0
324 555 0
325 338 0
325 396 0
325 460 0
326 420 0
327 367 0
328 425 0
329 336 0
329 377 0
329 414 0
329 489 0
329 533 0
330 523 0
330 550 0
331 416 0
333 395 0
334 440 0
335 392 0
335 564 0
336 545 0
338 409 0
338 512 0
339 574 0
339 579 0
340 421 0
340 482 0
342 362 0
342 421 0
343 362 0
345 416 0
346 380 0
346 456 0
346 493 0
348 388 0
350 367 0
350 371 0
350 583 0
352 395 0
353 375 0
353 376 0
358 494 0
358 515 0
358 587 0
361 424 0
362 462 0
362 469 0
364 545 0
365 559 0
365 587 0
366 380 0
366 421 0
369 378 0
372 456 0
373 484 0
373 559 0
374 384 0
374 385 0
376 408 0
378 429 0
379 527 0
380 558 0
381 448 0
381 486 0
382 493 0
383 388 0
384 532 0
385 465 0
385 542 0
387 398 0
387 514 0
387 579 0
389 436 0
391 600 0
392 547 0
395 478 0
395 567 0
396 539 0
397 420 0
397 541 0
397 597 0
398 445 0
398 535 0
400 467 0
400 528 0
404 496 0
404 497 0
405 416 0
405 591 0
407 519 0
407 585 0
408 566 0
410 524 0
411 463 0
412 544 0
415 473 0
421 502 0
423 488 0
424 569 0
424 578 0
428 546 0
431 493 0
432 488 0
433 552 0
435 464 0
437 524 0
439 491 0
440 508 0
440 563 0
441 524 0
441 546 0
443 597 0
444 504 0
444 526 0
444 590 0
446 476 0
447 495 0
447 547 0
454 527 0
456 531 0
456 551 0
460 533 0
462 520 0
463 490 0
463 584 0
464 531 0
464 588 0
466 519 0
467 576 0
467 579 0
473 525 0
474 517 0
474 547 0
474 570 0
475 574 0
476 587 0
481 510 0
482 489 0
485 540 0
485 574 0
491 498 0
491 525 0
491 553 0
491 578 0
492 509 0
493 508 0
493 522 0
493 589 0
496 555 0
496 598 0
497 571 0
497 572 0
499 552 0
511 599 0
513 539 0
514 542 0
514 558 0
516 517 0
517 538 0
519 577 0
520 546 0
527 554 0
530 542 0
532 573 0
537 591 0
538 561 0
539 555 0
545 590 0
547 590 0
549 576 0
559 573 0
560 572 0
560 596 0
560 600 0
565 573 0
