800 930 0
1 639 0
2 649 0
3 20 0
4 431 0
4 505 0
4 533 0
4 662 0
5 301 0
6 115 0
6 175 0
6 330 0
6 364 0
6 669 0
7 353 0
8 119 0
9 405 0
10 427 0
11 176 0
12 300 0
12 652 0
12 700 0
12 785 0
13 119 0
14 250 0
15 435 0
15 584 0
15 713 0
16 572 0
17 179 0
17 211 0
17 256 0
17 754 0
18 236 0
19 386 0
20 139 0
20 157 0
20 518 0
21 192 0
21 335 0
21 421 0
21 665 0
22 316 0
23 237 0
23 281 0
23 641 0
23 764 0
24 126 0
25 31 0
25 257 0
25 514 0
25 657 0
25 742 0
26 547 0
27 453 0
28 378 0
29 59 0
29 82 0
29 273 0
29 317 0
30 133 0
30 234 0
30 353 0
32 695 0
33 444 0
34 261 0
35 164 0
35 300 0
35 374 0
35 637 0
35 699 0
35 713 0
36 156 0
36 507 0
36 676 0
37 157 0
37 343 0
37 431 0
37 675 0
37 758 0
38 736 0
39 141 0
39 283 0
39 665 0
39 707 0
40 183 0
41 693 0
42 97 0
42 181 0
42 429 0
42 770 0
43 91 0
44 721 0
45 93 0
45 101 0
45 570 0
45 761 0
46 230 0
47 114 0
48 395 0
49 498 0
50 91 0
50 208 0
50 377 0
50 530 0
51 469 0
52 334 0
52 412 0
52 420 0
52 421 0
52 546 0
52 658 0
53 60 0
54 650 0
55 241 0
55 502 0
55 527 0
55 717 0
56 284 0
56 328 0
56 612 0
56 688 0
57 448 0
58 319 0
58 683 0
58 740 0
58 749 0
59 150 0
59 279 0
59 465 0
60 222 0
60 516 0
60 585 0
60 594 0
60 636 0
60 677 0
61 624 0
62 359 0
63 449 0
64 126 0
64 230 0
64 402 0
64 444 0
64 450 0
65 181 0
65 434 0
65 470 0
65 726 0
65 736 0
66 645 0
66 649 0
66 692 0
66 695 0
67 298 0
67 384 0
67 456 0
67 521 0
67 602 0
68 493 0
68 675 0
68 689 0
68 768 0
69 580 0
70 500 0
71 726 0
72 406 0
73 270 0
74 395 0
75 140 0
75 430 0
75 436 0
75 531 0
76 196 0
77 207 0
78 644 0
79 410 0
80 452 0
81 176 0
82 332 0
82 567 0
82 661 0
82 691 0
83 654 0
84 246 0
84 286 0
84 329 0
84 527 0
85 195 0
85 309 0
85 375 0
85 576 0
85 594 0
85 679 0
86 198 0
86 507 0
86 715 0
86 730 0
87 232 0
88 449 0
88 603 0
88 610 0
88 696 0
89 392 0
90 377 0
91 396 0
91 587 0
92 208 0
94 698 0
95 543 0
96 353 0
98 410 0
98 649 0
98 794 0
99 162 0
100 406 0
101 356 0
101 529 0
101 543 0
101 650 0
101 716 0
102 380 0
103 126 0
104 106 0
104 181 0
104 219 0
104 255 0
104 708 0
105 599 0
107 181 0
107 500 0
107 567 0
108 368 0
109 249 0
109 429 0
109 589 0
109 678 0
110 757 0
111 170 0
112 442 0
112 481 0
112 567 0
112 731 0
113 133 0
114 421 0
114 440 0
114 634 0
115 418 0
115 766 0
116 495 0
116 582 0
116 639 0
116 730 0
117 465 0
117 730 0
117 769 0
118 463 0
119 483 0
119 519 0
120 276 0
121 470 0
122 312 0
122 465 0
122 676 0
122 713 0
123 259 0
124 271 0
124 467 0
124 555 0
124 630 0
125 198 0
125 392 0
125 647 0
125 671 0
126 260 0
126 673 0
127 451 0
128 510 0
128 638 0
128 702 0
128 715 0
129 541 0
130 610 0
130 718 0
130 794 0
131 151 0
131 234 0
131 368 0
131 598 0
132 523 0
133 375 0
133 445 0
133 737 0
134 388 0
135 695 0
136 681 0
137 660 0
138 613 0
141 611 0
141 693 0
142 165 0
142 508 0
142 523 0
143 541 0
144 236 0
145 505 0
146 619 0
147 654 0
148 377 0
149 755 0
150 412 0
150 734 0
151 471 0
151 486 0
151 765 0
152 240 0
153 641 0
154 250 0
155 292 0
155 310 0
155 339 0
155 539 0
156 246 0
156 645 0
156 795 0
157 415 0
158 495 0
159 671 0
160 392 0
161 368 0
162 191 0
162 403 0
162 625 0
163 314 0
165 434 0
165 548 0
165 646 0
165 755 0
166 449 0
167 536 0
168 523 0
169 584 0
170 229 0
170 335 0
170 608 0
171 177 0
172 293 0
172 446 0
172 643 0
172 714 0
173 611 0
174 740 0
176 338 0
176 590 0
177 383 0
177 421 0
177 477 0
178 646 0
179 250 0
179 525 0
179 533 0
180 764 0
182 453 0
183 191 0
183 272 0
183 367 0
183 626 0
184 460 0
185 202 0
186 309 0
186 749 0
186 785 0
187 268 0
187 549 0
187 768 0
187 786 0
188 517 0
189 597 0
190 692 0
191 270 0
191 342 0
191 691 0
192 507 0
192 533 0
192 598 0
193 662 0
194 301 0
196 492 0
196 493 0
196 532 0
197 235 0
198 204 0
198 257 0
199 448 0
199 495 0
199 567 0
200 662 0
201 543 0
202 362 0
202 437 0
202 713 0
203 334 0
203 566 0
203 618 0
203 643 0
204 451 0
204 613 0
204 760 0
205 577 0
206 632 0
207 305 0
207 337 0
207 560 0
208 366 0
208 504 0
208 516 0
208 593 0
209 498 0
210 611 0
212 319 0
213 272 0
213 476 0
213 499 0
213 628 0
214 601 0
215 402 0
215 423 0
215 596 0
215 785 0
216 253 0
216 364 0
216 614 0
216 631 0
217 279 0
217 325 0
217 418 0
217 450 0
217 687 0
218 248 0
220 577 0
221 489 0
222 325 0
222 599 0
223 731 0
224 726 0
225 281 0
226 450 0
226 453 0
226 469 0
226 484 0
227 489 0
227 637 0
227 728 0
228 731 0
229 314 0
229 517 0
230 373 0
230 485 0
231 757 0
232 349 0
232 743 0
232 768 0
233 451 0
234 290 0
234 413 0
234 771 0
235 274 0
235 338 0
235 433 0
235 553 0
235 763 0
236 266 0
236 297 0
236 493 0
236 739 0
237 615 0
237 636 0
237 795 0
238 285 0
239 534 0
240 633 0
240 642 0
240 689 0
242 322 0
243 495 0
243 534 0
243 548 0
243 773 0
244 660 0
245 319 0
246 529 0
246 750 0
247 638 0
248 260 0
248 329 0
248 424 0
250 389 0
251 601 0
252 641 0
254 470 0
255 530 0
255 644 0
257 721 0
257 784 0
258 392 0
259 465 0
259 558 0
259 685 0
260 523 0
261 414 0
261 445 0
261 545 0
262 621 0
263 548 0
264 580 0
265 525 0
266 616 0
266 731 0
267 512 0
269 697 0
270 304 0
270 775 0
272 615 0
275 459 0
276 552 0
276 573 0
276 615 0
276 799 0
277 314 0
278 619 0
279 280 0
279 308 0
279 400 0
281 462 0
281 655 0
282 500 0
283 320 0
284 508 0
284 533 0
284 644 0
285 615 0
285 640 0
285 664 0
286 388 0
286 611 0
286 697 0
287 319 0
288 525 0
289 296 0
289 482 0
289 519 0
289 588 0
291 340 0
291 550 0
291 569 0
291 792 0
291 793 0
294 500 0
294 610 0
294 758 0
295 386 0
297 459 0
297 469 0
299 758 0
300 388 0
301 310 0
301 315 0
302 487 0
302 557 0
302 724 0
302 732 0
303 734 0
304 467 0
304 552 0
306 410 0
307 541 0
309 320 0
309 529 0
309 731 0
310 547 0
310 750 0
311 484 0
312 359 0
312 415 0
312 580 0
313 718 0
314 407 0
314 766 0
316 464 0
316 590 0
316 635 0
316 744 0
318 731 0
319 661 0
320 351 0
320 433 0
320 488 0
320 568 0
321 359 0
322 565 0
322 703 0
322 787 0
322 800 0
323 387 0
323 563 0
323 651 0
323 767 0
324 712 0
325 426 0
325 595 0
325 637 0
325 773 0
326 463 0
327 698 0
329 374 0
329 536 0
329 660 0
331 406 0
332 379 0
332 425 0
332 516 0
333 663 0
334 392 0
335 442 0
335 623 0
336 702 0
337 405 0
337 452 0
337 683 0
338 409 0
338 636 0
340 562 0
340 650 0
341 726 0
342 662 0
342 760 0
343 584 0
343 601 0
344 638 0
345 755 0
346 650 0
347 610 0
348 567 0
350 572 0
352 728 0
353 703 0
354 681 0
355 463 0
355 611 0
355 665 0
356 410 0
356 458 0
357 613 0
358 435 0
359 666 0
360 712 0
361 489 0
363 495 0
364 529 0
364 712 0
365 611 0
368 709 0
369 459 0
370 525 0
371 794 0
372 562 0
374 405 0
375 415 0
376 517 0
377 704 0
378 458 0
378 733 0
378 746 0
379 639 0
379 644 0
380 467 0
380 593 0
380 778 0
381 697 0
382 444 0
384 457 0
384 463 0
384 575 0
385 632 0
386 471 0
386 689 0
386 753 0
387 434 0
387 459 0
387 489 0
388 606 0
388 774 0
390 547 0
391 623 0
393 431 0
394 418 0
395 513 0
395 785 0
397 721 0
398 551 0
398 649 0
399 408 0
401 736 0
402 621 0
404 749 0
405 670 0
405 751 0
406 493 0
408 458 0
408 472 0
408 578 0
409 597 0
409 616 0
410 531 0
411 712 0
412 505 0
412 518 0
415 432 0
415 617 0
415 783 0
416 470 0
417 660 0
418 711 0
419 599 0
422 702 0
427 475 0
427 550 0
427 752 0
428 693 0
429 616 0
429 730 0
431 656 0
433 663 0
434 795 0
435 473 0
435 481 0
435 531 0
438 639 0
439 453 0
439 598 0
439 784 0
441 459 0
442 710 0
442 729 0
443 623 0
444 468 0
445 691 0
445 794 0
447 534 0
448 519 0
448 779 0
449 591 0
450 795 0
451 571 0
451 593 0
452 667 0
452 747 0
453 607 0
454 498 0
455 749 0
457 553 0
457 590 0
457 676 0
458 552 0
458 624 0
458 730 0
460 491 0
460 689 0
460 796 0
461 671 0
465 632 0
465 698 0
466 696 0
467 512 0
467 750 0
469 777 0
471 643 0
474 582 0
478 537 0
479 740 0
480 692 0
481 676 0
484 604 0
484 741 0
486 495 0
486 650 0
489 564 0
490 647 0
494 597 0
495 600 0
496 510 0
497 512 0
498 637 0
498 649 0
500 628 0
501 663 0
503 621 0
505 719 0
506 697 0
507 675 0
508 706 0
508 773 0
508 798 0
509 764 0
510 540 0
510 579 0
511 584 0
512 661 0
514 530 0
514 692 0
515 646 0
517 684 0
517 708 0
518 577 0
518 598 0
518 619 0
519 683 0
520 624 0
522 757 0
523 615 0
524 755 0
525 706 0
526 575 0
527 693 0
527 734 0
528 582 0
530 676 0
530 703 0
530 785 0
531 603 0
534 583 0
534 590 0
535 647 0
536 556 0
536 694 0
537 538 0
537 653 0
537 703 0
541 553 0
542 698 0
543 690 0
544 721 0
547 622 0
548 744 0
550 603 0
550 757 0
552 572 0
553 769 0
554 764 0
557 572 0
557 663 0
557 715 0
557 720 0
557 800 0
559 567 0
561 647 0
562 682 0
562 766 0
562 772 0
565 616 0
565 769 0
567 574 0
572 791 0
575 705 0
575 720 0
577 701 0
580 788 0
581 794 0
582 745 0
584 628 0
586 616 0
592 619 0
594 644 0
597 665 0
597 722 0
598 766 0
599 713 0
601 636 0
602 611 0
602 693 0
603 645 0
605 681 0
609 646 0
610 672 0
610 780 0
610 791 0
611 706 0
613 789 0
620 784 0
621 735 0
621 768 0
623 716 0
624 686 0
627 671 0
628 750 0
629 632 0
636 654 0
638 659 0
639 687 0
641 717 0
641 776 0
643 715 0
643 758 0
644 791 0
645 708 0
647 744 0
648 702 0
654 797 0
662 680 0
665 728 0
668 769 0
674 784 0
675 683 0
675 691 0
676 716 0
681 766 0
687 768 0
695 762 0
696 723 0
696 782 0
708 718 0
712 720 0
717 785 0
718 756 0
725 734 0
727 760 0
728 748 0
736 759 0
738 760 0
740 781 0
758 790 0
794 800 0
