900 1079 0
1 580 0
2 15 0
2 455 0
2 469 0
2 798 0
3 489 0
4 494 0
5 38 0
5 167 0
5 222 0
5 588 0
6 514 0
7 271 0
7 565 0
7 630 0
7 841 0
8 296 0
8 453 0
8 721 0
8 862 0
9 563 0
10 188 0
10 260 0
10 284 0
10 381 0
11 467 0
12 529 0
13 18 0
13 100 0
13 657 0
13 816 0
14 189 0
14 564 0
14 777 0
14 811 0
16 305 0
17 35 0
17 548 0
17 635 0
17 878 0
19 770 0
20 699 0
21 60 0
21 180 0
21 342 0
21 714 0
21 827 0
22 561 0
23 637 0
24 342 0
25 32 0
25 670 0
25 731 0
25 800 0
26 315 0
26 507 0
26 521 0
27 196 0
27 469 0
27 856 0
27 868 0
28 380 0
29 821 0
30 98 0
31 570 0
32 55 0
32 375 0
32 534 0
33 178 0
33 368 0
33 823 0
33 882 0
34 570 0
36 672 0
37 180 0
38 510 0
38 637 0
38 649 0
38 690 0
39 757 0
40 685 0
41 152 0
41 619 0
41 631 0
41 825 0
42 230 0
42 526 0
42 532 0
43 127 0
43 467 0
43 662 0
43 689 0
43 843 0
44 234 0
44 302 0
44 377 0
44 416 0
44 720 0
45 108 0
46 158 0
47 670 0
48 480 0
48 507 0
48 514 0
49 99 0
49 136 0
49 464 0
49 802 0
50 228 0
50 295 0
50 407 0
50 644 0
50 895 0
51 670 0
52 359 0
52 451 0
52 675 0
52 831 0
53 258 0
54 677 0
55 144 0
55 477 0
55 686 0
56 492 0
57 170 0
58 280 0
59 109 0
59 150 0
59 334 0
59 792 0
60 69 0
60 488 0
60 547 0
61 197 0
61 288 0
61 432 0
61 826 0
61 866 0
62 605 0
63 796 0
64 557 0
65 430 0
65 653 0
65 860 0
66 411 0
66 692 0
66 818 0
67 114 0
67 260 0
67 287 0
67 498 0
67 516 0
68 391 0
68 437 0
68 710 0
68 795 0
68 848 0
70 432 0
71 524 0
72 762 0
73 290 0
74 776 0
75 509 0
76 335 0
77 88 0
77 245 0
77 261 0
77 540 0
77 681 0
77 735 0
78 529 0
79 290 0
80 780 0
81 111 0
81 151 0
81 176 0
81 200 0
81 755 0
82 341 0
83 479 0
83 580 0
83 802 0
84 467 0
85 161 0
85 487 0
85 585 0
85 636 0
85 846 0
86 741 0
87 323 0
87 481 0
87 716 0
87 805 0
89 796 0
90 392 0
91 401 0
91 815 0
91 862 0
92 311 0
93 148 0
94 428 0
94 577 0
94 656 0
94 665 0
95 812 0
96 155 0
97 270 0
97 343 0
97 852 0
97 860 0
98 528 0
98 564 0
98 596 0
99 199 0
99 221 0
99 421 0
99 476 0
99 732 0
101 678 0
102 117 0
102 232 0
102 547 0
102 605 0
102 683 0
103 847 0
104 447 0
105 311 0
105 812 0
105 841 0
106 523 0
107 311 0
108 112 0
108 255 0
108 576 0
108 603 0
110 447 0
111 687 0
111 815 0
113 284 0
113 302 0
113 329 0
113 687 0
114 123 0
114 306 0
114 372 0
115 580 0
116 866 0
117 155 0
117 269 0
117 403 0
118 605 0
119 387 0
120 130 0
120 449 0
120 899 0
121 533 0
121 624 0
121 653 0
121 761 0
122 126 0
122 163 0
122 174 0
122 267 0
122 322 0
124 480 0
125 627 0
127 248 0
127 459 0
127 623 0
127 863 0
128 270 0
128 609 0
128 859 0
129 634 0
130 373 0
130 441 0
130 598 0
131 164 0
131 249 0
131 270 0
131 654 0
132 464 0
133 557 0
133 580 0
133 672 0
134 502 0
135 153 0
135 230 0
135 288 0
135 690 0
136 187 0
136 337 0
136 391 0
137 609 0
138 309 0
138 397 0
138 415 0
138 793 0
139 734 0
140 159 0
141 769 0
142 206 0
142 334 0
142 394 0
142 450 0
143 810 0
144 239 0
144 366 0
144 423 0
144 700 0
145 489 0
146 659 0
147 503 0
148 289 0
148 518 0
148 703 0
149 451 0
149 514 0
149 726 0
149 752 0
153 185 0
153 270 0
153 306 0
154 609 0
155 177 0
155 391 0
155 421 0
155 536 0
156 872 0
157 420 0
158 328 0
158 487 0
158 840 0
159 373 0
159 639 0
159 809 0
160 176 0
160 296 0
160 800 0
161 333 0
161 858 0
162 338 0
163 249 0
163 523 0
163 826 0
163 830 0
165 551 0
166 557 0
168 780 0
169 210 0
169 256 0
169 440 0
170 212 0
170 323 0
170 583 0
171 453 0
172 653 0
173 614 0
174 209 0
174 480 0
174 601 0
175 647 0
176 479 0
176 514 0
178 610 0
178 719 0
178 830 0
178 875 0
179 238 0
180 266 0
180 475 0
180 521 0
181 188 0
182 232 0
183 400 0
183 405 0
183 470 0
183 603 0
183 708 0
184 511 0
185 280 0
185 440 0
185 470 0
185 516 0
186 279 0
186 379 0
186 738 0
186 791 0
186 797 0
186 860 0
187 269 0
187 526 0
187 566 0
188 244 0
188 285 0
188 669 0
190 699 0
191 306 0
191 510 0
191 624 0
191 692 0
192 752 0
193 365 0
194 445 0
195 231 0
195 287 0
195 523 0
195 533 0
195 647 0
197 249 0
197 482 0
197 559 0
197 616 0
197 759 0
197 861 0
198 610 0
200 648 0
200 686 0
200 748 0
200 751 0
201 359 0
202 386 0
202 663 0
202 722 0
202 839 0
202 842 0
203 354 0
204 480 0
205 349 0
206 410 0
206 564 0
206 749 0
207 438 0
207 667 0
207 731 0
208 338 0
209 228 0
209 469 0
209 635 0
209 693 0
209 858 0
210 275 0
210 317 0
210 350 0
211 232 0
213 271 0
214 298 0
215 445 0
216 719 0
217 634 0
218 686 0
219 523 0
220 561 0
223 843 0
224 851 0
225 290 0
225 669 0
225 734 0
225 762 0
225 823 0
225 830 0
226 770 0
227 354 0
228 259 0
229 349 0
230 329 0
230 693 0
230 861 0
231 233 0
231 344 0
231 361 0
232 373 0
232 611 0
232 803 0
234 479 0
234 519 0
235 900 0
236 278 0
236 563 0
236 612 0
236 900 0
237 620 0
238 295 0
238 521 0
238 680 0
238 717 0
240 838 0
241 253 0
241 285 0
241 574 0
241 591 0
241 804 0
242 384 0
242 424 0
242 652 0
242 695 0
243 334 0
243 358 0
243 512 0
243 638 0
246 505 0
247 770 0
248 480 0
248 782 0
250 782 0
251 529 0
252 650 0
252 728 0
252 738 0
252 801 0
254 447 0
256 326 0
256 412 0
256 457 0
256 553 0
257 843 0
258 260 0
258 391 0
258 422 0
259 388 0
259 521 0
259 625 0
259 635 0
261 365 0
261 420 0
261 862 0
262 676 0
263 503 0
264 672 0
265 506 0
265 527 0
265 711 0
265 771 0
267 294 0
267 772 0
267 827 0
267 879 0
268 707 0
269 409 0
269 586 0
269 888 0
270 694 0
271 545 0
271 720 0
272 443 0
273 694 0
274 370 0
275 311 0
275 757 0
275 854 0
276 694 0
277 551 0
278 442 0
278 714 0
278 743 0
280 393 0
280 615 0
281 610 0
282 701 0
282 702 0
282 776 0
282 780 0
283 734 0
284 286 0
284 486 0
284 620 0
285 561 0
285 689 0
286 616 0
286 807 0
286 857 0
287 467 0
288 289 0
288 293 0
289 443 0
289 782 0
290 660 0
291 721 0
292 341 0
293 378 0
293 474 0
293 715 0
294 603 0
294 761 0
295 392 0
295 566 0
296 312 0
296 554 0
296 797 0
297 899 0
298 371 0
298 577 0
298 834 0
299 318 0
299 335 0
299 748 0
299 871 0
300 726 0
301 821 0
302 305 0
302 541 0
303 879 0
304 599 0
304 687 0
304 775 0
304 844 0
305 430 0
305 452 0
306 336 0
306 433 0
306 447 0
307 782 0
308 438 0
310 769 0
311 671 0
313 822 0
314 694 0
315 439 0
315 477 0
315 568 0
315 607 0
315 746 0
316 676 0
318 466 0
318 584 0
318 595 0
319 333 0
320 847 0
321 335 0
322 630 0
322 676 0
322 747 0
323 667 0
323 770 0
324 810 0
325 502 0
326 354 0
326 380 0
326 695 0
327 538 0
329 533 0
329 830 0
330 821 0
331 538 0
332 772 0
333 497 0
333 597 0
334 352 0
334 383 0
334 695 0
335 567 0
336 871 0
336 899 0
337 480 0
337 489 0
337 503 0
337 783 0
338 435 0
338 498 0
339 480 0
340 731 0
341 587 0
341 687 0
342 745 0
342 781 0
345 780 0
346 555 0
347 503 0
348 838 0
349 491 0
349 544 0
351 409 0
351 572 0
351 824 0
351 889 0
352 533 0
352 831 0
353 550 0
354 873 0
355 590 0
355 677 0
355 838 0
355 845 0
356 440 0
357 685 0
359 398 0
359 698 0
360 519 0
360 563 0
360 843 0
362 490 0
363 719 0
364 802 0
365 666 0
365 747 0
365 820 0
367 802 0
369 614 0
370 576 0
370 600 0
370 888 0
372 769 0
372 770 0
373 702 0
374 751 0
375 632 0
375 847 0
376 752 0
378 493 0
378 510 0
378 608 0
380 691 0
380 718 0
381 423 0
381 748 0
381 810 0
381 815 0
381 818 0
382 392 0
383 593 0
383 697 0
383 790 0
383 848 0
384 531 0
384 613 0
384 669 0
384 714 0
385 555 0
387 491 0
387 495 0
387 720 0
387 835 0
388 649 0
388 860 0
389 563 0
390 632 0
390 700 0
390 866 0
392 476 0
394 715 0
394 720 0
395 403 0
395 590 0
395 633 0
395 899 0
396 838 0
399 541 0
401 506 0
401 640 0
401 696 0
402 731 0
403 574 0
403 683 0
403 725 0
404 502 0
406 686 0
408 612 0
408 635 0
408 646 0
409 605 0
409 634 0
409 869 0
411 415 0
411 504 0
411 786 0
413 652 0
414 592 0
415 502 0
415 862 0
417 575 0
418 570 0
419 420 0
420 579 0
421 822 0
423 557 0
424 427 0
424 706 0
424 794 0
425 479 0
426 633 0
429 620 0
430 443 0
430 700 0
431 524 0
432 462 0
432 861 0
433 767 0
433 773 0
433 779 0
434 851 0
436 872 0
438 439 0
438 582 0
438 839 0
439 672 0
440 754 0
440 783 0
443 737 0
443 744 0
444 677 0
445 730 0
445 880 0
446 637 0
448 474 0
449 592 0
449 676 0
449 800 0
449 872 0
450 530 0
450 537 0
450 787 0
450 839 0
451 661 0
451 693 0
451 817 0
453 470 0
453 473 0
454 490 0
456 815 0
458 900 0
460 841 0
461 815 0
461 860 0
461 866 0
462 637 0
462 847 0
463 664 0
464 558 0
464 562 0
464 611 0
465 538 0
465 550 0
465 690 0
465 847 0
468 879 0
469 663 0
469 685 0
469 823 0
471 751 0
472 741 0
474 833 0
474 892 0
476 726 0
477 627 0
478 670 0
479 603 0
483 675 0
484 516 0
485 707 0
486 616 0
486 784 0
486 819 0
486 828 0
487 507 0
487 566 0
489 594 0
490 549 0
490 858 0
491 566 0
491 632 0
492 569 0
492 597 0
492 648 0
494 499 0
494 621 0
494 631 0
496 550 0
498 614 0
498 741 0
498 830 0
500 847 0
501 633 0
505 506 0
505 571 0
505 874 0
506 702 0
507 574 0
507 604 0
508 796 0
509 577 0
509 601 0
509 864 0
511 597 0
511 648 0
511 729 0
511 764 0
513 647 0
514 763 0
515 592 0
516 728 0
516 756 0
516 758 0
517 649 0
519 555 0
519 689 0
519 699 0
519 796 0
520 630 0
522 802 0
523 826 0
524 727 0
524 888 0
525 614 0
526 552 0
526 692 0
529 700 0
532 612 0
532 667 0
532 681 0
532 712 0
532 862 0
533 568 0
535 841 0
538 869 0
539 634 0
539 649 0
539 815 0
541 674 0
541 760 0
542 900 0
543 664 0
546 871 0
547 565 0
550 885 0
551 858 0
551 898 0
552 590 0
552 827 0
552 854 0
555 869 0
555 897 0
556 664 0
557 586 0
557 893 0
560 653 0
561 814 0
563 712 0
563 735 0
564 590 0
565 597 0
565 692 0
565 700 0
566 875 0
568 580 0
568 609 0
570 572 0
570 817 0
572 611 0
573 757 0
575 700 0
575 723 0
575 808 0
575 832 0
575 848 0
576 609 0
577 667 0
578 818 0
581 699 0
586 627 0
586 646 0
589 627 0
590 661 0
592 663 0
597 809 0
601 664 0
602 632 0
603 667 0
606 872 0
609 661 0
610 681 0
611 783 0
611 831 0
612 689 0
612 702 0
612 790 0
617 624 0
618 818 0
620 642 0
620 645 0
622 785 0
624 668 0
626 678 0
627 728 0
627 853 0
628 734 0
629 762 0
630 651 0
631 723 0
631 769 0
631 854 0
632 662 0
632 712 0
632 886 0
633 742 0
635 821 0
637 894 0
641 647 0
642 687 0
642 752 0
643 741 0
646 753 0
646 887 0
649 829 0
652 679 0
652 837 0
655 757 0
657 659 0
657 851 0
657 854 0
658 686 0
659 705 0
659 890 0
662 776 0
663 809 0
664 730 0
672 747 0
672 888 0
673 859 0
675 764 0
675 849 0
675 881 0
676 766 0
677 797 0
678 723 0
678 738 0
682 818 0
683 776 0
684 899 0
685 877 0
687 707 0
688 866 0
690 738 0
692 748 0
692 800 0
693 695 0
704 845 0
707 876 0
709 831 0
713 769 0
715 788 0
715 799 0
719 736 0
721 750 0
721 806 0
724 772 0
726 765 0
726 883 0
730 827 0
730 859 0
733 785 0
735 851 0
739 751 0
740 785 0
761 836 0
761 867 0
762 774 0
764 817 0
768 772 0
778 871 0
785 817 0
789 812 0
790 845 0
792 818 0
792 821 0
800 839 0
810 875 0
812 858 0
812 884 0
813 859 0
815 855 0
815 896 0
817 822 0
821 891 0
822 865 0
827 860 0
845 870 0
850 899 0
858 891 0
879 891 0
