300 380 0
1 41 0
1 214 0
2 161 0
3 232 0
4 75 0
4 217 0
5 285 0
6 21 0
6 32 0
7 195 0
7 247 0
8 181 0
9 298 0
10 157 0
10 200 0
10 291 0
11 31 0
11 94 0
11 137 0
12 75 0
12 247 0
13 155 0
13 216 0
13 221 0
13 297 0
14 40 0
14 111 0
14 115 0
14 147 0
14 288 0
15 23 0
15 64 0
15 127 0
15 254 0
15 281 0
16 59 0
16 251 0
17 147 0
17 256 0
18 258 0
19 98 0
19 115 0
19 130 0
19 150 0
19 182 0
20 89 0
20 214 0
21 97 0
22 39 0
23 248 0
23 258 0
24 106 0
25 142 0
25 220 0
25 277 0
26 97 0
27 75 0
28 129 0
28 132 0
28 195 0
28 248 0
29 162 0
29 261 0
30 161 0
30 181 0
32 54 0
32 90 0
32 108 0
32 138 0
32 145 0
32 212 0
33 50 0
34 72 0
34 124 0
34 155 0
34 186 0
34 203 0
34 245 0
35 93 0
35 195 0
36 43 0
36 109 0
36 128 0
36 215 0
37 60 0
37 142 0
37 178 0
37 227 0
38 243 0
39 86 0
39 101 0
39 202 0
41 44 0
42 52 0
43 234 0
44 68 0
44 121 0
44 282 0
45 80 0
45 167 0
45 176 0
45 249 0
46 92 0
46 235 0
47 147 0
47 205 0
47 226 0
47 265 0
48 132 0
48 151 0
48 171 0
48 298 0
49 166 0
49 185 0
49 189 0
49 241 0
50 82 0
50 197 0
50 203 0
51 66 0
52 72 0
52 165 0
52 279 0
53 68 0
53 120 0
53 163 0
53 174 0
55 146 0
55 180 0
55 187 0
55 277 0
56 98 0
56 161 0
56 232 0
56 243 0
57 65 0
58 138 0
58 140 0
58 286 0
58 293 0
59 72 0
59 208 0
59 271 0
61 236 0
61 294 0
62 250 0
63 102 0
63 117 0
63 237 0
63 289 0
65 87 0
65 107 0
65 191 0
65 223 0
66 176 0
66 190 0
66 217 0
67 210 0
68 98 0
68 220 0
69 99 0
70 161 0
71 156 0
72 77 0
73 79 0
73 113 0
73 152 0
73 154 0
73 191 0
74 178 0
74 181 0
75 101 0
75 279 0
76 91 0
76 133 0
77 192 0
77 263 0
77 292 0
78 235 0
78 262 0
79 106 0
79 107 0
80 244 0
81 95 0
82 99 0
82 182 0
82 236 0
83 93 0
83 110 0
84 269 0
85 253 0
87 101 0
87 149 0
87 211 0
87 246 0
88 159 0
88 184 0
89 95 0
91 125 0
91 155 0
91 184 0
91 218 0
92 269 0
93 168 0
93 204 0
93 244 0
94 142 0
95 103 0
95 136 0
96 114 0
97 134 0
97 155 0
97 244 0
98 291 0
99 225 0
99 287 0
100 153 0
101 204 0
102 108 0
103 193 0
103 242 0
103 256 0
104 116 0
105 235 0
106 194 0
106 212 0
106 245 0
107 228 0
108 114 0
110 193 0
111 212 0
112 250 0
114 191 0
114 229 0
116 207 0
116 240 0
116 277 0
117 239 0
118 200 0
119 147 0
119 160 0
119 206 0
119 267 0
120 295 0
122 156 0
123 151 0
123 166 0
123 252 0
124 209 0
126 258 0
129 251 0
129 252 0
129 270 0
130 186 0
130 242 0
131 181 0
131 253 0
132 186 0
132 215 0
133 228 0
133 260 0
135 214 0
137 159 0
137 204 0
137 258 0
138 150 0
138 209 0
138 210 0
139 198 0
139 245 0
139 257 0
139 272 0
141 169 0
141 178 0
141 274 0
141 278 0
143 195 0
144 151 0
145 191 0
145 193 0
147 150 0
148 171 0
150 191 0
150 241 0
150 288 0
151 294 0
152 165 0
153 264 0
153 266 0
153 277 0
154 298 0
156 196 0
156 210 0
156 215 0
157 178 0
157 186 0
157 254 0
157 277 0
158 188 0
158 261 0
159 177 0
159 201 0
161 173 0
162 236 0
163 222 0
164 261 0
169 266 0
170 188 0
170 234 0
170 237 0
170 296 0
171 238 0
171 239 0
172 220 0
173 248 0
173 256 0
174 201 0
175 205 0
175 243 0
176 182 0
176 269 0
178 285 0
179 260 0
181 221 0
181 254 0
181 289 0
181 300 0
182 237 0
183 220 0
184 219 0
186 274 0
188 270 0
191 194 0
191 204 0
191 242 0
193 275 0
194 274 0
197 269 0
199 210 0
200 231 0
200 291 0
204 242 0
209 228 0
209 237 0
209 280 0
210 283 0
213 235 0
213 294 0
214 245 0
215 261 0
218 262 0
219 285 0
222 258 0
224 231 0
224 262 0
230 236 0
232 263 0
232 268 0
232 290 0
233 260 0
234 269 0
234 286 0
235 241 0
240 275 0
241 260 0
243 276 0
245 258 0
247 248 0
248 273 0
250 254 0
250 255 0
253 288 0
253 291 0
256 299 0
259 269 0
262 287 0
262 291 0
280 292 0
284 285 0
295 298 0
