140 229 0
1 10 0
1 67 0
1 81 0
1 86 0
1 99 0
1 105 0
2 6 0
2 47 0
2 68 0
2 84 0
2 110 0
2 114 0
3 34 0
3 39 0
3 69 0
3 113 0
3 123 0
4 6 0
4 25 0
4 35 0
4 56 0
4 88 0
5 36 0
5 61 0
5 73 0
5 78 0
5 98 0
5 124 0
6 40 0
6 89 0
6 140 0
7 25 0
7 38 0
7 60 0
8 84 0
9 68 0
9 91 0
10 75 0
10 86 0
11 38 0
11 70 0
12 53 0
12 68 0
12 129 0
13 84 0
13 109 0
13 114 0
14 51 0
14 110 0
15 27 0
16 18 0
16 56 0
16 70 0
16 75 0
17 51 0
17 75 0
17 94 0
17 104 0
17 120 0
18 28 0
18 32 0
18 94 0
18 133 0
19 27 0
20 35 0
20 67 0
20 76 0
20 93 0
20 113 0
21 27 0
21 28 0
22 70 0
23 34 0
23 71 0
23 85 0
23 136 0
24 98 0
25 65 0
25 103 0
25 114 0
25 128 0
26 52 0
26 89 0
26 95 0
26 100 0
26 111 0
26 137 0
27 46 0
27 75 0
27 129 0
28 60 0
29 105 0
30 55 0
30 59 0
30 90 0
31 42 0
31 110 0
33 128 0
34 90 0
34 108 0
34 130 0
34 131 0
35 49 0
35 76 0
35 77 0
35 80 0
35 129 0
36 38 0
36 44 0
37 81 0
37 112 0
37 114 0
37 126 0
37 140 0
38 122 0
38 140 0
39 82 0
40 42 0
40 58 0
40 61 0
40 99 0
40 104 0
40 108 0
41 128 0
42 44 0
42 64 0
42 89 0
42 107 0
43 88 0
45 63 0
45 71 0
45 128 0
46 58 0
46 94 0
46 98 0
46 113 0
47 55 0
47 101 0
47 125 0
48 102 0
48 105 0
48 106 0
49 71 0
49 95 0
49 97 0
50 57 0
50 87 0
50 121 0
50 140 0
51 64 0
52 88 0
53 80 0
54 110 0
54 118 0
54 123 0
54 130 0
54 140 0
55 109 0
56 63 0
56 116 0
56 134 0
58 72 0
58 75 0
58 131 0
59 72 0
59 73 0
59 119 0
59 130 0
60 70 0
60 102 0
62 98 0
62 134 0
66 67 0
66 137 0
67 68 0
67 74 0
67 104 0
67 131 0
67 140 0
68 85 0
69 88 0
70 93 0
71 89 0
71 133 0
74 75 0
74 131 0
75 99 0
75 140 0
78 82 0
78 97 0
78 99 0
79 81 0
80 131 0
80 135 0
80 138 0
81 82 0
81 93 0
81 109 0
81 117 0
82 102 0
82 127 0
83 84 0
83 131 0
86 91 0
86 139 0
88 113 0
92 97 0
92 113 0
95 124 0
96 113 0
97 106 0
97 115 0
97 132 0
98 99 0
98 100 0
99 130 0
100 109 0
101 122 0
101 126 0
102 131 0
103 136 0
104 129 0
105 107 0
108 116 0
108 135 0
111 115 0
117 132 0
128 130 0
128 136 0
