120 136 0
1 17 0
1 29 0
1 67 0
1 70 0
2 44 0
3 13 0
3 51 0
3 69 0
3 115 0
4 79 0
5 97 0
6 48 0
6 56 0
7 32 0
7 78 0
7 83 0
7 113 0
8 61 0
8 69 0
9 108 0
10 20 0
11 52 0
11 94 0
12 116 0
13 27 0
13 32 0
13 88 0
14 33 0
14 96 0
14 98 0
15 38 0
15 92 0
15 101 0
15 109 0
16 20 0
18 20 0
18 33 0
18 71 0
18 104 0
19 82 0
20 77 0
21 97 0
22 90 0
23 72 0
24 40 0
25 63 0
26 82 0
27 46 0
27 71 0
28 57 0
28 116 0
30 94 0
31 40 0
32 37 0
32 55 0
33 75 0
33 80 0
34 43 0
34 48 0
35 40 0
36 73 0
37 45 0
37 50 0
37 111 0
39 43 0
39 53 0
39 62 0
39 120 0
40 67 0
41 48 0
42 82 0
44 64 0
44 86 0
44 89 0
44 107 0
46 52 0
46 67 0
46 79 0
46 86 0
46 99 0
47 115 0
48 88 0
49 115 0
51 66 0
51 81 0
51 96 0
52 73 0
52 82 0
52 95 0
52 116 0
54 60 0
54 61 0
54 88 0
54 100 0
55 100 0
55 102 0
55 106 0
55 108 0
55 117 0
56 63 0
57 69 0
58 72 0
59 108 0
63 87 0
63 88 0
64 104 0
65 79 0
67 96 0
67 108 0
68 76 0
68 98 0
68 117 0
69 91 0
71 92 0
71 120 0
72 114 0
72 120 0
73 74 0
73 105 0
76 116 0
79 86 0
79 99 0
80 119 0
84 98 0
85 104 0
86 98 0
90 103 0
90 120 0
92 94 0
92 97 0
93 104 0
94 119 0
95 97 0
98 110 0
108 118 0
112 115 0
