120 202 0
1 14 0
1 41 0
1 52 0
1 66 0
1 104 0
1 116 0
2 33 0
2 106 0
2 118 0
3 25 0
3 33 0
3 74 0
4 59 0
4 74 0
4 100 0
5 27 0
6 18 0
6 23 0
6 26 0
6 53 0
6 101 0
6 120 0
7 13 0
7 82 0
7 100 0
7 111 0
8 100 0
9 26 0
9 31 0
9 57 0
9 72 0
9 86 0
9 114 0
10 12 0
10 21 0
10 62 0
10 73 0
10 84 0
10 88 0
10 97 0
10 106 0
11 103 0
12 21 0
13 29 0
13 38 0
13 39 0
13 49 0
13 80 0
13 100 0
14 23 0
14 79 0
15 27 0
15 32 0
15 60 0
15 70 0
15 76 0
15 81 0
15 86 0
16 86 0
17 39 0
18 47 0
19 73 0
19 75 0
20 23 0
20 74 0
21 84 0
21 107 0
21 113 0
21 118 0
22 102 0
22 110 0
22 111 0
23 106 0
23 118 0
24 25 0
24 68 0
24 77 0
25 111 0
26 43 0
26 70 0
26 91 0
26 108 0
27 77 0
27 97 0
27 115 0
28 108 0
29 70 0
29 73 0
30 108 0
31 52 0
31 112 0
31 119 0
32 44 0
32 56 0
32 72 0
33 38 0
33 50 0
33 91 0
33 101 0
33 116 0
34 94 0
35 91 0
36 56 0
36 75 0
36 109 0
37 55 0
38 55 0
38 68 0
39 42 0
39 49 0
39 67 0
39 93 0
39 106 0
39 114 0
40 82 0
42 74 0
42 94 0
42 100 0
42 108 0
43 85 0
43 98 0
43 110 0
43 117 0
45 103 0
46 103 0
47 91 0
48 89 0
49 71 0
49 81 0
49 103 0
51 68 0
51 106 0
52 64 0
52 70 0
52 115 0
53 73 0
53 75 0
53 118 0
54 94 0
55 66 0
55 67 0
55 117 0
57 115 0
58 60 0
58 96 0
58 118 0
59 74 0
59 75 0
59 87 0
60 111 0
61 86 0
61 98 0
62 74 0
62 82 0
62 115 0
62 116 0
63 71 0
63 97 0
64 70 0
64 73 0
64 74 0
64 89 0
64 94 0
65 88 0
65 96 0
66 74 0
66 118 0
68 69 0
68 95 0
68 99 0
69 86 0
71 89 0
71 90 0
71 99 0
72 76 0
75 93 0
76 97 0
76 115 0
78 115 0
79 106 0
80 89 0
81 88 0
82 96 0
82 105 0
83 88 0
83 94 0
84 97 0
84 108 0
86 109 0
87 91 0
88 92 0
88 97 0
88 109 0
89 98 0
89 102 0
91 100 0
92 106 0
94 97 0
97 98 0
105 108 0
106 115 0
113 115 0
