350 378 0
1 146 0
2 105 0
2 142 0
2 161 0
2 230 0
3 264 0
3 341 0
4 9 0
4 213 0
4 285 0
4 315 0
5 89 0
5 109 0
5 230 0
5 270 0
6 264 0
7 57 0
8 48 0
9 21 0
9 184 0
9 230 0
10 18 0
10 41 0
10 292 0
10 347 0
11 69 0
11 110 0
11 191 0
11 277 0
12 104 0
13 280 0
14 233 0
15 83 0
15 176 0
15 281 0
16 94 0
16 115 0
16 116 0
16 274 0
17 98 0
17 194 0
17 220 0
17 346 0
19 188 0
19 256 0
19 301 0
19 309 0
20 32 0
20 43 0
20 225 0
20 309 0
21 67 0
21 155 0
21 221 0
21 275 0
22 112 0
23 29 0
23 163 0
23 198 0
23 206 0
24 144 0
25 56 0
25 96 0
25 273 0
25 299 0
26 273 0
27 138 0
28 69 0
30 167 0
31 244 0
32 49 0
32 84 0
32 251 0
33 228 0
33 312 0
34 48 0
35 49 0
36 223 0
37 101 0
37 317 0
37 324 0
37 350 0
38 266 0
39 85 0
39 136 0
39 141 0
39 267 0
40 340 0
41 67 0
41 186 0
41 233 0
42 152 0
42 204 0
42 339 0
42 348 0
43 110 0
43 155 0
43 174 0
43 175 0
44 235 0
45 104 0
46 75 0
46 143 0
46 199 0
46 342 0
47 158 0
48 89 0
48 187 0
48 200 0
48 297 0
49 52 0
49 202 0
50 133 0
51 144 0
53 279 0
54 260 0
55 266 0
56 119 0
56 195 0
56 322 0
57 79 0
57 143 0
57 291 0
58 60 0
59 269 0
60 162 0
60 261 0
60 290 0
61 138 0
61 159 0
61 174 0
61 223 0
62 159 0
62 250 0
63 168 0
63 247 0
63 329 0
63 337 0
64 177 0
65 112 0
66 116 0
66 160 0
66 231 0
66 289 0
67 80 0
67 198 0
68 93 0
68 266 0
69 134 0
69 207 0
69 229 0
70 146 0
71 96 0
72 250 0
73 167 0
74 340 0
76 278 0
77 186 0
78 260 0
79 255 0
80 101 0
80 167 0
80 222 0
80 235 0
81 82 0
82 198 0
82 215 0
82 254 0
83 203 0
84 91 0
84 127 0
84 154 0
86 143 0
86 246 0
87 134 0
87 217 0
87 334 0
87 344 0
88 192 0
88 211 0
88 276 0
88 310 0
90 184 0
92 108 0
92 143 0
92 181 0
92 209 0
93 177 0
95 311 0
96 147 0
96 208 0
97 248 0
99 201 0
100 171 0
100 187 0
100 220 0
100 239 0
102 162 0
102 179 0
102 288 0
102 296 0
103 129 0
103 286 0
103 309 0
103 333 0
104 228 0
104 350 0
106 246 0
107 281 0
110 116 0
110 162 0
111 280 0
112 297 0
112 305 0
113 219 0
113 251 0
114 133 0
116 278 0
117 246 0
118 223 0
120 248 0
121 138 0
122 240 0
123 250 0
124 184 0
125 335 0
126 155 0
126 259 0
126 271 0
126 299 0
128 233 0
130 285 0
131 240 0
132 264 0
133 175 0
133 227 0
134 220 0
135 203 0
137 312 0
138 178 0
139 145 0
139 166 0
139 176 0
139 336 0
140 306 0
141 299 0
141 312 0
141 313 0
143 275 0
144 258 0
144 276 0
144 329 0
145 174 0
145 269 0
145 279 0
146 157 0
146 225 0
148 201 0
148 260 0
148 266 0
148 271 0
149 184 0
150 222 0
151 238 0
151 276 0
151 286 0
151 298 0
151 303 0
152 338 0
153 278 0
156 285 0
158 308 0
158 309 0
158 314 0
159 262 0
159 330 0
162 250 0
164 285 0
165 203 0
167 170 0
169 197 0
169 312 0
172 201 0
173 233 0
174 329 0
177 225 0
177 232 0
180 245 0
182 281 0
183 293 0
185 201 0
186 226 0
186 252 0
189 306 0
190 244 0
191 224 0
191 234 0
191 241 0
192 241 0
193 311 0
196 309 0
196 340 0
197 223 0
198 282 0
203 294 0
205 236 0
210 269 0
212 273 0
214 293 0
216 313 0
218 236 0
219 343 0
220 240 0
220 259 0
221 230 0
221 277 0
222 257 0
222 283 0
225 236 0
227 275 0
227 281 0
227 306 0
230 293 0
235 242 0
235 255 0
236 272 0
237 279 0
240 345 0
243 270 0
243 335 0
244 339 0
244 349 0
245 287 0
245 295 0
245 329 0
246 334 0
248 300 0
248 334 0
249 313 0
250 284 0
251 302 0
251 326 0
253 278 0
259 294 0
259 304 0
259 350 0
260 341 0
263 335 0
264 339 0
265 293 0
268 313 0
269 323 0
271 297 0
271 339 0
273 332 0
275 276 0
277 325 0
277 338 0
278 343 0
279 320 0
280 294 0
280 327 0
282 319 0
282 321 0
282 331 0
285 287 0
294 311 0
297 343 0
297 344 0
299 334 0
301 333 0
304 343 0
306 316 0
307 311 0
315 328 0
318 343 0
329 335 0
340 350 0
