300 326 0
1 226 0
2 125 0
3 283 0
4 199 0
5 191 0
5 222 0
6 44 0
6 129 0
7 50 0
7 95 0
7 97 0
7 220 0
7 282 0
8 20 0
9 239 0
10 144 0
10 252 0
11 199 0
12 17 0
12 85 0
12 185 0
12 291 0
13 251 0
14 265 0
15 24 0
15 103 0
16 44 0
18 184 0
19 77 0
20 175 0
20 192 0
20 251 0
20 262 0
21 266 0
22 204 0
23 223 0
24 154 0
24 232 0
24 280 0
25 41 0
25 120 0
25 162 0
25 295 0
26 207 0
26 217 0
26 244 0
26 262 0
27 288 0
28 167 0
28 188 0
28 210 0
28 237 0
29 281 0
29 299 0
30 34 0
30 105 0
30 107 0
30 148 0
30 201 0
31 66 0
32 106 0
32 118 0
32 166 0
32 219 0
33 83 0
33 109 0
33 272 0
33 273 0
34 133 0
34 184 0
34 199 0
34 278 0
35 97 0
36 125 0
36 253 0
37 187 0
37 202 0
37 203 0
38 62 0
38 227 0
38 263 0
38 267 0
38 298 0
39 257 0
40 92 0
40 127 0
40 278 0
40 293 0
42 178 0
43 283 0
44 227 0
44 234 0
45 230 0
46 224 0
47 285 0
48 251 0
49 230 0
50 233 0
51 222 0
52 104 0
53 275 0
54 69 0
54 75 0
54 125 0
54 278 0
55 204 0
56 112 0
56 230 0
56 284 0
56 293 0
57 243 0
58 110 0
59 111 0
59 207 0
59 225 0
59 269 0
60 97 0
61 145 0
63 117 0
63 242 0
63 271 0
63 272 0
64 193 0
64 216 0
64 241 0
64 244 0
65 103 0
65 207 0
65 231 0
65 264 0
66 90 0
66 120 0
66 213 0
67 71 0
67 122 0
67 176 0
67 259 0
68 133 0
69 113 0
69 119 0
69 150 0
70 184 0
72 125 0
73 217 0
73 248 0
73 280 0
73 291 0
74 97 0
75 87 0
75 181 0
75 197 0
76 130 0
76 143 0
76 238 0
76 297 0
77 149 0
77 233 0
77 248 0
78 226 0
79 266 0
80 172 0
80 250 0
81 142 0
82 172 0
84 196 0
86 184 0
88 126 0
88 153 0
88 168 0
88 229 0
88 291 0
89 98 0
91 239 0
92 118 0
92 237 0
92 272 0
93 118 0
93 128 0
93 146 0
93 245 0
94 127 0
94 143 0
94 153 0
94 299 0
95 97 0
95 281 0
95 293 0
96 98 0
98 147 0
98 173 0
99 265 0
100 199 0
101 222 0
102 124 0
102 173 0
102 217 0
102 253 0
104 173 0
104 236 0
104 250 0
108 134 0
108 145 0
108 153 0
108 215 0
108 279 0
110 144 0
110 190 0
110 248 0
111 257 0
111 286 0
112 115 0
112 260 0
112 268 0
114 281 0
116 138 0
116 207 0
116 277 0
116 300 0
118 252 0
120 127 0
120 186 0
120 249 0
120 293 0
121 252 0
122 198 0
122 204 0
122 299 0
123 196 0
124 178 0
124 206 0
124 251 0
127 217 0
129 224 0
131 145 0
132 141 0
132 152 0
132 286 0
132 291 0
133 179 0
133 212 0
135 230 0
136 227 0
136 247 0
136 255 0
136 258 0
137 285 0
138 273 0
139 218 0
140 251 0
142 208 0
142 253 0
142 261 0
143 235 0
143 275 0
145 151 0
145 244 0
148 243 0
153 283 0
155 198 0
156 287 0
157 283 0
158 196 0
159 199 0
159 284 0
160 266 0
161 223 0
163 257 0
164 204 0
165 172 0
169 224 0
170 243 0
171 288 0
172 244 0
173 184 0
174 281 0
177 288 0
178 209 0
178 211 0
178 215 0
180 287 0
182 235 0
183 206 0
183 246 0
186 228 0
186 290 0
186 292 0
187 222 0
187 243 0
187 299 0
189 206 0
191 287 0
194 218 0
195 223 0
195 265 0
196 253 0
197 274 0
198 229 0
198 267 0
198 294 0
200 284 0
205 235 0
206 249 0
214 275 0
218 246 0
218 272 0
221 275 0
223 280 0
224 253 0
226 274 0
226 291 0
227 278 0
229 268 0
235 270 0
237 265 0
237 288 0
239 256 0
239 262 0
240 257 0
248 287 0
252 289 0
254 265 0
257 262 0
266 299 0
276 285 0
280 285 0
284 296 0
