40 71 0
1 15 0
1 16 0
1 17 0
1 22 0
1 29 0
2 12 0
2 18 0
2 28 0
3 15 0
3 21 0
3 28 0
4 5 0
4 21 0
4 31 0
4 36 0
5 8 0
5 20 0
5 21 0
5 22 0
5 31 0
6 7 0
6 19 0
6 23 0
7 33 0
8 12 0
8 18 0
8 31 0
9 12 0
9 15 0
9 16 0
9 19 0
9 36 0
10 21 0
10 25 0
10 27 0
10 33 0
11 21 0
11 25 0
11 27 0
11 28 0
11 30 0
11 38 0
13 24 0
14 33 0
14 36 0
15 24 0
15 35 0
16 29 0
17 36 0
18 28 0
18 32 0
19 39 0
21 23 0
21 38 0
22 23 0
22 29 0
23 34 0
24 35 0
24 40 0
25 26 0
25 28 0
25 37 0
25 39 0
28 30 0
28 33 0
29 30 0
30 31 0
31 33 0
33 37 0
33 38 0
35 38 0
