300 407 0
1 23 0
1 25 0
1 85 0
1 295 0
2 69 0
2 108 0
3 188 0
3 210 0
4 296 0
5 132 0
5 150 0
6 40 0
6 128 0
6 176 0
6 189 0
7 130 0
7 213 0
8 285 0
9 257 0
10 24 0
10 93 0
10 95 0
10 158 0
11 205 0
12 246 0
13 183 0
14 38 0
15 46 0
15 105 0
15 113 0
15 114 0
15 121 0
15 190 0
15 298 0
16 154 0
17 152 0
18 156 0
19 23 0
20 103 0
21 52 0
21 227 0
21 265 0
21 286 0
22 80 0
23 28 0
23 78 0
23 270 0
24 295 0
25 63 0
25 92 0
25 148 0
26 115 0
27 255 0
27 280 0
29 53 0
29 77 0
29 126 0
29 150 0
29 176 0
30 117 0
30 129 0
30 141 0
30 210 0
31 234 0
32 174 0
32 254 0
33 108 0
33 146 0
33 192 0
33 211 0
34 91 0
35 73 0
35 136 0
35 137 0
35 178 0
35 297 0
36 69 0
37 142 0
37 295 0
38 89 0
38 114 0
38 218 0
39 59 0
39 110 0
39 147 0
39 161 0
39 255 0
41 232 0
42 85 0
43 85 0
43 180 0
44 108 0
44 131 0
44 209 0
44 243 0
45 86 0
46 50 0
46 130 0
47 141 0
47 149 0
47 156 0
48 49 0
49 71 0
49 119 0
49 173 0
49 210 0
50 81 0
50 124 0
50 250 0
51 67 0
51 228 0
52 173 0
54 235 0
54 247 0
55 146 0
55 186 0
56 83 0
57 111 0
57 258 0
58 195 0
58 220 0
58 252 0
59 295 0
60 91 0
61 149 0
62 232 0
63 141 0
63 183 0
63 208 0
63 280 0
64 78 0
64 109 0
65 92 0
65 154 0
66 103 0
66 116 0
66 234 0
66 293 0
67 79 0
67 100 0
67 221 0
68 224 0
69 200 0
69 209 0
69 294 0
70 80 0
70 94 0
70 220 0
72 226 0
72 272 0
73 75 0
73 94 0
73 109 0
73 200 0
73 203 0
74 92 0
74 222 0
74 229 0
74 261 0
74 300 0
75 204 0
76 183 0
77 246 0
78 79 0
78 125 0
78 158 0
79 93 0
79 111 0
79 243 0
79 250 0
80 129 0
80 183 0
80 292 0
81 146 0
82 146 0
83 101 0
83 223 0
83 233 0
83 240 0
84 149 0
84 262 0
85 87 0
86 110 0
86 220 0
86 288 0
88 215 0
88 229 0
89 190 0
89 214 0
90 234 0
90 299 0
91 148 0
91 165 0
91 244 0
92 106 0
92 214 0
93 219 0
93 283 0
94 139 0
94 208 0
95 114 0
95 144 0
95 148 0
95 168 0
96 199 0
97 107 0
97 194 0
97 204 0
97 239 0
98 167 0
98 209 0
98 279 0
99 113 0
99 149 0
101 187 0
102 172 0
102 243 0
103 259 0
103 275 0
104 276 0
106 159 0
106 191 0
106 216 0
106 266 0
107 177 0
108 176 0
108 217 0
108 240 0
108 286 0
110 209 0
110 210 0
111 118 0
111 168 0
111 281 0
112 172 0
114 213 0
114 224 0
115 185 0
115 202 0
115 240 0
116 137 0
116 148 0
116 250 0
117 206 0
117 249 0
120 296 0
121 243 0
121 276 0
121 296 0
122 233 0
122 235 0
123 246 0
124 190 0
125 229 0
127 210 0
129 209 0
129 229 0
129 267 0
130 131 0
130 165 0
130 173 0
130 200 0
131 148 0
131 234 0
132 180 0
132 194 0
132 298 0
133 174 0
134 187 0
135 234 0
137 150 0
137 163 0
137 170 0
138 199 0
139 206 0
139 293 0
140 251 0
140 296 0
141 167 0
141 291 0
142 267 0
143 205 0
143 243 0
143 246 0
143 285 0
144 232 0
144 238 0
144 272 0
145 187 0
145 245 0
146 151 0
146 231 0
146 299 0
149 168 0
151 195 0
152 231 0
152 237 0
152 277 0
153 156 0
154 168 0
154 249 0
155 180 0
155 183 0
156 192 0
157 285 0
160 213 0
160 256 0
162 213 0
163 198 0
163 203 0
163 217 0
164 257 0
165 188 0
165 192 0
165 239 0
165 262 0
166 181 0
166 211 0
169 214 0
169 266 0
170 196 0
170 264 0
170 287 0
171 238 0
172 212 0
172 275 0
172 286 0
173 192 0
173 231 0
174 250 0
174 271 0
175 276 0
176 206 0
176 209 0
177 252 0
179 210 0
179 279 0
180 208 0
181 188 0
181 258 0
182 257 0
183 233 0
183 260 0
183 277 0
184 224 0
186 206 0
187 194 0
187 215 0
188 245 0
191 279 0
192 211 0
192 235 0
193 214 0
194 209 0
195 267 0
197 247 0
199 211 0
199 225 0
199 286 0
200 247 0
200 269 0
201 211 0
203 213 0
203 224 0
204 228 0
205 242 0
205 282 0
206 256 0
206 278 0
207 276 0
208 280 0
211 218 0
214 216 0
214 226 0
219 299 0
220 236 0
222 241 0
224 274 0
227 245 0
228 272 0
229 248 0
229 269 0
230 272 0
231 252 0
232 278 0
233 262 0
235 268 0
235 284 0
236 238 0
238 263 0
240 257 0
241 266 0
241 293 0
244 260 0
247 254 0
249 275 0
250 279 0
251 262 0
252 289 0
253 267 0
256 277 0
258 279 0
260 280 0
262 273 0
285 299 0
290 293 0
291 295 0
