400 519 0
1 386 0
2 52 0
2 68 0
2 106 0
2 252 0
2 255 0
3 44 0
3 148 0
3 172 0
3 183 0
3 185 0
3 391 0
4 180 0
5 21 0
5 55 0
5 162 0
5 257 0
5 261 0
5 300 0
5 329 0
5 335 0
6 247 0
7 287 0
8 15 0
8 27 0
8 130 0
8 382 0
9 20 0
9 38 0
9 187 0
9 195 0
9 251 0
10 47 0
11 194 0
11 200 0
11 358 0
11 378 0
12 146 0
12 167 0
12 289 0
12 290 0
13 274 0
13 388 0
14 231 0
15 31 0
15 56 0
15 118 0
15 319 0
15 349 0
15 355 0
16 166 0
16 314 0
17 116 0
17 328 0
18 73 0
18 234 0
19 246 0
20 385 0
21 229 0
21 232 0
22 63 0
22 153 0
22 156 0
22 399 0
23 110 0
23 180 0
23 271 0
23 388 0
24 189 0
25 54 0
25 284 0
26 101 0
27 81 0
27 257 0
27 297 0
28 271 0
29 31 0
29 34 0
29 157 0
29 210 0
30 104 0
30 206 0
31 150 0
32 83 0
32 124 0
33 60 0
33 89 0
33 133 0
33 145 0
33 175 0
35 99 0
35 130 0
35 151 0
35 291 0
36 384 0
37 152 0
37 303 0
38 46 0
39 272 0
40 92 0
41 128 0
41 156 0
41 167 0
41 217 0
41 229 0
42 44 0
42 113 0
42 305 0
43 308 0
43 398 0
44 246 0
45 360 0
46 151 0
46 220 0
46 268 0
46 301 0
47 149 0
47 295 0
47 301 0
47 334 0
48 312 0
49 101 0
50 314 0
51 92 0
51 102 0
51 147 0
51 324 0
52 75 0
52 157 0
52 206 0
52 229 0
52 290 0
53 75 0
53 113 0
53 142 0
53 154 0
53 222 0
54 93 0
55 193 0
55 206 0
55 333 0
56 213 0
56 224 0
56 328 0
57 129 0
57 147 0
58 256 0
59 72 0
59 111 0
59 277 0
59 323 0
60 267 0
60 392 0
61 118 0
61 131 0
61 202 0
61 304 0
62 372 0
63 189 0
64 372 0
65 178 0
65 291 0
66 383 0
67 331 0
68 205 0
68 230 0
68 345 0
69 141 0
69 193 0
69 227 0
69 250 0
70 92 0
70 149 0
70 179 0
70 205 0
70 258 0
70 288 0
70 321 0
71 328 0
72 99 0
72 144 0
72 189 0
72 247 0
73 137 0
73 195 0
73 270 0
73 348 0
74 180 0
74 195 0
74 255 0
74 259 0
74 350 0
75 83 0
75 112 0
75 392 0
76 324 0
77 108 0
77 122 0
77 248 0
77 306 0
78 387 0
79 93 0
79 101 0
79 256 0
79 263 0
79 310 0
80 101 0
80 317 0
81 345 0
82 372 0
83 215 0
83 292 0
84 331 0
85 272 0
86 227 0
87 123 0
88 167 0
88 226 0
88 364 0
88 393 0
89 347 0
90 213 0
90 275 0
91 312 0
92 219 0
92 358 0
92 370 0
93 181 0
93 368 0
94 130 0
94 250 0
95 204 0
95 314 0
96 130 0
96 342 0
97 127 0
98 106 0
99 225 0
99 303 0
100 386 0
101 123 0
102 195 0
102 248 0
102 319 0
103 110 0
103 148 0
103 347 0
103 354 0
104 158 0
104 254 0
104 267 0
104 281 0
104 380 0
105 398 0
106 142 0
106 174 0
106 276 0
106 337 0
107 141 0
109 236 0
109 256 0
110 119 0
110 284 0
110 308 0
111 388 0
112 338 0
112 365 0
112 371 0
114 129 0
115 152 0
115 296 0
116 273 0
117 261 0
119 144 0
119 191 0
119 193 0
120 180 0
121 382 0
123 132 0
123 185 0
123 310 0
124 376 0
124 390 0
125 234 0
126 207 0
126 243 0
126 311 0
126 358 0
127 128 0
127 233 0
127 367 0
128 231 0
128 251 0
128 264 0
128 360 0
129 165 0
129 308 0
130 173 0
130 339 0
131 234 0
131 238 0
131 266 0
131 272 0
133 210 0
134 356 0
135 212 0
136 344 0
136 384 0
138 356 0
139 347 0
140 249 0
141 241 0
141 374 0
142 148 0
143 324 0
144 185 0
144 278 0
144 334 0
145 197 0
145 217 0
145 274 0
147 159 0
147 176 0
147 341 0
148 190 0
148 262 0
150 206 0
151 193 0
151 249 0
151 312 0
152 156 0
152 224 0
152 269 0
155 333 0
156 265 0
157 261 0
157 376 0
160 186 0
160 386 0
161 252 0
163 186 0
163 315 0
164 232 0
166 322 0
167 331 0
168 244 0
168 388 0
169 328 0
170 358 0
170 376 0
171 199 0
171 213 0
171 216 0
171 218 0
171 336 0
174 227 0
175 227 0
176 367 0
177 398 0
178 236 0
178 245 0
178 248 0
178 339 0
180 298 0
182 232 0
184 231 0
185 383 0
186 274 0
186 280 0
188 231 0
189 209 0
189 325 0
189 355 0
189 359 0
189 389 0
191 194 0
191 229 0
191 319 0
192 333 0
194 399 0
196 273 0
197 228 0
197 239 0
197 346 0
198 238 0
198 337 0
201 256 0
203 227 0
204 246 0
206 244 0
206 396 0
208 212 0
209 218 0
209 224 0
211 284 0
212 244 0
212 318 0
212 334 0
213 279 0
213 362 0
214 324 0
217 229 0
217 258 0
218 325 0
219 290 0
221 234 0
223 258 0
223 285 0
223 332 0
223 389 0
224 357 0
224 369 0
229 263 0
232 308 0
234 349 0
235 284 0
235 287 0
237 312 0
238 307 0
238 320 0
238 366 0
238 376 0
240 252 0
240 370 0
242 247 0
242 260 0
244 308 0
246 336 0
247 400 0
248 356 0
249 313 0
249 361 0
250 329 0
250 342 0
250 392 0
251 260 0
252 296 0
253 340 0
254 261 0
255 262 0
256 274 0
256 366 0
258 360 0
260 386 0
261 352 0
263 336 0
263 359 0
264 283 0
264 301 0
264 363 0
265 282 0
265 302 0
265 328 0
265 394 0
266 319 0
266 358 0
266 380 0
270 279 0
271 291 0
271 373 0
272 286 0
273 359 0
273 396 0
274 314 0
274 322 0
274 357 0
275 347 0
275 366 0
276 315 0
278 340 0
281 375 0
284 349 0
287 309 0
287 320 0
287 380 0
292 299 0
293 356 0
294 360 0
297 362 0
299 305 0
304 374 0
305 342 0
305 380 0
308 313 0
308 372 0
312 358 0
312 360 0
314 322 0
315 382 0
316 354 0
317 322 0
317 327 0
317 385 0
318 352 0
322 377 0
326 333 0
327 331 0
330 343 0
330 388 0
334 386 0
336 398 0
340 349 0
340 397 0
343 360 0
344 387 0
345 376 0
351 387 0
352 399 0
353 354 0
354 390 0
355 378 0
358 384 0
359 387 0
375 383 0
376 385 0
376 393 0
379 383 0
381 384 0
382 395 0
