1000 1095 0
1 472 0
2 540 0
3 902 0
4 887 0
5 550 0
6 349 0
7 721 0
8 116 0
9 627 0
10 445 0
10 479 0
10 560 0
10 622 0
11 174 0
12 307 0
13 577 0
14 421 0
14 687 0
14 741 0
14 950 0
15 920 0
16 111 0
16 143 0
16 617 0
16 709 0
16 776 0
17 57 0
18 188 0
18 243 0
18 465 0
18 573 0
18 698 0
18 723 0
19 98 0
19 99 0
19 203 0
19 673 0
20 887 0
21 190 0
22 692 0
23 813 0
24 74 0
25 283 0
26 112 0
26 555 0
26 603 0
26 611 0
27 974 0
28 35 0
28 380 0
28 652 0
29 472 0
29 571 0
29 577 0
29 590 0
29 889 0
30 744 0
31 988 0
32 610 0
33 352 0
34 490 0
34 607 0
34 915 0
34 930 0
35 369 0
35 584 0
35 838 0
35 948 0
36 71 0
37 957 0
38 312 0
38 653 0
38 760 0
38 858 0
39 725 0
40 48 0
40 298 0
40 418 0
40 424 0
41 200 0
41 322 0
41 429 0
41 480 0
41 750 0
42 265 0
43 540 0
44 887 0
45 764 0
46 325 0
47 554 0
47 670 0
47 751 0
47 913 0
48 257 0
48 629 0
49 77 0
49 185 0
49 431 0
49 568 0
49 893 0
50 233 0
51 413 0
52 432 0
52 652 0
52 937 0
52 991 0
53 791 0
54 417 0
55 787 0
56 104 0
57 148 0
57 175 0
57 441 0
58 606 0
59 105 0
59 555 0
59 593 0
59 865 0
60 80 0
60 272 0
60 456 0
60 558 0
61 762 0
62 825 0
63 504 0
63 741 0
63 822 0
63 892 0
64 250 0
65 193 0
65 449 0
65 538 0
65 766 0
66 577 0
67 144 0
68 246 0
69 161 0
69 464 0
69 665 0
69 844 0
70 432 0
71 316 0
71 332 0
71 884 0
72 302 0
72 584 0
72 749 0
72 830 0
73 675 0
74 399 0
74 612 0
74 982 0
75 968 0
76 564 0
77 118 0
77 180 0
77 181 0
78 744 0
79 623 0
80 224 0
80 315 0
80 871 0
81 458 0
82 520 0
83 241 0
84 458 0
84 716 0
84 905 0
85 968 0
86 95 0
86 248 0
86 446 0
86 560 0
86 976 0
87 340 0
87 499 0
87 843 0
87 999 0
88 922 0
89 224 0
90 567 0
91 155 0
92 313 0
93 138 0
93 481 0
93 719 0
93 869 0
94 570 0
95 531 0
95 759 0
95 862 0
96 787 0
97 446 0
99 354 0
99 484 0
99 855 0
100 130 0
101 117 0
101 625 0
101 661 0
101 732 0
102 210 0
103 564 0
104 300 0
104 794 0
104 800 0
106 980 0
107 179 0
107 702 0
107 982 0
108 720 0
109 155 0
109 588 0
109 669 0
109 810 0
109 954 0
110 813 0
113 716 0
114 246 0
115 905 0
116 505 0
116 883 0
116 975 0
118 489 0
118 824 0
118 874 0
119 494 0
119 545 0
119 857 0
119 918 0
120 649 0
120 722 0
120 775 0
120 882 0
121 232 0
121 678 0
121 762 0
121 839 0
121 943 0
122 163 0
122 400 0
122 681 0
122 887 0
123 724 0
124 335 0
125 710 0
126 656 0
127 446 0
128 195 0
128 417 0
128 740 0
128 928 0
129 284 0
129 314 0
129 490 0
129 590 0
129 790 0
130 275 0
130 350 0
130 969 0
131 665 0
132 165 0
132 183 0
132 336 0
132 548 0
132 574 0
133 809 0
134 832 0
135 287 0
136 717 0
137 991 0
138 462 0
138 587 0
138 852 0
139 896 0
140 686 0
141 458 0
142 161 0
143 664 0
143 943 0
144 212 0
144 225 0
144 249 0
145 702 0
146 619 0
147 330 0
147 473 0
147 480 0
147 666 0
149 587 0
150 783 0
151 210 0
152 551 0
153 724 0
154 949 0
155 211 0
155 968 0
156 247 0
156 423 0
156 522 0
156 957 0
157 868 0
158 965 0
159 683 0
160 176 0
161 291 0
161 739 0
162 514 0
163 348 0
163 486 0
163 933 0
164 767 0
166 928 0
167 720 0
168 663 0
168 736 0
168 797 0
168 856 0
169 432 0
170 567 0
171 232 0
171 411 0
171 453 0
171 657 0
171 796 0
172 364 0
172 402 0
172 543 0
172 648 0
173 878 0
174 271 0
174 402 0
174 576 0
175 220 0
175 384 0
175 951 0
176 434 0
176 532 0
176 722 0
177 220 0
178 346 0
178 414 0
178 781 0
178 846 0
178 888 0
179 418 0
179 721 0
179 825 0
180 189 0
180 424 0
180 662 0
181 288 0
181 368 0
181 482 0
182 423 0
183 360 0
183 571 0
183 888 0
184 265 0
184 296 0
184 694 0
186 619 0
187 297 0
189 335 0
189 467 0
189 535 0
190 422 0
190 662 0
190 829 0
191 951 0
192 383 0
194 896 0
195 389 0
195 392 0
195 425 0
196 391 0
197 514 0
198 232 0
198 236 0
198 455 0
198 794 0
199 260 0
199 310 0
199 397 0
199 801 0
199 971 0
201 447 0
202 234 0
204 382 0
205 506 0
205 507 0
205 645 0
205 651 0
206 320 0
206 586 0
206 782 0
206 902 0
207 743 0
208 230 0
209 696 0
210 260 0
210 861 0
210 981 0
211 249 0
211 296 0
211 793 0
212 267 0
212 894 0
213 725 0
214 250 0
215 716 0
216 309 0
216 388 0
216 544 0
216 705 0
216 728 0
217 571 0
218 451 0
219 415 0
220 654 0
220 903 0
221 398 0
222 859 0
223 454 0
224 305 0
224 628 0
224 971 0
226 555 0
226 712 0
226 738 0
226 987 0
227 767 0
227 884 0
227 908 0
228 652 0
229 826 0
230 279 0
230 575 0
230 653 0
230 970 0
231 859 0
233 674 0
233 763 0
233 807 0
234 516 0
234 539 0
234 715 0
235 640 0
237 375 0
237 448 0
237 722 0
237 745 0
238 610 0
239 326 0
239 361 0
239 856 0
239 921 0
240 464 0
241 295 0
241 403 0
241 508 0
242 534 0
244 432 0
245 586 0
246 914 0
246 962 0
247 380 0
247 513 0
247 835 0
247 956 0
248 260 0
248 516 0
248 701 0
249 268 0
249 640 0
250 450 0
250 788 0
251 761 0
252 894 0
253 447 0
254 819 0
255 550 0
256 765 0
257 289 0
257 668 0
257 775 0
258 965 0
259 261 0
259 510 0
259 906 0
259 997 0
260 485 0
262 947 0
263 644 0
264 571 0
265 439 0
265 626 0
265 769 0
266 826 0
267 490 0
267 561 0
267 635 0
267 690 0
267 777 0
268 292 0
268 618 0
268 934 0
269 955 0
270 675 0
273 334 0
274 503 0
274 601 0
274 691 0
274 989 0
274 992 0
276 974 0
277 686 0
278 631 0
279 702 0
279 787 0
280 826 0
281 485 0
282 932 0
283 329 0
283 414 0
283 573 0
283 971 0
285 631 0
286 343 0
286 730 0
286 795 0
286 890 0
287 311 0
287 428 0
287 768 0
287 994 0
289 318 0
289 853 0
289 855 0
289 927 0
290 299 0
293 402 0
293 701 0
293 975 0
293 982 0
294 845 0
296 384 0
296 629 0
296 782 0
297 578 0
297 655 0
297 769 0
298 347 0
298 681 0
298 740 0
299 589 0
299 735 0
299 942 0
301 430 0
303 484 0
304 908 0
306 639 0
307 581 0
307 594 0
307 662 0
308 534 0
308 786 0
308 819 0
308 850 0
311 522 0
311 679 0
313 544 0
313 917 0
313 979 0
315 406 0
315 445 0
315 668 0
317 398 0
318 788 0
318 962 0
318 969 0
319 325 0
320 643 0
320 646 0
320 774 0
320 842 0
321 385 0
321 527 0
321 828 0
321 967 0
321 994 0
323 349 0
323 416 0
323 679 0
323 870 0
324 584 0
324 699 0
324 912 0
324 960 0
325 608 0
325 906 0
327 894 0
328 951 0
331 647 0
333 550 0
334 480 0
334 641 0
334 861 0
335 556 0
335 806 0
337 366 0
337 718 0
337 911 0
337 962 0
338 959 0
339 391 0
339 619 0
339 716 0
339 927 0
341 467 0
342 417 0
344 976 0
345 947 0
347 390 0
347 584 0
347 730 0
347 941 0
349 407 0
349 671 0
351 957 0
352 653 0
352 789 0
352 958 0
353 475 0
354 714 0
354 817 0
354 836 0
355 737 0
355 897 0
355 945 0
355 952 0
356 644 0
357 371 0
357 377 0
357 821 0
357 973 0
358 752 0
359 679 0
360 506 0
360 638 0
360 677 0
360 854 0
362 587 0
363 955 0
365 433 0
365 447 0
365 471 0
365 740 0
365 983 0
367 932 0
370 947 0
372 752 0
373 423 0
374 839 0
376 902 0
378 832 0
379 644 0
379 656 0
379 752 0
379 850 0
380 451 0
380 686 0
381 460 0
381 461 0
381 733 0
381 794 0
382 548 0
382 598 0
382 996 0
383 483 0
383 499 0
383 523 0
384 453 0
384 480 0
386 988 0
387 391 0
388 636 0
388 764 0
388 908 0
390 472 0
390 951 0
391 501 0
393 430 0
394 623 0
395 552 0
396 610 0
398 628 0
398 941 0
400 491 0
400 541 0
400 834 0
401 535 0
402 720 0
403 791 0
403 844 0
403 905 0
404 955 0
405 454 0
406 547 0
406 721 0
406 743 0
406 825 0
408 535 0
409 686 0
410 744 0
412 786 0
413 517 0
413 521 0
413 906 0
414 878 0
414 889 0
415 524 0
415 617 0
415 961 0
416 659 0
416 757 0
416 805 0
417 770 0
418 522 0
418 637 0
418 870 0
419 923 0
420 803 0
423 755 0
424 693 0
424 850 0
426 859 0
427 570 0
429 472 0
429 982 0
430 667 0
430 815 0
431 668 0
431 949 0
433 498 0
433 525 0
433 811 0
435 803 0
436 802 0
437 878 0
438 547 0
438 650 0
438 884 0
438 904 0
440 809 0
442 552 0
443 664 0
444 949 0
445 520 0
445 986 0
446 978 0
447 867 0
451 649 0
451 748 0
452 647 0
453 702 0
453 932 0
454 707 0
454 754 0
454 907 0
457 475 0
458 753 0
458 788 0
459 932 0
462 490 0
462 601 0
462 629 0
463 823 0
464 512 0
464 818 0
465 620 0
465 920 0
465 936 0
466 683 0
467 488 0
467 799 0
468 922 0
469 791 0
470 803 0
471 784 0
471 792 0
471 953 0
472 502 0
474 922 0
475 636 0
475 982 0
476 537 0
476 707 0
476 777 0
476 899 0
477 974 0
478 564 0
484 938 0
484 983 0
485 672 0
485 931 0
487 786 0
492 804 0
493 764 0
494 610 0
494 681 0
494 717 0
495 583 0
496 696 0
497 823 0
499 522 0
499 710 0
500 609 0
503 730 0
503 765 0
506 681 0
506 845 0
509 665 0
511 943 0
514 537 0
514 940 0
515 783 0
516 623 0
516 965 0
518 825 0
519 767 0
520 621 0
520 964 0
522 994 0
526 868 0
528 640 0
529 765 0
530 813 0
533 959 0
534 624 0
534 798 0
535 872 0
536 652 0
537 870 0
537 974 0
540 646 0
540 734 0
542 986 0
544 764 0
544 927 0
546 587 0
547 793 0
548 588 0
548 693 0
548 935 0
549 630 0
549 647 0
549 804 0
549 937 0
550 882 0
551 815 0
551 909 0
551 926 0
552 599 0
552 722 0
553 839 0
554 606 0
554 809 0
554 889 0
555 782 0
557 764 0
559 957 0
560 791 0
562 920 0
563 935 0
564 635 0
564 735 0
565 823 0
566 976 0
567 808 0
567 897 0
569 710 0
570 617 0
570 727 0
571 685 0
572 856 0
572 876 0
572 910 0
572 916 0
573 765 0
573 983 0
577 707 0
577 771 0
579 620 0
580 591 0
580 601 0
580 634 0
580 880 0
582 743 0
583 882 0
583 924 0
583 925 0
585 644 0
586 700 0
586 827 0
587 636 0
588 894 0
590 852 0
592 871 0
595 980 0
596 620 0
597 675 0
600 702 0
601 675 0
602 943 0
604 786 0
605 783 0
606 849 0
606 875 0
609 685 0
609 726 0
609 963 0
609 982 0
613 923 0
614 923 0
615 908 0
616 928 0
617 844 0
619 672 0
619 900 0
620 750 0
623 919 0
625 693 0
625 949 0
625 959 0
627 713 0
627 734 0
627 946 0
628 809 0
629 701 0
630 706 0
630 779 0
630 785 0
631 730 0
631 837 0
632 986 0
633 710 0
635 735 0
637 653 0
637 895 0
637 897 0
639 658 0
639 695 0
639 730 0
640 866 0
641 702 0
641 887 0
642 717 0
644 901 0
646 652 0
647 685 0
649 783 0
649 980 0
652 950 0
656 841 0
656 966 0
660 694 0
661 787 0
661 991 0
662 765 0
664 772 0
664 895 0
665 697 0
668 678 0
668 937 0
672 853 0
672 957 0
674 696 0
674 850 0
674 896 0
676 928 0
678 734 0
678 906 0
679 703 0
680 845 0
681 950 0
682 991 0
683 821 0
683 967 0
684 959 0
686 741 0
686 768 0
688 717 0
689 762 0
692 873 0
692 888 0
692 969 0
693 768 0
693 815 0
694 788 0
694 995 0
696 891 0
701 936 0
704 839 0
708 965 0
711 761 0
716 778 0
720 777 0
720 860 0
721 848 0
723 897 0
723 968 0
724 769 0
724 984 0
725 814 0
725 882 0
729 976 0
731 793 0
734 767 0
734 796 0
734 944 0
735 922 0
735 937 0
740 754 0
741 936 0
742 991 0
743 747 0
744 864 0
744 884 0
746 845 0
750 852 0
752 853 0
754 894 0
754 947 0
756 793 0
758 868 0
761 796 0
761 877 0
761 895 0
762 820 0
766 802 0
766 927 0
766 955 0
769 936 0
772 782 0
772 897 0
773 802 0
775 844 0
775 889 0
780 819 0
782 821 0
787 969 0
791 881 0
793 847 0
794 855 0
802 1000 0
803 941 0
804 864 0
804 993 0
809 879 0
812 819 0
813 815 0
816 986 0
821 859 0
823 975 0
825 977 0
826 897 0
831 852 0
832 895 0
832 939 0
833 852 0
839 967 0
840 905 0
851 951 0
855 856 0
855 864 0
861 870 0
863 988 0
868 941 0
870 884 0
870 901 0
871 972 0
871 985 0
878 990 0
885 935 0
886 935 0
896 944 0
898 980 0
901 902 0
908 962 0
920 929 0
923 975 0
943 998 0
944 986 0
988 994 0
