500 534 0
1 32 0
1 87 0
1 213 0
1 267 0
2 53 0
2 57 0
2 340 0
2 479 0
3 353 0
3 378 0
3 436 0
3 457 0
4 14 0
4 82 0
5 132 0
5 133 0
5 269 0
5 305 0
6 177 0
7 149 0
7 200 0
7 204 0
7 438 0
8 137 0
8 222 0
9 163 0
9 268 0
9 318 0
9 481 0
10 437 0
11 111 0
11 139 0
11 398 0
11 477 0
12 323 0
13 324 0
14 63 0
14 418 0
14 433 0
15 205 0
16 226 0
17 366 0
18 203 0
19 65 0
19 155 0
19 165 0
19 471 0
20 61 0
20 274 0
20 351 0
20 476 0
21 314 0
22 468 0
23 478 0
24 205 0
25 207 0
25 254 0
25 274 0
25 437 0
26 263 0
27 203 0
28 237 0
29 372 0
30 241 0
31 477 0
33 410 0
34 169 0
34 371 0
34 379 0
34 405 0
35 315 0
36 480 0
37 452 0
38 167 0
39 368 0
40 326 0
41 300 0
41 431 0
42 146 0
42 418 0
43 104 0
43 167 0
43 241 0
43 424 0
44 170 0
45 264 0
45 307 0
45 423 0
45 431 0
46 375 0
47 286 0
47 312 0
47 366 0
47 413 0
48 175 0
49 275 0
49 289 0
49 344 0
49 385 0
50 57 0
50 189 0
50 297 0
50 432 0
50 482 0
51 170 0
52 56 0
53 271 0
53 410 0
53 452 0
54 410 0
55 424 0
56 133 0
56 294 0
56 496 0
57 121 0
57 373 0
57 468 0
58 101 0
58 280 0
58 475 0
58 479 0
59 102 0
59 114 0
59 160 0
59 399 0
60 199 0
61 148 0
61 346 0
61 487 0
62 413 0
64 442 0
66 106 0
66 266 0
66 334 0
66 498 0
67 121 0
67 479 0
68 247 0
69 112 0
69 176 0
69 291 0
69 308 0
70 177 0
71 170 0
71 205 0
71 239 0
71 300 0
72 242 0
73 317 0
73 431 0
74 99 0
74 406 0
74 454 0
74 488 0
75 165 0
75 183 0
75 358 0
75 384 0
76 311 0
77 351 0
78 159 0
79 111 0
80 480 0
81 84 0
82 233 0
82 261 0
83 226 0
83 245 0
83 312 0
83 315 0
84 89 0
84 304 0
84 347 0
85 248 0
86 295 0
88 306 0
90 131 0
90 136 0
90 411 0
90 451 0
90 493 0
91 100 0
91 327 0
91 374 0
91 470 0
92 314 0
93 306 0
94 121 0
95 315 0
96 145 0
97 167 0
98 219 0
102 311 0
102 367 0
102 368 0
103 478 0
104 133 0
104 210 0
104 429 0
105 137 0
105 203 0
105 398 0
105 444 0
107 179 0
108 194 0
109 228 0
110 113 0
110 254 0
111 262 0
111 439 0
113 200 0
115 186 0
116 228 0
117 351 0
118 219 0
118 367 0
118 466 0
118 473 0
119 366 0
120 245 0
121 443 0
122 282 0
123 202 0
123 239 0
123 248 0
123 310 0
124 259 0
125 215 0
126 258 0
127 263 0
128 186 0
128 224 0
128 295 0
128 329 0
129 230 0
130 209 0
130 235 0
130 433 0
130 493 0
133 324 0
134 260 0
135 138 0
137 164 0
137 178 0
138 321 0
138 434 0
138 484 0
139 238 0
139 288 0
139 370 0
140 199 0
141 415 0
142 329 0
143 366 0
144 442 0
145 265 0
145 385 0
145 389 0
145 448 0
146 382 0
146 400 0
146 453 0
147 295 0
149 296 0
149 373 0
149 456 0
150 175 0
150 218 0
151 251 0
152 254 0
153 375 0
154 326 0
156 476 0
157 310 0
158 473 0
159 168 0
159 212 0
159 459 0
161 449 0
162 194 0
162 236 0
162 352 0
162 387 0
163 242 0
165 216 0
165 259 0
165 432 0
166 466 0
167 341 0
170 359 0
171 322 0
172 174 0
172 213 0
172 217 0
172 404 0
173 323 0
175 380 0
175 390 0
175 423 0
177 234 0
177 382 0
179 330 0
179 462 0
179 498 0
180 473 0
181 323 0
182 200 0
184 186 0
185 314 0
186 206 0
187 271 0
188 230 0
189 199 0
190 352 0
191 306 0
192 413 0
193 485 0
194 348 0
194 408 0
195 387 0
196 437 0
197 259 0
198 466 0
199 459 0
200 376 0
201 351 0
202 279 0
202 301 0
202 490 0
203 391 0
204 210 0
204 347 0
204 454 0
205 455 0
206 334 0
207 244 0
207 407 0
207 497 0
208 450 0
209 252 0
209 339 0
209 340 0
210 252 0
210 312 0
211 424 0
213 236 0
213 372 0
213 492 0
214 282 0
215 256 0
215 265 0
215 479 0
216 339 0
216 457 0
216 498 0
218 226 0
219 356 0
219 380 0
220 466 0
221 410 0
222 271 0
223 477 0
224 321 0
224 470 0
224 472 0
225 300 0
226 428 0
227 273 0
228 229 0
228 385 0
230 405 0
230 445 0
230 489 0
231 352 0
232 374 0
232 387 0
233 415 0
233 451 0
235 245 0
235 278 0
235 415 0
235 450 0
236 459 0
236 472 0
237 355 0
237 357 0
237 433 0
239 340 0
239 423 0
240 278 0
241 342 0
241 393 0
242 316 0
242 402 0
242 454 0
243 476 0
244 433 0
245 292 0
245 492 0
246 450 0
247 309 0
247 364 0
247 493 0
248 392 0
248 394 0
249 444 0
250 449 0
251 381 0
251 435 0
251 481 0
252 472 0
253 276 0
253 396 0
253 411 0
253 429 0
254 284 0
255 278 0
255 439 0
257 311 0
258 333 0
258 405 0
258 420 0
259 447 0
260 308 0
260 365 0
260 441 0
261 347 0
261 422 0
261 425 0
261 461 0
263 298 0
263 459 0
267 291 0
267 352 0
270 415 0
271 469 0
272 273 0
273 397 0
273 433 0
274 339 0
274 385 0
277 424 0
278 491 0
281 329 0
282 321 0
282 360 0
283 310 0
285 375 0
286 290 0
286 335 0
286 354 0
287 299 0
287 308 0
287 325 0
287 377 0
288 300 0
293 468 0
295 445 0
300 417 0
302 449 0
303 438 0
306 423 0
308 398 0
310 474 0
311 313 0
312 382 0
314 470 0
315 395 0
317 425 0
317 458 0
317 498 0
319 326 0
319 461 0
320 478 0
321 485 0
322 412 0
322 457 0
322 463 0
323 470 0
324 426 0
324 499 0
326 493 0
328 363 0
329 419 0
331 450 0
332 363 0
336 347 0
336 350 0
336 416 0
336 494 0
337 438 0
338 452 0
339 405 0
340 398 0
343 444 0
344 406 0
345 368 0
349 420 0
352 392 0
352 483 0
361 438 0
362 473 0
363 382 0
363 427 0
367 472 0
367 481 0
368 378 0
368 403 0
369 442 0
372 401 0
372 476 0
372 495 0
375 429 0
383 485 0
386 440 0
387 388 0
409 452 0
412 430 0
413 464 0
414 468 0
421 437 0
429 449 0
430 440 0
440 446 0
440 481 0
442 479 0
444 467 0
454 478 0
457 480 0
460 485 0
462 464 0
465 476 0
477 486 0
480 500 0
