60 119 0
1 8 0
1 10 0
1 11 0
1 22 0
1 26 0
1 27 0
1 42 0
1 45 0
1 59 0
2 11 0
2 31 0
2 32 0
3 6 0
3 8 0
3 12 0
3 16 0
3 20 0
3 27 0
3 53 0
3 60 0
4 14 0
4 30 0
4 42 0
4 46 0
4 49 0
5 22 0
5 24 0
5 36 0
5 43 0
6 27 0
6 35 0
6 36 0
6 59 0
7 10 0
7 18 0
7 23 0
8 21 0
8 37 0
9 19 0
9 20 0
10 46 0
10 57 0
11 16 0
11 38 0
11 50 0
11 58 0
12 34 0
12 35 0
12 36 0
12 48 0
12 59 0
13 22 0
13 52 0
13 53 0
14 33 0
15 23 0
15 41 0
15 49 0
15 51 0
17 18 0
17 28 0
17 29 0
18 20 0
18 41 0
18 45 0
19 31 0
19 45 0
20 37 0
20 47 0
20 49 0
21 27 0
21 38 0
21 49 0
22 39 0
22 50 0
24 27 0
24 46 0
24 50 0
25 45 0
25 52 0
25 53 0
26 56 0
27 60 0
28 29 0
28 47 0
28 53 0
28 57 0
29 31 0
29 37 0
29 38 0
30 38 0
32 44 0
32 49 0
32 52 0
32 54 0
33 50 0
33 52 0
33 56 0
33 57 0
34 40 0
36 47 0
36 57 0
37 46 0
37 56 0
38 56 0
39 52 0
40 56 0
41 42 0
41 57 0
42 50 0
43 45 0
43 49 0
44 53 0
45 57 0
45 59 0
46 49 0
48 56 0
49 57 0
53 55 0
