500 534 0
1 396 0
2 37 0
3 117 0
4 365 0
4 396 0
4 467 0
4 484 0
5 8 0
6 404 0
6 431 0
6 456 0
6 472 0
7 127 0
8 380 0
8 402 0
8 468 0
9 370 0
10 13 0
10 216 0
10 423 0
10 491 0
11 450 0
12 98 0
12 187 0
12 239 0
12 249 0
12 300 0
14 211 0
14 245 0
14 339 0
14 342 0
14 371 0
15 370 0
16 23 0
16 99 0
16 371 0
16 414 0
17 327 0
18 24 0
18 96 0
18 169 0
18 436 0
19 206 0
20 30 0
20 81 0
20 164 0
20 244 0
21 344 0
22 458 0
22 484 0
25 405 0
26 34 0
27 222 0
28 467 0
29 117 0
31 139 0
32 462 0
33 179 0
33 332 0
34 162 0
34 201 0
34 322 0
35 343 0
36 166 0
36 352 0
36 380 0
36 474 0
37 278 0
37 341 0
37 489 0
38 60 0
38 159 0
38 306 0
38 458 0
39 452 0
40 348 0
41 259 0
42 104 0
42 193 0
42 379 0
42 398 0
42 471 0
43 49 0
44 141 0
44 256 0
44 385 0
44 426 0
45 375 0
46 61 0
46 153 0
46 271 0
46 291 0
47 309 0
48 56 0
48 147 0
48 290 0
48 392 0
49 50 0
49 292 0
49 312 0
51 126 0
52 168 0
53 327 0
54 177 0
55 230 0
55 435 0
57 177 0
57 390 0
57 435 0
57 460 0
58 248 0
58 310 0
58 356 0
58 472 0
59 276 0
60 65 0
60 371 0
60 398 0
61 148 0
61 441 0
61 486 0
62 80 0
62 155 0
62 197 0
62 227 0
63 90 0
63 133 0
63 447 0
63 479 0
64 163 0
64 202 0
64 228 0
64 412 0
65 182 0
65 272 0
65 365 0
66 490 0
67 267 0
68 150 0
68 314 0
68 335 0
68 411 0
69 306 0
70 241 0
70 301 0
70 350 0
70 410 0
71 165 0
71 171 0
71 173 0
71 368 0
72 223 0
73 445 0
74 135 0
74 172 0
74 336 0
74 486 0
75 90 0
75 158 0
75 189 0
75 439 0
76 390 0
77 453 0
77 484 0
78 348 0
79 334 0
81 338 0
81 365 0
81 477 0
82 494 0
83 437 0
84 226 0
85 148 0
86 92 0
86 95 0
86 132 0
86 277 0
87 98 0
87 103 0
87 241 0
87 409 0
88 159 0
89 180 0
89 293 0
90 240 0
90 296 0
91 483 0
93 181 0
94 498 0
96 297 0
96 298 0
96 307 0
97 309 0
98 118 0
100 477 0
101 109 0
101 145 0
101 228 0
101 231 0
101 353 0
101 476 0
102 452 0
105 375 0
106 175 0
107 209 0
107 312 0
107 323 0
107 337 0
108 213 0
110 435 0
111 210 0
112 467 0
113 494 0
114 366 0
114 470 0
115 149 0
115 220 0
116 149 0
117 200 0
117 315 0
118 152 0
118 174 0
118 300 0
118 463 0
119 222 0
120 452 0
121 462 0
122 223 0
123 151 0
123 340 0
123 430 0
123 475 0
124 255 0
125 143 0
125 349 0
125 363 0
125 394 0
126 389 0
126 432 0
126 475 0
127 247 0
127 371 0
127 443 0
128 307 0
128 343 0
128 450 0
128 483 0
129 195 0
130 177 0
131 240 0
132 235 0
134 303 0
134 377 0
134 398 0
134 434 0
135 273 0
135 279 0
135 378 0
136 317 0
137 175 0
138 326 0
139 197 0
139 229 0
139 383 0
140 234 0
140 294 0
140 329 0
140 445 0
140 453 0
141 259 0
141 276 0
141 460 0
142 156 0
143 261 0
143 327 0
143 365 0
144 217 0
144 220 0
144 265 0
144 312 0
145 477 0
146 366 0
148 471 0
148 485 0
149 150 0
149 413 0
150 448 0
150 480 0
151 326 0
151 425 0
151 462 0
154 168 0
156 233 0
156 315 0
156 478 0
156 481 0
157 167 0
159 235 0
159 473 0
160 389 0
160 425 0
161 498 0
167 237 0
167 428 0
167 466 0
168 215 0
168 288 0
169 435 0
170 405 0
172 274 0
172 284 0
172 427 0
175 311 0
175 419 0
176 327 0
177 301 0
177 418 0
178 290 0
178 315 0
178 423 0
178 430 0
179 461 0
180 441 0
181 190 0
181 215 0
181 362 0
182 300 0
182 346 0
182 403 0
183 441 0
184 297 0
185 405 0
186 314 0
186 336 0
188 195 0
191 321 0
192 240 0
194 313 0
195 203 0
195 368 0
196 360 0
196 399 0
197 263 0
197 460 0
198 351 0
199 445 0
204 267 0
205 461 0
206 242 0
206 318 0
206 423 0
207 210 0
208 388 0
210 218 0
210 346 0
212 298 0
213 329 0
213 386 0
213 421 0
214 308 0
214 319 0
214 340 0
214 416 0
215 307 0
215 370 0
219 417 0
221 252 0
221 372 0
221 403 0
221 464 0
222 295 0
222 475 0
223 300 0
223 313 0
223 373 0
224 338 0
225 230 0
225 339 0
225 358 0
225 376 0
225 475 0
226 232 0
226 260 0
226 277 0
228 257 0
228 395 0
233 314 0
233 437 0
236 437 0
237 375 0
237 448 0
237 461 0
238 332 0
240 496 0
241 309 0
241 401 0
243 343 0
245 259 0
246 343 0
247 427 0
250 458 0
251 272 0
251 374 0
251 376 0
251 397 0
251 430 0
253 336 0
254 263 0
255 322 0
255 328 0
255 354 0
257 380 0
257 397 0
257 472 0
258 261 0
259 493 0
261 275 0
261 289 0
262 450 0
263 330 0
263 422 0
264 390 0
266 395 0
267 403 0
267 457 0
268 338 0
269 309 0
269 355 0
270 490 0
272 401 0
272 486 0
276 360 0
276 446 0
277 296 0
277 498 0
280 334 0
281 297 0
282 344 0
283 344 0
285 450 0
286 321 0
287 441 0
290 388 0
290 405 0
292 336 0
293 340 0
293 347 0
293 433 0
296 368 0
296 397 0
297 345 0
298 442 0
298 469 0
299 483 0
299 498 0
302 395 0
304 388 0
305 461 0
306 316 0
306 482 0
307 430 0
308 427 0
312 487 0
313 325 0
313 380 0
313 499 0
315 321 0
317 333 0
317 346 0
317 444 0
320 332 0
320 429 0
321 455 0
322 351 0
322 486 0
324 390 0
326 391 0
326 454 0
329 448 0
329 490 0
331 417 0
332 423 0
334 382 0
334 398 0
336 497 0
338 451 0
340 348 0
340 433 0
341 344 0
341 445 0
341 487 0
346 399 0
348 476 0
351 367 0
351 408 0
357 370 0
357 490 0
358 477 0
359 458 0
361 435 0
364 483 0
366 400 0
366 419 0
368 417 0
369 395 0
374 467 0
375 406 0
381 445 0
384 396 0
387 480 0
388 420 0
393 417 0
396 440 0
397 487 0
399 429 0
399 495 0
401 448 0
401 460 0
403 494 0
407 480 0
415 494 0
419 452 0
419 487 0
424 480 0
425 438 0
425 492 0
430 451 0
437 472 0
449 490 0
459 462 0
465 484 0
470 483 0
477 488 0
484 500 0
