60 83 0
1 30 0
1 32 0
1 42 0
1 54 0
2 17 0
2 52 0
2 57 0
3 16 0
3 31 0
4 11 0
4 28 0
4 52 0
4 55 0
5 13 0
6 20 0
7 29 0
7 36 0
7 42 0
7 51 0
8 11 0
8 12 0
8 41 0
8 47 0
9 20 0
9 24 0
9 50 0
9 57 0
10 25 0
10 47 0
10 50 0
10 59 0
11 12 0
11 51 0
11 60 0
12 18 0
12 19 0
12 46 0
12 51 0
13 24 0
13 42 0
13 48 0
13 55 0
14 16 0
15 26 0
15 29 0
15 44 0
15 56 0
16 25 0
16 29 0
16 46 0
17 29 0
17 41 0
17 45 0
17 53 0
18 57 0
20 34 0
20 51 0
21 53 0
22 40 0
23 59 0
27 60 0
29 37 0
31 35 0
31 37 0
31 47 0
32 59 0
33 40 0
33 57 0
33 59 0
36 60 0
37 40 0
37 51 0
37 53 0
38 40 0
39 42 0
39 59 0
42 52 0
42 59 0
43 60 0
49 53 0
50 52 0
53 58 0
55 60 0
