200 244 0
1 55 0
2 90 0
3 89 0
3 113 0
3 126 0
3 139 0
4 30 0
4 93 0
4 164 0
4 171 0
5 13 0
5 14 0
5 34 0
5 38 0
6 59 0
6 132 0
6 151 0
6 182 0
7 129 0
8 26 0
9 44 0
10 96 0
10 129 0
11 14 0
11 65 0
12 123 0
13 33 0
13 136 0
13 138 0
13 140 0
14 83 0
15 19 0
15 112 0
15 151 0
15 157 0
16 23 0
16 27 0
16 44 0
16 85 0
16 138 0
16 142 0
16 156 0
17 109 0
18 43 0
18 73 0
20 117 0
21 109 0
22 153 0
23 46 0
23 76 0
24 45 0
25 116 0
26 41 0
26 64 0
26 120 0
26 159 0
27 116 0
27 163 0
28 66 0
28 125 0
28 185 0
29 32 0
29 195 0
31 71 0
32 65 0
32 87 0
32 114 0
32 126 0
33 135 0
33 150 0
33 192 0
35 64 0
35 122 0
35 161 0
35 179 0
36 45 0
37 78 0
37 158 0
37 171 0
37 175 0
39 44 0
40 117 0
41 87 0
42 183 0
43 141 0
44 115 0
44 163 0
45 158 0
45 168 0
46 183 0
47 95 0
48 125 0
48 182 0
49 136 0
50 133 0
51 115 0
51 143 0
52 141 0
53 69 0
54 69 0
55 56 0
55 119 0
55 158 0
56 119 0
56 145 0
57 121 0
58 172 0
59 63 0
59 78 0
59 93 0
59 140 0
60 79 0
61 142 0
62 125 0
63 68 0
63 106 0
63 122 0
64 198 0
65 174 0
65 182 0
65 196 0
66 156 0
67 68 0
67 83 0
67 130 0
67 145 0
68 123 0
68 183 0
69 82 0
69 88 0
69 132 0
70 73 0
71 106 0
71 124 0
71 185 0
72 91 0
72 103 0
72 170 0
72 175 0
72 200 0
73 84 0
73 94 0
73 137 0
73 182 0
74 110 0
74 171 0
75 121 0
76 95 0
76 101 0
76 131 0
76 184 0
77 142 0
78 138 0
79 112 0
79 127 0
79 134 0
79 158 0
80 121 0
80 172 0
81 156 0
84 111 0
84 120 0
84 178 0
84 197 0
85 128 0
85 147 0
85 177 0
86 133 0
88 122 0
88 146 0
88 190 0
88 194 0
90 107 0
90 191 0
90 193 0
92 116 0
94 103 0
95 102 0
95 131 0
95 166 0
96 133 0
97 153 0
97 163 0
98 123 0
99 141 0
100 117 0
104 162 0
104 173 0
105 156 0
106 143 0
106 173 0
107 140 0
107 156 0
107 172 0
108 143 0
109 171 0
109 195 0
110 122 0
110 160 0
112 156 0
116 120 0
116 199 0
117 151 0
118 167 0
120 140 0
121 124 0
121 126 0
123 170 0
124 144 0
125 151 0
126 140 0
128 171 0
129 175 0
129 189 0
131 138 0
131 167 0
132 133 0
132 169 0
136 137 0
136 152 0
141 175 0
142 148 0
143 176 0
144 173 0
149 152 0
149 153 0
153 155 0
153 182 0
154 172 0
157 164 0
159 194 0
160 169 0
162 172 0
163 171 0
163 181 0
164 189 0
165 173 0
167 188 0
167 198 0
168 187 0
169 180 0
169 186 0
182 187 0
183 187 0
