180 263 0
1 38 0
1 50 0
1 91 0
2 33 0
2 45 0
2 59 0
3 95 0
4 9 0
4 11 0
4 99 0
4 115 0
5 159 0
6 151 0
7 49 0
7 79 0
8 82 0
8 90 0
9 56 0
10 77 0
10 157 0
11 116 0
11 159 0
12 26 0
12 64 0
13 64 0
14 33 0
14 105 0
15 29 0
15 52 0
15 130 0
16 76 0
16 177 0
17 24 0
17 65 0
17 74 0
17 173 0
17 174 0
18 93 0
19 33 0
20 91 0
21 133 0
22 69 0
22 127 0
23 172 0
24 25 0
24 85 0
24 114 0
24 149 0
25 58 0
25 67 0
25 116 0
25 159 0
26 158 0
27 52 0
27 102 0
27 127 0
27 144 0
27 179 0
28 151 0
29 102 0
29 122 0
30 46 0
31 77 0
31 105 0
32 77 0
33 35 0
33 121 0
33 124 0
33 169 0
34 37 0
35 172 0
36 83 0
37 65 0
37 73 0
37 87 0
37 110 0
37 126 0
37 128 0
37 163 0
38 76 0
39 40 0
39 77 0
39 84 0
40 49 0
40 59 0
40 139 0
40 144 0
41 108 0
41 133 0
42 58 0
42 91 0
42 95 0
42 151 0
43 73 0
44 56 0
45 53 0
45 78 0
45 120 0
46 89 0
46 94 0
46 147 0
46 174 0
47 86 0
48 116 0
49 81 0
49 103 0
49 143 0
50 58 0
50 69 0
50 73 0
50 74 0
50 86 0
50 111 0
50 117 0
50 135 0
51 65 0
51 133 0
52 68 0
52 107 0
52 141 0
53 71 0
53 118 0
53 148 0
54 60 0
54 112 0
54 137 0
54 140 0
55 114 0
55 176 0
56 110 0
56 137 0
56 161 0
57 74 0
57 122 0
57 148 0
57 156 0
57 167 0
58 168 0
58 171 0
60 62 0
60 129 0
61 159 0
62 115 0
62 120 0
62 134 0
63 93 0
63 118 0
64 104 0
64 130 0
64 174 0
65 103 0
65 171 0
66 158 0
67 83 0
67 158 0
67 176 0
69 88 0
69 124 0
69 147 0
69 179 0
70 123 0
71 131 0
72 81 0
73 118 0
73 142 0
74 133 0
74 135 0
74 157 0
75 85 0
75 176 0
76 90 0
76 121 0
77 112 0
77 164 0
79 97 0
79 101 0
79 108 0
79 173 0
80 83 0
80 123 0
81 125 0
81 138 0
82 100 0
82 155 0
82 174 0
83 173 0
83 177 0
84 91 0
86 99 0
86 152 0
87 143 0
92 130 0
92 135 0
93 110 0
93 150 0
94 131 0
95 111 0
95 175 0
96 115 0
98 116 0
99 150 0
102 141 0
102 165 0
103 110 0
103 163 0
103 178 0
105 157 0
106 157 0
106 170 0
107 134 0
107 155 0
108 130 0
108 147 0
109 127 0
110 171 0
112 130 0
112 135 0
112 144 0
113 157 0
114 116 0
114 140 0
115 166 0
115 177 0
116 168 0
117 158 0
118 152 0
119 170 0
120 171 0
120 176 0
121 123 0
121 144 0
121 161 0
122 173 0
123 131 0
123 153 0
126 156 0
127 132 0
127 169 0
130 140 0
131 145 0
131 173 0
133 139 0
135 142 0
135 148 0
135 154 0
135 180 0
136 151 0
137 172 0
140 148 0
143 146 0
143 162 0
144 171 0
147 154 0
147 164 0
148 151 0
150 171 0
158 167 0
158 178 0
159 180 0
160 170 0
163 176 0
170 178 0
172 178 0
