160 237 0
1 120 0
1 160 0
2 11 0
2 13 0
2 74 0
2 80 0
2 148 0
3 65 0
3 71 0
3 103 0
4 45 0
5 65 0
5 81 0
6 107 0
6 112 0
7 13 0
7 21 0
7 48 0
7 122 0
7 133 0
8 142 0
9 33 0
9 60 0
10 58 0
10 72 0
10 114 0
11 75 0
11 134 0
12 49 0
12 112 0
13 52 0
14 79 0
15 82 0
15 129 0
15 136 0
15 151 0
16 53 0
16 72 0
16 105 0
16 110 0
17 55 0
17 131 0
17 141 0
17 157 0
18 25 0
18 56 0
19 124 0
19 129 0
20 21 0
20 51 0
20 61 0
20 68 0
20 84 0
20 144 0
21 38 0
21 61 0
21 65 0
21 130 0
22 25 0
22 46 0
22 79 0
22 105 0
23 46 0
23 56 0
24 37 0
24 102 0
25 55 0
25 63 0
25 125 0
25 156 0
26 160 0
27 81 0
28 98 0
28 153 0
29 65 0
29 142 0
30 45 0
31 48 0
31 92 0
31 158 0
32 43 0
32 62 0
32 94 0
32 123 0
32 128 0
33 136 0
34 136 0
35 72 0
35 135 0
35 142 0
36 110 0
37 72 0
37 93 0
38 98 0
38 135 0
38 159 0
39 50 0
39 77 0
40 67 0
40 142 0
41 158 0
42 52 0
42 77 0
42 88 0
42 99 0
43 137 0
44 103 0
44 136 0
44 154 0
45 85 0
45 141 0
46 92 0
46 134 0
47 50 0
47 57 0
48 54 0
49 56 0
49 100 0
49 101 0
49 126 0
49 150 0
50 74 0
50 124 0
51 105 0
51 121 0
51 151 0
52 61 0
52 91 0
52 114 0
53 69 0
53 90 0
53 121 0
54 156 0
54 158 0
56 68 0
56 71 0
56 82 0
56 142 0
57 107 0
57 125 0
58 102 0
58 138 0
59 79 0
59 134 0
60 78 0
60 139 0
60 148 0
61 124 0
62 107 0
63 91 0
64 82 0
64 126 0
66 71 0
67 90 0
67 108 0
67 144 0
67 147 0
67 155 0
68 120 0
68 160 0
70 91 0
71 97 0
71 145 0
72 140 0
72 154 0
73 76 0
73 88 0
73 106 0
73 119 0
73 144 0
74 85 0
75 81 0
77 120 0
77 134 0
79 116 0
80 122 0
81 94 0
81 132 0
82 96 0
82 146 0
83 114 0
83 118 0
83 137 0
84 114 0
86 114 0
87 120 0
88 106 0
89 93 0
90 109 0
91 118 0
91 127 0
91 138 0
93 101 0
93 106 0
93 124 0
94 151 0
94 153 0
95 113 0
95 130 0
95 148 0
95 152 0
96 127 0
99 129 0
101 137 0
101 150 0
101 153 0
102 120 0
102 127 0
102 143 0
103 107 0
104 160 0
105 140 0
105 144 0
105 148 0
106 107 0
107 111 0
107 144 0
109 129 0
109 154 0
110 138 0
110 156 0
111 129 0
112 117 0
112 141 0
115 134 0
115 160 0
116 136 0
124 158 0
127 156 0
132 140 0
137 153 0
141 146 0
141 151 0
142 155 0
144 159 0
145 153 0
149 153 0
