140 193 0
1 44 0
1 76 0
1 93 0
1 96 0
2 135 0
3 32 0
4 100 0
4 106 0
5 49 0
5 51 0
5 71 0
5 88 0
5 103 0
6 12 0
6 39 0
7 98 0
7 104 0
7 140 0
8 52 0
8 137 0
9 54 0
10 38 0
10 44 0
10 45 0
10 71 0
10 117 0
11 46 0
11 83 0
11 100 0
11 105 0
11 139 0
12 52 0
12 67 0
12 78 0
12 111 0
13 45 0
13 62 0
13 75 0
13 83 0
13 134 0
14 38 0
14 63 0
14 70 0
14 130 0
15 104 0
16 66 0
17 41 0
17 137 0
18 55 0
18 79 0
18 88 0
18 112 0
19 58 0
19 74 0
20 59 0
20 125 0
21 22 0
21 49 0
21 57 0
21 63 0
21 126 0
22 60 0
22 101 0
23 28 0
24 50 0
24 84 0
24 108 0
24 138 0
25 52 0
25 57 0
25 116 0
26 54 0
26 69 0
27 53 0
28 31 0
28 71 0
28 98 0
29 95 0
30 57 0
30 84 0
30 109 0
31 62 0
32 67 0
32 87 0
32 126 0
33 120 0
33 132 0
34 106 0
34 122 0
35 137 0
36 84 0
36 113 0
36 135 0
37 56 0
37 92 0
37 100 0
38 77 0
38 100 0
38 102 0
38 138 0
39 66 0
39 90 0
39 108 0
40 59 0
41 60 0
42 105 0
42 129 0
43 46 0
43 47 0
43 65 0
43 117 0
43 125 0
44 106 0
44 137 0
46 58 0
46 97 0
46 117 0
46 131 0
48 90 0
52 93 0
52 101 0
52 132 0
53 61 0
53 73 0
53 130 0
54 108 0
54 115 0
55 83 0
56 68 0
56 70 0
56 86 0
56 137 0
57 70 0
58 131 0
59 63 0
59 140 0
60 112 0
60 121 0
62 110 0
62 118 0
63 95 0
63 111 0
64 122 0
66 102 0
66 117 0
66 133 0
67 74 0
67 82 0
67 116 0
68 121 0
69 74 0
70 110 0
71 89 0
71 132 0
72 116 0
72 119 0
72 120 0
72 129 0
74 128 0
75 94 0
77 83 0
77 108 0
77 116 0
80 110 0
81 109 0
82 106 0
83 109 0
85 132 0
89 90 0
90 112 0
90 113 0
91 95 0
92 132 0
94 111 0
95 114 0
96 131 0
97 106 0
99 104 0
101 110 0
104 130 0
106 116 0
106 123 0
107 109 0
108 135 0
109 127 0
111 113 0
111 136 0
112 116 0
114 119 0
118 135 0
122 124 0
122 130 0
124 129 0
