600 674 0
1 373 0
2 274 0
3 162 0
3 421 0
3 564 0
3 583 0
4 95 0
4 187 0
4 572 0
5 383 0
6 261 0
7 585 0
8 251 0
8 409 0
8 572 0
8 599 0
9 57 0
10 497 0
11 166 0
11 213 0
11 447 0
11 489 0
12 115 0
12 211 0
12 346 0
12 372 0
13 60 0
14 125 0
15 556 0
16 443 0
17 40 0
17 98 0
17 377 0
17 463 0
18 91 0
18 144 0
18 249 0
18 328 0
19 179 0
20 185 0
21 124 0
22 43 0
22 128 0
22 393 0
22 583 0
23 50 0
24 574 0
25 425 0
25 463 0
25 485 0
26 527 0
27 106 0
27 440 0
27 442 0
27 465 0
28 295 0
29 329 0
30 38 0
30 53 0
30 110 0
30 492 0
31 131 0
31 153 0
31 417 0
31 554 0
32 430 0
33 361 0
34 434 0
34 437 0
34 466 0
34 537 0
35 126 0
35 345 0
35 518 0
36 471 0
37 406 0
39 356 0
40 357 0
40 383 0
40 523 0
41 42 0
41 276 0
41 439 0
41 510 0
44 221 0
44 264 0
44 354 0
44 537 0
44 538 0
45 64 0
46 462 0
47 83 0
47 114 0
47 424 0
47 458 0
48 511 0
49 86 0
49 110 0
49 220 0
49 460 0
50 136 0
50 139 0
50 553 0
51 54 0
51 342 0
51 433 0
51 485 0
51 545 0
52 54 0
52 266 0
52 295 0
52 430 0
53 458 0
53 518 0
54 87 0
54 141 0
55 71 0
55 242 0
55 308 0
55 448 0
56 599 0
57 98 0
57 315 0
57 392 0
58 198 0
59 449 0
60 176 0
60 218 0
60 370 0
61 243 0
61 452 0
61 497 0
61 585 0
62 116 0
62 167 0
62 394 0
62 426 0
63 503 0
64 133 0
64 465 0
64 531 0
65 108 0
65 181 0
65 197 0
65 555 0
66 161 0
67 112 0
68 85 0
68 197 0
68 258 0
68 451 0
68 589 0
69 146 0
70 164 0
70 290 0
70 305 0
70 324 0
71 361 0
71 477 0
71 504 0
71 552 0
72 81 0
72 123 0
72 449 0
73 572 0
74 169 0
75 192 0
75 269 0
75 338 0
75 376 0
76 154 0
76 194 0
76 340 0
76 468 0
77 171 0
78 256 0
78 274 0
78 329 0
79 587 0
80 384 0
81 232 0
81 345 0
81 400 0
81 475 0
81 594 0
82 103 0
82 110 0
82 491 0
84 367 0
85 92 0
85 103 0
87 111 0
87 123 0
87 180 0
87 382 0
87 482 0
87 486 0
87 526 0
88 243 0
89 430 0
90 240 0
91 119 0
91 444 0
92 174 0
92 427 0
92 501 0
92 558 0
93 444 0
94 418 0
95 99 0
95 142 0
95 224 0
95 439 0
96 129 0
97 198 0
98 122 0
98 524 0
100 182 0
101 551 0
102 310 0
102 365 0
102 399 0
102 417 0
102 433 0
103 323 0
103 422 0
103 434 0
104 556 0
105 382 0
107 210 0
109 491 0
110 298 0
110 506 0
111 147 0
111 467 0
112 189 0
112 420 0
112 437 0
112 570 0
113 530 0
117 464 0
118 161 0
118 175 0
118 552 0
118 574 0
119 225 0
119 340 0
119 352 0
119 476 0
120 449 0
121 167 0
121 219 0
121 280 0
121 550 0
122 237 0
122 312 0
122 398 0
123 480 0
123 520 0
123 528 0
124 132 0
124 420 0
124 439 0
124 502 0
125 212 0
125 416 0
125 519 0
126 130 0
126 494 0
126 534 0
126 598 0
127 382 0
129 291 0
129 379 0
129 386 0
129 519 0
134 182 0
134 409 0
134 462 0
134 503 0
135 346 0
135 415 0
135 419 0
135 466 0
136 198 0
136 228 0
136 319 0
137 367 0
138 200 0
140 362 0
140 482 0
140 506 0
141 227 0
141 289 0
141 368 0
141 400 0
143 530 0
144 231 0
144 378 0
144 395 0
144 417 0
144 596 0
145 357 0
146 201 0
146 285 0
146 297 0
147 152 0
147 160 0
147 352 0
147 416 0
148 347 0
149 170 0
150 572 0
151 266 0
154 263 0
154 319 0
154 485 0
154 552 0
155 362 0
156 218 0
156 479 0
156 597 0
156 600 0
157 200 0
158 165 0
158 279 0
158 369 0
158 542 0
159 367 0
161 246 0
161 500 0
163 397 0
167 170 0
167 215 0
167 522 0
168 574 0
169 311 0
169 512 0
169 539 0
170 252 0
170 517 0
171 174 0
171 339 0
171 591 0
172 585 0
173 383 0
174 296 0
174 522 0
175 180 0
175 327 0
175 580 0
177 361 0
178 503 0
179 374 0
179 446 0
179 542 0
180 194 0
182 216 0
182 322 0
183 228 0
184 551 0
185 389 0
185 412 0
185 516 0
186 471 0
187 356 0
187 511 0
187 522 0
187 566 0
188 497 0
190 256 0
191 505 0
192 468 0
192 506 0
192 590 0
193 210 0
194 249 0
194 323 0
194 328 0
194 443 0
194 448 0
194 530 0
194 535 0
195 527 0
196 217 0
197 319 0
197 347 0
198 351 0
199 470 0
200 223 0
200 283 0
200 328 0
201 438 0
201 444 0
201 545 0
202 240 0
203 244 0
203 336 0
203 377 0
203 381 0
204 470 0
205 226 0
205 250 0
205 292 0
205 519 0
206 214 0
206 236 0
206 278 0
206 352 0
206 525 0
207 559 0
208 594 0
209 419 0
210 377 0
210 584 0
215 218 0
215 261 0
217 238 0
217 283 0
217 293 0
218 348 0
218 506 0
221 232 0
221 534 0
222 304 0
227 255 0
227 371 0
227 388 0
228 300 0
228 429 0
229 265 0
229 283 0
229 593 0
230 566 0
232 270 0
232 309 0
233 251 0
234 566 0
235 266 0
239 260 0
240 447 0
240 473 0
240 496 0
241 478 0
243 363 0
243 509 0
245 594 0
247 272 0
248 438 0
249 375 0
249 568 0
251 271 0
251 294 0
253 475 0
254 582 0
256 415 0
256 507 0
257 348 0
259 559 0
260 496 0
260 565 0
260 575 0
260 578 0
261 346 0
261 385 0
262 272 0
263 265 0
263 448 0
263 519 0
263 542 0
265 418 0
265 556 0
265 559 0
266 277 0
267 418 0
268 329 0
272 447 0
272 514 0
273 357 0
274 278 0
274 419 0
274 454 0
275 511 0
278 488 0
281 471 0
282 362 0
283 397 0
283 535 0
284 511 0
286 444 0
287 368 0
288 289 0
289 379 0
289 504 0
295 481 0
295 569 0
296 358 0
296 459 0
296 513 0
298 366 0
298 380 0
298 408 0
298 482 0
299 364 0
299 455 0
299 508 0
299 526 0
301 357 0
302 477 0
303 556 0
304 305 0
304 350 0
304 428 0
305 342 0
305 527 0
306 599 0
307 493 0
313 559 0
314 368 0
316 444 0
316 458 0
316 493 0
317 397 0
318 348 0
319 512 0
320 524 0
321 347 0
323 495 0
325 418 0
326 505 0
328 440 0
328 594 0
329 465 0
329 557 0
330 373 0
331 467 0
332 593 0
333 495 0
334 464 0
335 383 0
335 417 0
335 582 0
337 449 0
340 452 0
341 462 0
342 465 0
342 516 0
343 582 0
344 478 0
345 352 0
345 439 0
345 463 0
346 495 0
347 496 0
348 349 0
353 505 0
355 468 0
356 461 0
356 521 0
359 475 0
360 590 0
361 387 0
362 434 0
367 516 0
368 548 0
373 490 0
373 565 0
377 406 0
379 458 0
382 596 0
383 528 0
384 415 0
384 483 0
384 515 0
390 491 0
391 551 0
396 566 0
397 563 0
400 495 0
401 518 0
402 417 0
402 462 0
402 582 0
403 445 0
404 419 0
405 493 0
406 456 0
406 592 0
407 523 0
409 425 0
409 447 0
410 430 0
411 445 0
413 524 0
414 467 0
415 593 0
416 556 0
417 545 0
420 590 0
423 443 0
425 452 0
425 535 0
430 440 0
431 590 0
432 523 0
433 464 0
434 582 0
435 593 0
436 518 0
437 518 0
437 587 0
438 528 0
438 576 0
441 474 0
443 581 0
445 450 0
445 512 0
449 534 0
452 458 0
452 534 0
453 497 0
455 464 0
455 493 0
455 545 0
457 470 0
458 467 0
458 561 0
463 506 0
466 485 0
466 522 0
467 482 0
468 547 0
469 495 0
470 537 0
471 512 0
472 599 0
474 536 0
474 583 0
474 588 0
475 549 0
477 532 0
477 579 0
478 499 0
478 516 0
484 523 0
486 504 0
486 567 0
486 571 0
486 595 0
487 524 0
488 529 0
488 542 0
488 586 0
491 565 0
496 581 0
498 561 0
503 546 0
505 537 0
511 546 0
522 546 0
526 530 0
527 562 0
530 543 0
533 561 0
534 551 0
535 565 0
540 561 0
541 587 0
544 585 0
552 583 0
560 582 0
573 574 0
577 587 0
583 596 0
