80 147 0
1 9 0
1 25 0
1 29 0
1 35 0
1 70 0
1 78 0
2 3 0
2 12 0
3 5 0
3 16 0
3 19 0
3 62 0
4 18 0
4 26 0
5 37 0
5 61 0
5 66 0
5 69 0
6 14 0
6 23 0
7 17 0
7 28 0
7 62 0
7 69 0
8 48 0
9 72 0
10 31 0
10 57 0
11 16 0
11 19 0
11 20 0
12 45 0
13 16 0
13 29 0
13 34 0
13 46 0
13 60 0
13 66 0
13 76 0
14 36 0
14 37 0
14 50 0
14 57 0
14 72 0
14 79 0
15 37 0
15 74 0
16 18 0
16 37 0
16 48 0
17 21 0
17 28 0
17 32 0
18 43 0
18 46 0
18 53 0
18 54 0
18 56 0
18 57 0
18 70 0
19 20 0
19 30 0
19 44 0
19 49 0
19 76 0
20 26 0
21 37 0
21 39 0
21 41 0
21 50 0
21 68 0
22 31 0
22 69 0
22 76 0
23 31 0
24 30 0
26 28 0
26 29 0
26 34 0
26 61 0
26 67 0
26 74 0
27 32 0
28 47 0
28 77 0
28 78 0
29 45 0
29 66 0
29 69 0
30 37 0
30 59 0
30 63 0
31 56 0
31 58 0
31 76 0
32 51 0
32 52 0
32 56 0
32 65 0
33 67 0
34 38 0
34 56 0
35 44 0
36 43 0
36 50 0
37 64 0
38 42 0
38 64 0
38 80 0
39 73 0
40 80 0
41 48 0
42 51 0
42 54 0
42 71 0
42 72 0
43 69 0
43 77 0
44 64 0
44 75 0
45 57 0
45 60 0
45 79 0
46 64 0
46 74 0
47 52 0
48 62 0
48 73 0
49 57 0
49 64 0
49 74 0
50 73 0
50 75 0
53 75 0
54 55 0
55 67 0
55 75 0
56 58 0
58 68 0
61 67 0
64 67 0
64 78 0
65 72 0
68 74 0
72 79 0
72 80 0
75 80 0
