450 614 0
1 90 0
1 91 0
2 152 0
2 279 0
2 298 0
2 392 0
2 395 0
3 339 0
4 212 0
4 375 0
5 113 0
6 206 0
7 152 0
7 409 0
8 181 0
9 275 0
10 77 0
11 168 0
11 198 0
11 245 0
11 248 0
11 257 0
12 256 0
13 58 0
13 208 0
13 218 0
13 267 0
13 367 0
14 141 0
14 218 0
14 221 0
14 300 0
15 20 0
15 55 0
15 259 0
15 270 0
15 363 0
16 213 0
16 317 0
16 328 0
16 350 0
17 285 0
17 316 0
17 337 0
17 351 0
17 373 0
18 399 0
19 243 0
19 328 0
21 166 0
21 314 0
21 404 0
22 209 0
22 254 0
22 310 0
22 325 0
22 388 0
23 59 0
23 200 0
23 240 0
23 311 0
23 443 0
24 31 0
24 42 0
24 119 0
24 306 0
24 404 0
25 224 0
26 301 0
27 101 0
27 340 0
27 355 0
27 435 0
28 66 0
28 186 0
28 279 0
28 420 0
29 134 0
29 219 0
29 244 0
29 270 0
29 371 0
30 53 0
31 125 0
32 69 0
32 82 0
32 204 0
32 379 0
32 393 0
33 256 0
34 145 0
35 227 0
35 301 0
35 394 0
36 380 0
36 424 0
37 121 0
37 252 0
37 352 0
37 404 0
37 434 0
38 283 0
39 216 0
39 347 0
40 271 0
40 366 0
41 52 0
41 399 0
41 435 0
42 120 0
42 291 0
42 303 0
42 345 0
43 249 0
44 149 0
45 152 0
45 444 0
46 395 0
47 83 0
47 85 0
47 189 0
47 292 0
47 345 0
48 394 0
49 53 0
49 67 0
49 164 0
49 212 0
49 444 0
50 113 0
50 336 0
51 226 0
51 355 0
52 98 0
53 80 0
53 187 0
53 331 0
53 363 0
54 431 0
54 435 0
55 77 0
55 122 0
56 105 0
56 234 0
56 395 0
57 407 0
59 159 0
60 312 0
61 113 0
62 156 0
63 208 0
63 240 0
63 269 0
63 272 0
63 316 0
64 375 0
65 195 0
65 298 0
66 232 0
66 302 0
66 357 0
66 411 0
68 260 0
69 125 0
69 315 0
69 319 0
69 415 0
70 442 0
71 394 0
72 186 0
72 255 0
73 175 0
74 257 0
74 355 0
75 144 0
75 287 0
75 289 0
75 445 0
76 384 0
77 88 0
77 155 0
77 338 0
77 379 0
78 225 0
78 252 0
78 279 0
78 343 0
79 166 0
80 383 0
81 99 0
81 112 0
81 141 0
81 183 0
81 322 0
81 330 0
83 214 0
83 262 0
83 382 0
84 130 0
84 143 0
84 265 0
84 443 0
85 123 0
85 449 0
86 174 0
86 252 0
86 260 0
86 262 0
86 323 0
86 382 0
87 392 0
88 188 0
89 203 0
90 175 0
90 234 0
90 386 0
91 244 0
91 342 0
91 409 0
92 137 0
92 211 0
92 297 0
92 432 0
93 133 0
93 375 0
93 421 0
94 101 0
95 172 0
96 102 0
96 216 0
97 116 0
97 258 0
98 110 0
98 370 0
98 379 0
99 160 0
100 160 0
101 253 0
101 368 0
102 127 0
102 187 0
102 229 0
102 244 0
103 125 0
103 224 0
104 235 0
104 296 0
104 391 0
105 315 0
105 380 0
106 122 0
106 381 0
107 339 0
108 122 0
108 375 0
109 246 0
109 247 0
109 293 0
109 399 0
109 414 0
109 439 0
111 144 0
111 157 0
111 257 0
111 433 0
112 427 0
113 257 0
113 336 0
114 398 0
115 216 0
116 378 0
116 443 0
116 447 0
117 185 0
117 283 0
117 312 0
117 394 0
118 287 0
118 312 0
119 231 0
119 336 0
119 349 0
121 215 0
121 280 0
121 362 0
122 358 0
122 426 0
123 243 0
123 249 0
123 399 0
123 415 0
124 236 0
125 179 0
126 384 0
128 301 0
129 246 0
129 262 0
129 378 0
130 379 0
131 304 0
132 265 0
132 439 0
133 156 0
135 144 0
135 196 0
135 228 0
135 325 0
135 427 0
136 185 0
136 416 0
137 156 0
138 317 0
138 436 0
139 188 0
140 315 0
140 344 0
142 407 0
143 331 0
143 381 0
144 216 0
144 356 0
145 151 0
145 193 0
145 195 0
145 437 0
146 309 0
147 218 0
147 446 0
148 263 0
148 333 0
148 439 0
149 221 0
149 337 0
149 413 0
150 404 0
152 164 0
152 421 0
153 347 0
154 309 0
156 158 0
156 221 0
156 267 0
157 235 0
157 304 0
157 347 0
159 188 0
159 343 0
159 442 0
159 446 0
160 264 0
160 321 0
160 350 0
161 304 0
162 260 0
163 434 0
164 166 0
164 290 0
164 332 0
165 319 0
165 352 0
166 237 0
166 298 0
166 398 0
167 192 0
167 283 0
169 243 0
170 356 0
171 181 0
172 254 0
172 324 0
172 400 0
172 429 0
173 435 0
173 437 0
174 180 0
174 274 0
174 304 0
175 278 0
175 297 0
175 395 0
176 382 0
177 347 0
178 290 0
180 356 0
181 205 0
181 366 0
181 427 0
182 442 0
184 239 0
184 257 0
184 297 0
184 379 0
184 386 0
185 283 0
186 251 0
186 281 0
188 214 0
188 258 0
189 241 0
189 313 0
189 380 0
190 352 0
191 382 0
192 406 0
193 271 0
193 340 0
193 366 0
193 372 0
194 211 0
194 261 0
194 263 0
194 334 0
194 377 0
194 401 0
194 433 0
195 231 0
195 273 0
195 431 0
197 243 0
198 199 0
198 203 0
198 415 0
198 416 0
199 360 0
199 385 0
199 430 0
200 310 0
201 274 0
201 338 0
201 381 0
201 427 0
202 246 0
202 249 0
203 305 0
203 344 0
203 377 0
204 205 0
204 216 0
204 278 0
205 210 0
206 208 0
206 242 0
206 251 0
206 314 0
207 390 0
208 217 0
208 444 0
210 449 0
212 294 0
214 242 0
214 299 0
214 316 0
214 359 0
216 249 0
216 353 0
216 400 0
217 257 0
217 363 0
217 443 0
220 275 0
221 332 0
222 227 0
222 384 0
223 390 0
224 227 0
224 295 0
224 330 0
225 302 0
225 349 0
226 309 0
227 266 0
228 448 0
229 230 0
230 356 0
231 398 0
231 407 0
233 407 0
234 372 0
235 294 0
235 396 0
235 448 0
236 254 0
236 277 0
236 377 0
236 392 0
238 244 0
238 282 0
239 394 0
240 257 0
240 307 0
240 362 0
241 250 0
241 296 0
241 333 0
242 364 0
242 416 0
244 340 0
246 315 0
248 250 0
249 268 0
252 316 0
252 320 0
254 279 0
254 417 0
254 442 0
255 319 0
256 286 0
256 297 0
257 283 0
257 302 0
260 365 0
262 288 0
262 378 0
262 417 0
262 431 0
263 383 0
263 422 0
263 426 0
266 275 0
271 440 0
271 441 0
272 293 0
275 386 0
276 355 0
282 366 0
282 369 0
282 408 0
283 336 0
283 338 0
284 398 0
289 318 0
289 450 0
290 335 0
290 341 0
290 419 0
290 448 0
294 303 0
294 439 0
295 400 0
301 336 0
302 313 0
302 415 0
306 387 0
306 397 0
306 428 0
307 341 0
307 446 0
308 352 0
308 355 0
309 330 0
310 320 0
312 316 0
313 330 0
313 350 0
313 353 0
315 450 0
318 380 0
318 389 0
319 403 0
320 436 0
321 352 0
323 398 0
326 379 0
326 434 0
327 420 0
329 442 0
332 349 0
332 426 0
339 404 0
339 425 0
339 426 0
340 349 0
340 368 0
343 366 0
343 427 0
346 382 0
348 420 0
350 375 0
352 442 0
353 392 0
354 436 0
355 397 0
357 387 0
361 372 0
363 439 0
364 404 0
366 394 0
366 395 0
366 436 0
372 418 0
374 416 0
376 395 0
383 409 0
384 433 0
386 393 0
386 416 0
386 449 0
389 420 0
390 399 0
391 449 0
392 438 0
396 406 0
402 416 0
402 422 0
405 446 0
406 424 0
406 433 0
406 440 0
410 449 0
412 439 0
419 439 0
423 434 0
427 447 0
430 438 0
