800 1017 0
1 246 0
1 431 0
1 443 0
1 518 0
1 689 0
1 703 0
2 39 0
2 209 0
2 266 0
2 752 0
3 315 0
3 545 0
3 770 0
4 659 0
5 269 0
6 255 0
7 465 0
8 101 0
8 303 0
8 306 0
8 514 0
9 36 0
9 143 0
9 545 0
9 573 0
9 684 0
9 694 0
10 618 0
11 14 0
11 24 0
11 96 0
11 243 0
11 282 0
11 285 0
11 508 0
12 20 0
12 208 0
12 368 0
12 421 0
13 735 0
15 55 0
15 361 0
15 413 0
15 705 0
16 83 0
16 283 0
16 338 0
17 304 0
18 738 0
19 147 0
19 164 0
19 298 0
19 680 0
20 521 0
20 612 0
20 663 0
21 54 0
21 223 0
21 231 0
21 239 0
21 381 0
21 486 0
21 703 0
21 745 0
21 789 0
22 87 0
22 353 0
22 386 0
22 397 0
22 679 0
23 247 0
23 252 0
23 339 0
23 449 0
23 651 0
24 491 0
24 616 0
25 449 0
26 606 0
27 45 0
27 180 0
27 592 0
28 55 0
28 245 0
28 404 0
28 568 0
29 215 0
29 467 0
29 559 0
29 754 0
29 767 0
30 175 0
30 186 0
30 433 0
30 445 0
31 332 0
32 387 0
32 518 0
32 627 0
33 117 0
33 194 0
33 294 0
33 346 0
33 423 0
33 479 0
33 609 0
34 115 0
34 142 0
34 249 0
34 352 0
35 332 0
36 508 0
36 586 0
37 167 0
37 168 0
37 550 0
38 644 0
40 320 0
41 137 0
41 325 0
41 367 0
41 514 0
42 297 0
43 48 0
44 744 0
45 106 0
45 130 0
45 135 0
45 203 0
45 749 0
46 322 0
47 499 0
47 539 0
47 624 0
47 667 0
48 66 0
48 268 0
48 329 0
49 341 0
50 134 0
50 431 0
50 626 0
50 683 0
51 361 0
52 432 0
53 318 0
53 366 0
53 630 0
53 773 0
54 300 0
54 550 0
54 610 0
55 99 0
55 467 0
56 338 0
56 379 0
56 606 0
57 449 0
58 493 0
59 247 0
60 153 0
60 191 0
60 242 0
60 532 0
60 666 0
60 761 0
61 255 0
61 368 0
61 465 0
61 487 0
61 681 0
62 413 0
63 83 0
64 715 0
65 678 0
66 178 0
66 213 0
66 230 0
66 336 0
66 559 0
66 602 0
67 377 0
67 430 0
67 437 0
67 456 0
68 136 0
69 299 0
69 464 0
69 520 0
69 524 0
70 156 0
70 178 0
70 262 0
70 550 0
71 74 0
71 463 0
71 657 0
71 662 0
72 404 0
73 381 0
73 421 0
73 712 0
75 134 0
76 213 0
77 726 0
78 212 0
78 272 0
78 429 0
78 535 0
78 562 0
78 652 0
78 781 0
79 715 0
80 131 0
80 140 0
80 317 0
80 527 0
80 649 0
81 126 0
81 190 0
81 390 0
81 591 0
82 398 0
83 684 0
83 700 0
84 277 0
85 105 0
85 149 0
85 296 0
85 770 0
86 572 0
87 223 0
87 410 0
87 722 0
88 271 0
89 379 0
90 218 0
90 430 0
90 598 0
90 736 0
91 165 0
91 605 0
91 762 0
91 763 0
92 339 0
92 461 0
92 644 0
93 168 0
93 431 0
93 647 0
93 739 0
94 160 0
95 114 0
95 281 0
95 352 0
95 427 0
96 602 0
96 737 0
97 402 0
98 578 0
99 168 0
99 295 0
99 301 0
100 421 0
101 248 0
101 292 0
101 783 0
102 132 0
102 394 0
102 606 0
102 628 0
103 602 0
104 301 0
104 492 0
104 780 0
105 568 0
105 661 0
105 776 0
107 614 0
108 571 0
109 361 0
109 592 0
109 696 0
110 692 0
111 555 0
112 773 0
113 466 0
116 279 0
116 515 0
116 541 0
116 576 0
116 642 0
117 320 0
117 776 0
118 252 0
119 355 0
119 418 0
119 442 0
119 478 0
120 300 0
120 324 0
120 461 0
120 618 0
121 151 0
121 247 0
121 307 0
122 371 0
123 126 0
123 396 0
123 589 0
124 283 0
125 255 0
126 149 0
126 156 0
126 188 0
127 139 0
128 466 0
128 480 0
128 651 0
129 503 0
130 295 0
130 350 0
130 466 0
131 276 0
131 315 0
131 696 0
132 645 0
132 716 0
132 753 0
132 769 0
133 265 0
134 407 0
134 551 0
136 436 0
136 504 0
136 559 0
136 595 0
138 692 0
139 151 0
139 248 0
139 514 0
139 707 0
139 760 0
141 286 0
141 371 0
141 683 0
143 503 0
143 644 0
144 191 0
144 384 0
144 538 0
144 656 0
144 660 0
145 570 0
146 589 0
148 689 0
149 439 0
149 648 0
149 707 0
150 224 0
151 271 0
151 419 0
151 689 0
152 661 0
154 423 0
154 481 0
154 548 0
154 688 0
154 724 0
155 366 0
156 279 0
156 352 0
156 417 0
157 246 0
158 571 0
159 415 0
159 495 0
159 684 0
159 796 0
160 471 0
160 607 0
160 673 0
161 225 0
161 229 0
161 396 0
162 248 0
162 338 0
162 492 0
163 373 0
163 377 0
163 521 0
163 527 0
163 682 0
163 721 0
164 382 0
164 533 0
164 628 0
166 387 0
167 258 0
167 628 0
167 681 0
167 707 0
168 174 0
168 197 0
169 224 0
169 286 0
169 371 0
169 638 0
170 286 0
171 249 0
171 283 0
171 448 0
171 773 0
172 191 0
172 350 0
172 602 0
173 315 0
173 341 0
173 371 0
174 261 0
174 659 0
176 480 0
177 547 0
178 388 0
178 392 0
178 594 0
179 746 0
180 291 0
180 472 0
180 589 0
180 658 0
180 711 0
180 774 0
181 308 0
181 344 0
181 485 0
181 709 0
182 557 0
183 278 0
183 372 0
183 475 0
183 741 0
184 465 0
185 510 0
187 239 0
187 349 0
187 627 0
188 330 0
188 353 0
188 740 0
189 711 0
191 269 0
191 377 0
191 438 0
191 596 0
192 549 0
193 696 0
195 800 0
196 376 0
196 552 0
196 600 0
196 658 0
197 276 0
197 638 0
197 774 0
198 568 0
199 705 0
200 304 0
201 385 0
201 392 0
201 459 0
201 675 0
202 221 0
203 422 0
203 613 0
203 614 0
204 229 0
204 295 0
204 633 0
204 636 0
204 768 0
205 257 0
206 366 0
207 260 0
208 277 0
208 344 0
210 284 0
211 776 0
213 353 0
213 416 0
213 672 0
214 592 0
216 533 0
217 731 0
219 275 0
220 581 0
221 314 0
221 529 0
221 620 0
222 466 0
223 253 0
223 410 0
223 528 0
223 642 0
224 313 0
224 364 0
224 381 0
224 534 0
225 270 0
225 335 0
225 386 0
225 703 0
226 633 0
227 678 0
228 382 0
229 319 0
229 490 0
230 449 0
230 589 0
231 405 0
231 636 0
231 742 0
231 771 0
232 333 0
232 561 0
232 603 0
232 650 0
233 452 0
234 461 0
234 568 0
234 605 0
235 744 0
236 691 0
237 685 0
238 291 0
239 349 0
239 381 0
239 626 0
240 341 0
241 387 0
241 394 0
241 651 0
242 349 0
242 361 0
244 365 0
244 467 0
244 470 0
244 652 0
245 435 0
245 699 0
245 725 0
246 526 0
246 588 0
246 751 0
247 359 0
247 619 0
248 413 0
249 596 0
250 316 0
250 340 0
250 720 0
250 781 0
251 493 0
252 500 0
252 629 0
254 441 0
254 603 0
254 631 0
254 660 0
255 687 0
256 301 0
256 510 0
256 635 0
256 735 0
257 548 0
257 637 0
257 745 0
257 754 0
258 520 0
258 627 0
258 782 0
259 635 0
260 266 0
260 323 0
260 438 0
260 583 0
260 716 0
261 284 0
261 352 0
261 486 0
261 658 0
262 327 0
262 605 0
262 781 0
262 789 0
263 748 0
264 503 0
265 328 0
265 520 0
265 607 0
265 788 0
266 480 0
266 628 0
266 642 0
267 452 0
269 448 0
269 710 0
269 745 0
271 340 0
271 411 0
271 450 0
271 575 0
272 388 0
272 430 0
272 685 0
273 292 0
274 324 0
275 383 0
275 603 0
275 783 0
275 798 0
276 473 0
276 514 0
277 436 0
277 505 0
277 737 0
278 396 0
278 693 0
279 368 0
279 422 0
280 768 0
282 387 0
282 671 0
283 380 0
283 400 0
283 454 0
284 344 0
284 643 0
286 409 0
286 412 0
287 350 0
288 722 0
289 432 0
290 322 0
291 293 0
291 370 0
291 702 0
292 577 0
292 785 0
292 791 0
295 603 0
296 338 0
296 458 0
296 471 0
296 502 0
297 412 0
297 433 0
297 443 0
297 582 0
300 380 0
300 684 0
301 479 0
301 481 0
301 508 0
301 526 0
302 332 0
303 364 0
303 603 0
304 355 0
304 482 0
304 569 0
305 387 0
307 327 0
307 345 0
307 734 0
309 586 0
310 404 0
311 348 0
311 508 0
311 622 0
311 690 0
312 398 0
315 460 0
315 558 0
317 636 0
317 722 0
318 336 0
318 468 0
318 521 0
318 575 0
320 327 0
320 338 0
320 546 0
321 350 0
322 414 0
322 475 0
324 334 0
324 481 0
324 793 0
326 773 0
327 722 0
331 685 0
332 471 0
336 503 0
337 402 0
338 379 0
339 344 0
339 433 0
339 468 0
340 647 0
341 473 0
341 737 0
341 755 0
342 491 0
343 586 0
344 421 0
347 555 0
349 397 0
349 467 0
349 625 0
350 446 0
351 494 0
351 507 0
351 594 0
351 792 0
352 570 0
354 533 0
355 647 0
355 780 0
356 800 0
357 432 0
357 644 0
357 691 0
358 493 0
360 432 0
360 537 0
360 632 0
360 638 0
361 604 0
362 696 0
363 376 0
363 516 0
363 764 0
363 766 0
364 632 0
364 800 0
366 420 0
368 379 0
368 635 0
369 632 0
371 772 0
372 380 0
372 527 0
374 486 0
375 422 0
375 475 0
375 634 0
375 727 0
376 609 0
376 681 0
376 776 0
378 592 0
379 627 0
380 693 0
380 712 0
382 525 0
382 599 0
382 677 0
386 739 0
386 800 0
387 417 0
388 429 0
388 533 0
389 547 0
391 670 0
392 549 0
392 653 0
393 606 0
394 544 0
394 597 0
395 661 0
396 499 0
396 609 0
396 758 0
397 696 0
398 473 0
398 512 0
399 623 0
401 581 0
402 541 0
402 574 0
403 501 0
404 704 0
406 671 0
408 722 0
410 570 0
412 533 0
413 660 0
413 664 0
413 765 0
417 592 0
417 616 0
419 466 0
419 777 0
421 702 0
421 754 0
421 772 0
421 775 0
423 692 0
424 615 0
425 578 0
426 570 0
428 448 0
428 606 0
428 780 0
429 711 0
430 555 0
430 647 0
431 448 0
431 662 0
432 448 0
432 532 0
433 659 0
434 487 0
436 638 0
436 706 0
438 726 0
440 537 0
443 468 0
444 518 0
447 635 0
449 621 0
451 797 0
452 594 0
452 676 0
452 772 0
453 712 0
455 671 0
457 571 0
461 743 0
461 756 0
462 630 0
465 507 0
465 750 0
468 550 0
468 596 0
469 618 0
469 626 0
469 781 0
471 596 0
472 562 0
472 726 0
473 678 0
474 632 0
475 701 0
475 739 0
476 693 0
477 618 0
479 513 0
479 748 0
480 540 0
480 651 0
480 698 0
483 735 0
484 712 0
486 569 0
486 613 0
486 702 0
486 728 0
487 560 0
487 639 0
488 691 0
489 685 0
491 587 0
491 782 0
492 499 0
492 794 0
493 543 0
496 513 0
496 783 0
496 797 0
497 606 0
498 568 0
499 774 0
501 669 0
501 719 0
501 782 0
503 594 0
506 706 0
507 602 0
508 661 0
509 537 0
510 556 0
510 601 0
511 616 0
513 697 0
513 723 0
514 562 0
517 731 0
518 579 0
518 584 0
519 537 0
520 586 0
521 746 0
522 589 0
523 578 0
526 549 0
527 780 0
529 557 0
529 644 0
529 739 0
530 623 0
531 738 0
532 693 0
533 569 0
534 653 0
534 726 0
536 797 0
541 681 0
541 685 0
542 706 0
543 596 0
543 670 0
543 726 0
545 652 0
545 653 0
545 776 0
547 665 0
547 782 0
547 783 0
548 613 0
548 647 0
548 671 0
549 646 0
553 630 0
554 746 0
555 701 0
555 779 0
557 728 0
557 747 0
560 691 0
560 715 0
562 705 0
563 644 0
564 738 0
565 616 0
566 777 0
567 777 0
571 577 0
571 718 0
572 605 0
572 729 0
572 787 0
575 581 0
575 777 0
577 691 0
577 774 0
578 627 0
580 614 0
581 708 0
585 693 0
586 700 0
586 732 0
590 711 0
593 712 0
596 677 0
605 731 0
607 615 0
608 616 0
610 615 0
610 715 0
610 744 0
611 776 0
613 768 0
614 662 0
615 692 0
615 786 0
617 748 0
618 716 0
623 627 0
623 640 0
626 757 0
630 789 0
632 730 0
633 717 0
633 770 0
635 737 0
636 683 0
641 683 0
651 689 0
653 799 0
654 670 0
655 705 0
659 677 0
662 797 0
668 678 0
670 695 0
674 696 0
686 797 0
700 702 0
701 786 0
706 778 0
713 768 0
714 780 0
715 733 0
718 746 0
718 800 0
722 759 0
728 797 0
731 790 0
735 795 0
738 781 0
739 796 0
744 784 0
748 783 0
770 781 0
782 796 0
