350 492 0
1 81 0
1 121 0
1 122 0
1 145 0
1 196 0
2 55 0
2 136 0
2 140 0
2 191 0
3 31 0
3 68 0
3 143 0
3 249 0
3 315 0
4 64 0
4 270 0
4 272 0
4 338 0
5 64 0
5 89 0
5 304 0
5 311 0
6 57 0
6 162 0
6 223 0
6 301 0
7 346 0
8 24 0
8 336 0
9 78 0
9 243 0
9 251 0
10 96 0
10 318 0
11 96 0
11 103 0
11 225 0
11 330 0
12 134 0
12 145 0
12 146 0
12 271 0
13 164 0
13 199 0
13 215 0
13 331 0
14 71 0
14 124 0
14 169 0
14 293 0
14 314 0
15 188 0
15 299 0
16 33 0
16 107 0
16 156 0
16 191 0
16 223 0
16 273 0
17 241 0
18 141 0
18 211 0
19 28 0
19 34 0
19 114 0
20 85 0
20 245 0
21 52 0
21 162 0
21 172 0
22 37 0
22 168 0
22 183 0
23 300 0
24 279 0
24 290 0
24 317 0
25 103 0
25 161 0
25 254 0
25 269 0
26 311 0
26 325 0
26 347 0
27 174 0
28 103 0
28 104 0
28 269 0
29 126 0
29 321 0
30 108 0
31 252 0
31 270 0
32 64 0
32 122 0
32 161 0
32 162 0
32 331 0
33 174 0
33 179 0
33 181 0
33 296 0
34 69 0
34 148 0
34 186 0
34 231 0
34 236 0
35 296 0
35 340 0
36 328 0
37 156 0
37 166 0
37 200 0
37 222 0
37 240 0
38 118 0
39 325 0
40 127 0
40 244 0
41 214 0
41 233 0
41 309 0
41 350 0
42 189 0
43 206 0
44 169 0
44 330 0
45 57 0
45 63 0
45 292 0
46 127 0
47 142 0
47 242 0
47 254 0
47 299 0
48 137 0
48 139 0
48 185 0
48 320 0
49 117 0
49 269 0
49 325 0
49 346 0
50 104 0
51 74 0
51 104 0
52 188 0
52 267 0
52 313 0
52 350 0
53 301 0
53 306 0
54 112 0
54 215 0
54 287 0
54 304 0
55 103 0
56 65 0
56 70 0
57 256 0
57 260 0
57 323 0
58 115 0
58 299 0
59 226 0
59 272 0
60 305 0
61 176 0
61 233 0
62 98 0
63 190 0
64 105 0
64 345 0
65 74 0
65 76 0
65 297 0
66 115 0
66 122 0
66 274 0
66 320 0
67 78 0
68 74 0
68 113 0
68 162 0
68 212 0
68 223 0
68 307 0
69 94 0
69 137 0
69 209 0
69 261 0
69 317 0
70 145 0
70 219 0
70 235 0
70 335 0
71 83 0
72 338 0
73 223 0
74 88 0
74 207 0
74 322 0
75 215 0
76 101 0
76 155 0
76 278 0
77 94 0
78 170 0
78 208 0
78 287 0
78 298 0
78 312 0
79 268 0
80 266 0
81 289 0
81 329 0
82 142 0
82 184 0
82 229 0
83 107 0
83 126 0
83 141 0
83 169 0
83 284 0
84 142 0
84 263 0
85 106 0
85 123 0
85 125 0
85 291 0
86 98 0
86 183 0
86 328 0
86 331 0
87 108 0
88 350 0
89 147 0
89 265 0
89 306 0
89 343 0
90 117 0
91 211 0
91 225 0
92 127 0
93 105 0
93 131 0
93 184 0
93 186 0
93 281 0
93 320 0
94 283 0
94 333 0
95 304 0
96 111 0
96 132 0
97 176 0
98 122 0
98 169 0
98 332 0
99 164 0
99 233 0
100 229 0
100 266 0
102 111 0
102 276 0
103 169 0
103 200 0
104 169 0
104 230 0
105 126 0
105 243 0
105 326 0
107 137 0
107 161 0
107 317 0
108 243 0
108 261 0
108 273 0
108 318 0
108 332 0
109 191 0
109 311 0
110 226 0
110 287 0
110 288 0
110 334 0
110 337 0
111 137 0
112 338 0
113 227 0
114 270 0
114 305 0
115 161 0
115 261 0
116 252 0
116 268 0
117 144 0
117 238 0
118 154 0
118 200 0
118 302 0
119 158 0
119 328 0
120 223 0
121 122 0
122 220 0
125 137 0
125 206 0
125 241 0
126 157 0
126 160 0
126 308 0
127 191 0
128 203 0
129 256 0
130 199 0
131 181 0
133 223 0
135 192 0
135 237 0
137 160 0
137 168 0
137 303 0
138 237 0
139 201 0
139 224 0
139 297 0
141 178 0
142 310 0
145 254 0
145 284 0
145 307 0
146 215 0
146 239 0
147 310 0
148 176 0
149 268 0
150 275 0
151 272 0
152 282 0
153 190 0
155 203 0
155 261 0
155 298 0
155 331 0
156 190 0
156 256 0
157 263 0
158 311 0
159 289 0
159 330 0
160 298 0
162 204 0
163 203 0
164 167 0
164 210 0
165 214 0
165 256 0
166 219 0
167 224 0
168 202 0
168 253 0
168 303 0
168 342 0
171 270 0
172 243 0
173 227 0
174 195 0
174 258 0
175 252 0
176 204 0
177 211 0
178 272 0
178 274 0
179 312 0
180 199 0
180 267 0
181 232 0
181 262 0
182 301 0
183 198 0
183 259 0
183 291 0
184 286 0
185 216 0
185 341 0
185 344 0
187 325 0
189 211 0
189 312 0
189 317 0
189 329 0
190 228 0
191 312 0
191 329 0
191 339 0
192 296 0
192 318 0
192 346 0
193 301 0
194 320 0
196 221 0
197 304 0
198 316 0
199 209 0
199 332 0
199 335 0
200 266 0
200 300 0
200 342 0
202 240 0
202 310 0
203 274 0
203 343 0
204 227 0
204 276 0
204 303 0
205 298 0
205 301 0
206 230 0
206 324 0
208 285 0
209 261 0
210 283 0
211 246 0
212 266 0
213 261 0
215 242 0
215 255 0
215 295 0
217 300 0
218 330 0
220 296 0
221 232 0
221 256 0
225 229 0
225 248 0
226 311 0
227 286 0
227 327 0
229 252 0
229 271 0
233 240 0
234 307 0
237 272 0
237 280 0
237 350 0
238 244 0
239 270 0
241 264 0
241 277 0
242 251 0
242 285 0
242 326 0
243 257 0
244 328 0
245 329 0
247 282 0
250 276 0
252 273 0
252 327 0
253 338 0
254 350 0
257 333 0
263 320 0
267 268 0
268 303 0
269 273 0
269 287 0
273 275 0
275 343 0
275 349 0
276 319 0
277 313 0
279 342 0
282 289 0
282 303 0
285 338 0
287 305 0
292 300 0
294 312 0
296 340 0
298 321 0
299 348 0
305 336 0
307 339 0
307 347 0
312 345 0
313 337 0
314 338 0
316 346 0
329 349 0
