350 435 0
1 203 0
2 133 0
2 333 0
3 48 0
3 127 0
3 278 0
3 323 0
3 340 0
4 14 0
5 50 0
5 54 0
5 287 0
6 49 0
6 109 0
6 221 0
6 251 0
6 268 0
6 298 0
7 20 0
7 70 0
7 73 0
7 186 0
7 202 0
8 71 0
8 106 0
8 150 0
8 235 0
9 25 0
9 147 0
10 140 0
10 203 0
10 330 0
11 16 0
11 153 0
11 251 0
11 279 0
12 43 0
12 64 0
12 133 0
12 164 0
13 54 0
13 76 0
14 140 0
14 248 0
14 258 0
14 325 0
15 38 0
15 93 0
15 147 0
15 288 0
15 329 0
17 332 0
18 121 0
18 139 0
18 229 0
19 246 0
21 281 0
22 147 0
22 329 0
23 25 0
24 139 0
25 114 0
25 229 0
26 70 0
27 177 0
28 107 0
29 135 0
29 252 0
30 121 0
31 312 0
32 51 0
32 124 0
32 185 0
32 278 0
32 287 0
33 313 0
34 137 0
34 158 0
34 222 0
34 277 0
34 317 0
35 41 0
35 301 0
36 90 0
37 145 0
37 180 0
38 79 0
38 181 0
38 278 0
39 342 0
40 101 0
40 135 0
40 148 0
40 174 0
41 203 0
41 285 0
42 64 0
42 86 0
42 227 0
42 322 0
42 348 0
43 69 0
44 84 0
45 133 0
45 350 0
46 120 0
47 56 0
47 306 0
47 307 0
47 336 0
48 314 0
49 260 0
50 68 0
50 86 0
50 205 0
50 259 0
51 84 0
51 130 0
51 315 0
52 339 0
53 341 0
54 60 0
54 167 0
54 280 0
55 120 0
57 179 0
57 194 0
58 87 0
58 304 0
59 187 0
61 111 0
62 254 0
62 339 0
63 82 0
63 226 0
63 231 0
63 259 0
64 213 0
64 277 0
65 328 0
66 85 0
66 87 0
66 137 0
66 345 0
67 70 0
67 269 0
68 328 0
69 173 0
70 146 0
70 186 0
70 191 0
71 303 0
72 107 0
72 203 0
74 196 0
75 244 0
76 240 0
77 196 0
77 213 0
77 234 0
78 219 0
79 143 0
79 158 0
79 168 0
80 263 0
81 177 0
81 250 0
82 222 0
83 141 0
83 332 0
84 171 0
84 243 0
85 88 0
85 204 0
85 253 0
86 314 0
87 93 0
87 297 0
89 159 0
89 257 0
89 330 0
89 344 0
90 102 0
90 110 0
90 310 0
91 173 0
92 342 0
94 219 0
95 345 0
96 342 0
97 163 0
97 215 0
97 240 0
97 311 0
98 300 0
99 187 0
99 327 0
100 350 0
102 203 0
102 220 0
102 222 0
103 107 0
103 160 0
103 187 0
103 272 0
104 240 0
105 130 0
107 321 0
108 111 0
108 178 0
109 330 0
111 123 0
111 184 0
111 325 0
112 347 0
113 196 0
114 143 0
114 180 0
114 326 0
115 343 0
116 338 0
117 151 0
117 172 0
117 199 0
117 256 0
118 256 0
118 338 0
119 210 0
119 333 0
120 182 0
120 278 0
121 148 0
121 205 0
121 209 0
121 265 0
122 131 0
123 162 0
123 272 0
123 347 0
124 311 0
125 312 0
126 313 0
127 136 0
128 149 0
128 190 0
128 267 0
128 270 0
129 191 0
129 303 0
129 326 0
130 165 0
130 228 0
130 275 0
131 155 0
131 178 0
131 236 0
131 305 0
132 288 0
133 210 0
134 240 0
136 339 0
137 221 0
137 259 0
137 298 0
138 139 0
139 278 0
139 307 0
140 144 0
140 168 0
140 173 0
141 201 0
141 231 0
141 252 0
142 301 0
143 148 0
143 186 0
144 188 0
144 197 0
144 264 0
145 244 0
147 154 0
147 346 0
148 332 0
149 163 0
149 246 0
149 342 0
150 168 0
150 262 0
150 269 0
150 343 0
152 162 0
155 300 0
155 315 0
155 350 0
156 341 0
157 273 0
157 288 0
158 237 0
160 210 0
160 316 0
160 327 0
161 329 0
162 200 0
162 249 0
163 237 0
163 250 0
163 260 0
163 343 0
166 244 0
167 217 0
167 222 0
167 337 0
168 295 0
168 332 0
169 337 0
170 213 0
171 334 0
172 177 0
172 272 0
172 328 0
173 253 0
173 317 0
175 263 0
176 254 0
177 247 0
179 194 0
180 293 0
180 302 0
180 336 0
181 238 0
181 276 0
181 283 0
183 329 0
186 298 0
186 341 0
187 299 0
189 194 0
192 254 0
193 283 0
193 328 0
194 298 0
195 343 0
196 285 0
196 295 0
198 238 0
200 292 0
201 237 0
201 339 0
206 260 0
207 252 0
208 276 0
211 276 0
212 284 0
212 326 0
213 241 0
214 281 0
215 232 0
216 222 0
216 225 0
216 252 0
216 339 0
217 289 0
217 308 0
217 334 0
218 329 0
219 298 0
219 335 0
220 286 0
220 309 0
220 349 0
223 246 0
224 345 0
225 250 0
225 319 0
225 320 0
228 332 0
228 350 0
229 330 0
230 337 0
231 259 0
233 341 0
234 332 0
235 282 0
236 340 0
236 347 0
237 272 0
237 282 0
237 315 0
238 304 0
238 318 0
239 283 0
241 324 0
242 338 0
244 259 0
245 269 0
246 265 0
250 339 0
251 263 0
251 277 0
254 307 0
255 283 0
255 316 0
258 314 0
260 303 0
261 337 0
262 324 0
262 343 0
263 296 0
266 328 0
269 290 0
271 288 0
273 313 0
274 300 0
276 331 0
277 330 0
278 313 0
278 340 0
280 312 0
281 298 0
281 310 0
281 325 0
282 300 0
284 326 0
291 328 0
292 347 0
294 333 0
295 301 0
295 312 0
297 324 0
301 323 0
307 315 0
312 314 0
324 345 0
330 333 0
330 338 0
