300 434 0
1 154 0
1 268 0
2 70 0
3 149 0
3 198 0
4 19 0
4 130 0
4 147 0
4 209 0
4 222 0
4 238 0
5 193 0
5 296 0
6 15 0
6 88 0
7 145 0
7 152 0
7 184 0
7 251 0
7 263 0
8 253 0
9 96 0
9 174 0
10 23 0
10 66 0
10 180 0
10 259 0
11 141 0
12 112 0
12 248 0
12 275 0
12 294 0
13 182 0
13 201 0
14 278 0
15 299 0
16 56 0
16 98 0
16 122 0
16 246 0
17 28 0
17 34 0
17 35 0
17 46 0
17 240 0
17 271 0
18 161 0
19 51 0
19 69 0
19 192 0
19 221 0
20 241 0
21 288 0
22 60 0
22 110 0
22 122 0
23 70 0
23 250 0
23 286 0
24 193 0
25 90 0
25 164 0
25 242 0
25 265 0
25 287 0
26 89 0
26 213 0
26 242 0
27 50 0
27 73 0
27 113 0
27 185 0
27 194 0
27 205 0
27 218 0
27 255 0
29 199 0
30 90 0
30 184 0
31 96 0
32 131 0
32 293 0
33 294 0
34 145 0
34 165 0
34 227 0
34 277 0
35 39 0
35 44 0
35 95 0
35 159 0
35 257 0
35 268 0
36 63 0
36 114 0
37 93 0
37 99 0
37 101 0
37 163 0
37 175 0
37 216 0
38 182 0
39 61 0
39 148 0
39 219 0
40 160 0
40 300 0
41 203 0
42 57 0
42 88 0
42 118 0
42 211 0
42 253 0
43 193 0
43 199 0
44 70 0
45 225 0
45 230 0
45 236 0
45 260 0
45 272 0
46 144 0
47 64 0
47 173 0
48 70 0
48 142 0
48 271 0
49 178 0
50 70 0
50 253 0
51 102 0
51 108 0
51 162 0
52 79 0
52 243 0
52 290 0
53 294 0
54 98 0
54 127 0
54 144 0
54 244 0
54 249 0
55 231 0
55 240 0
55 250 0
56 58 0
56 68 0
57 118 0
57 150 0
57 183 0
58 76 0
58 139 0
59 114 0
60 126 0
60 205 0
60 208 0
60 291 0
62 70 0
62 217 0
63 203 0
64 173 0
64 224 0
64 292 0
65 82 0
65 154 0
65 188 0
65 289 0
66 129 0
66 182 0
66 217 0
66 296 0
67 217 0
68 129 0
70 141 0
71 118 0
72 138 0
72 267 0
73 140 0
73 167 0
74 184 0
74 273 0
75 82 0
75 93 0
75 189 0
75 247 0
76 187 0
76 194 0
76 245 0
76 272 0
77 92 0
78 182 0
79 81 0
79 111 0
79 112 0
80 268 0
81 161 0
81 174 0
81 211 0
82 121 0
82 128 0
82 273 0
83 134 0
83 180 0
83 235 0
83 262 0
84 162 0
85 102 0
86 114 0
86 217 0
87 102 0
87 113 0
87 300 0
88 116 0
88 188 0
88 275 0
89 120 0
89 125 0
89 131 0
89 205 0
89 237 0
89 294 0
90 106 0
90 243 0
90 271 0
90 282 0
91 201 0
91 291 0
92 140 0
92 141 0
92 226 0
92 270 0
94 149 0
95 156 0
95 164 0
95 202 0
96 128 0
96 194 0
96 248 0
97 153 0
97 221 0
97 253 0
98 189 0
98 210 0
98 295 0
99 125 0
99 140 0
99 167 0
99 264 0
100 184 0
100 255 0
101 198 0
102 269 0
103 175 0
103 296 0
104 151 0
104 155 0
104 257 0
104 264 0
105 141 0
107 166 0
107 227 0
108 145 0
108 173 0
108 202 0
108 267 0
109 288 0
110 153 0
110 177 0
110 200 0
110 237 0
110 247 0
110 283 0
111 155 0
113 172 0
114 208 0
115 208 0
115 229 0
117 142 0
117 167 0
117 203 0
117 263 0
117 290 0
118 136 0
118 248 0
119 148 0
119 170 0
119 213 0
119 222 0
119 256 0
120 184 0
120 284 0
121 181 0
121 220 0
121 234 0
122 268 0
123 142 0
123 161 0
124 193 0
129 171 0
129 214 0
132 167 0
132 202 0
132 250 0
132 259 0
133 143 0
133 156 0
133 238 0
133 254 0
133 256 0
135 174 0
137 149 0
138 267 0
138 295 0
139 201 0
140 184 0
140 254 0
140 283 0
141 198 0
141 264 0
142 158 0
142 216 0
142 297 0
144 276 0
145 201 0
146 199 0
148 155 0
148 279 0
149 222 0
150 173 0
150 278 0
153 165 0
154 167 0
156 172 0
156 267 0
157 166 0
159 174 0
159 194 0
160 179 0
160 180 0
160 280 0
161 163 0
162 169 0
162 285 0
164 166 0
164 241 0
166 274 0
167 222 0
168 241 0
168 257 0
172 196 0
172 271 0
172 280 0
173 193 0
173 229 0
175 186 0
175 267 0
176 295 0
177 183 0
178 194 0
178 228 0
178 252 0
178 258 0
179 284 0
180 199 0
180 221 0
182 195 0
183 283 0
185 290 0
186 250 0
186 257 0
188 249 0
190 212 0
190 243 0
190 295 0
191 201 0
191 244 0
191 259 0
192 196 0
192 210 0
193 244 0
194 210 0
195 290 0
195 296 0
196 299 0
197 256 0
197 298 0
197 299 0
200 293 0
201 226 0
202 273 0
203 284 0
204 215 0
204 235 0
204 286 0
205 282 0
206 250 0
207 288 0
208 210 0
208 260 0
208 299 0
209 232 0
210 259 0
211 259 0
211 272 0
212 217 0
215 296 0
217 243 0
217 255 0
218 253 0
223 286 0
225 295 0
229 258 0
229 261 0
230 236 0
231 290 0
232 293 0
233 272 0
233 299 0
235 236 0
237 273 0
237 288 0
239 286 0
241 281 0
243 273 0
243 278 0
252 264 0
253 266 0
263 294 0
264 294 0
267 279 0
268 300 0
272 293 0
276 283 0
278 298 0
