800 930 0
1 115 0
1 386 0
1 611 0
1 693 0
2 12 0
2 57 0
2 598 0
3 260 0
4 549 0
5 623 0
6 536 0
6 590 0
6 621 0
7 270 0
7 274 0
7 526 0
7 596 0
8 499 0
9 374 0
9 436 0
9 472 0
9 716 0
10 62 0
10 184 0
10 456 0
10 522 0
11 781 0
12 37 0
12 301 0
12 602 0
12 788 0
13 297 0
14 219 0
14 291 0
14 305 0
14 536 0
15 619 0
15 679 0
15 702 0
15 711 0
16 608 0
17 186 0
17 205 0
17 221 0
17 440 0
17 796 0
18 30 0
18 74 0
18 211 0
18 476 0
19 512 0
20 380 0
20 394 0
20 598 0
20 623 0
21 99 0
21 174 0
21 312 0
21 342 0
21 409 0
22 370 0
22 373 0
22 632 0
22 674 0
22 756 0
23 84 0
23 107 0
23 563 0
23 784 0
24 793 0
25 437 0
26 794 0
27 364 0
28 206 0
29 200 0
29 219 0
29 594 0
29 645 0
30 90 0
30 480 0
30 738 0
31 666 0
32 610 0
33 430 0
33 503 0
33 609 0
33 696 0
33 722 0
34 395 0
35 117 0
36 263 0
36 632 0
36 682 0
38 706 0
39 694 0
40 330 0
41 65 0
41 451 0
41 555 0
41 604 0
42 204 0
43 86 0
43 317 0
43 496 0
43 510 0
43 783 0
44 134 0
44 383 0
44 481 0
44 583 0
45 55 0
45 83 0
45 207 0
45 219 0
45 586 0
45 768 0
46 239 0
46 390 0
46 619 0
46 631 0
46 666 0
47 206 0
48 475 0
49 555 0
49 564 0
49 612 0
49 729 0
50 543 0
51 229 0
51 305 0
51 619 0
52 523 0
53 624 0
54 249 0
55 129 0
55 177 0
55 249 0
55 768 0
56 380 0
56 442 0
56 460 0
56 664 0
57 149 0
57 280 0
57 526 0
57 590 0
58 74 0
59 260 0
60 694 0
61 403 0
61 423 0
61 752 0
61 778 0
63 70 0
64 74 0
65 176 0
65 521 0
65 642 0
66 292 0
67 165 0
68 308 0
69 106 0
69 224 0
69 250 0
69 731 0
69 798 0
70 194 0
70 209 0
70 726 0
70 768 0
71 499 0
72 174 0
73 203 0
74 78 0
75 561 0
76 501 0
77 255 0
77 321 0
77 718 0
79 291 0
80 466 0
81 377 0
81 553 0
81 586 0
81 670 0
81 688 0
82 623 0
83 226 0
83 316 0
83 632 0
83 715 0
83 726 0
83 775 0
85 293 0
85 570 0
85 604 0
86 527 0
86 742 0
87 329 0
88 531 0
89 203 0
89 287 0
89 726 0
91 608 0
92 297 0
93 206 0
93 447 0
93 533 0
94 135 0
94 206 0
94 311 0
95 397 0
96 229 0
97 447 0
98 531 0
99 443 0
99 571 0
99 670 0
100 196 0
100 415 0
100 601 0
101 724 0
102 515 0
103 201 0
103 396 0
103 550 0
103 674 0
104 604 0
105 512 0
106 277 0
106 334 0
106 776 0
107 312 0
107 447 0
107 626 0
108 112 0
109 578 0
110 128 0
111 112 0
112 187 0
112 413 0
112 783 0
113 366 0
114 263 0
114 476 0
114 555 0
114 691 0
116 133 0
116 241 0
116 371 0
116 655 0
117 154 0
117 370 0
117 371 0
118 439 0
119 475 0
120 724 0
121 561 0
122 687 0
123 641 0
124 490 0
124 498 0
124 662 0
124 782 0
125 780 0
126 702 0
127 338 0
127 575 0
127 638 0
127 672 0
128 191 0
128 647 0
128 752 0
129 384 0
129 492 0
129 500 0
130 165 0
131 681 0
132 604 0
135 299 0
135 373 0
135 543 0
135 573 0
135 631 0
136 489 0
136 501 0
136 756 0
137 410 0
137 454 0
137 488 0
137 613 0
138 260 0
139 311 0
140 186 0
140 253 0
140 398 0
140 725 0
141 220 0
141 420 0
141 780 0
142 451 0
143 533 0
144 296 0
144 349 0
144 351 0
144 389 0
145 429 0
146 259 0
147 239 0
148 292 0
150 742 0
151 666 0
152 228 0
152 327 0
152 630 0
152 638 0
153 429 0
153 440 0
153 452 0
155 217 0
155 296 0
155 544 0
155 551 0
156 396 0
157 483 0
157 542 0
157 560 0
157 583 0
158 415 0
159 795 0
160 319 0
161 498 0
162 178 0
163 624 0
164 404 0
165 214 0
165 302 0
166 329 0
166 512 0
166 640 0
166 776 0
167 189 0
168 554 0
169 178 0
170 455 0
171 604 0
172 177 0
173 634 0
174 622 0
174 695 0
175 246 0
175 345 0
175 400 0
177 233 0
177 354 0
178 488 0
178 700 0
179 246 0
180 567 0
180 596 0
180 696 0
180 699 0
181 501 0
182 714 0
183 707 0
184 219 0
184 662 0
185 633 0
188 213 0
188 268 0
188 312 0
188 421 0
188 632 0
189 285 0
189 592 0
189 736 0
190 626 0
192 262 0
192 456 0
192 514 0
192 750 0
193 445 0
194 260 0
194 487 0
194 555 0
195 433 0
195 484 0
195 513 0
195 635 0
196 263 0
196 590 0
196 591 0
196 673 0
196 705 0
196 715 0
197 561 0
198 468 0
199 234 0
199 649 0
199 769 0
199 783 0
201 457 0
201 540 0
201 692 0
202 735 0
203 252 0
203 728 0
203 764 0
204 300 0
204 400 0
204 545 0
204 680 0
206 328 0
206 583 0
207 614 0
207 674 0
207 712 0
208 524 0
210 420 0
211 341 0
211 703 0
211 766 0
212 387 0
213 285 0
213 546 0
213 609 0
214 226 0
214 321 0
214 437 0
215 254 0
215 380 0
215 413 0
215 427 0
216 612 0
218 450 0
219 255 0
219 787 0
220 379 0
220 721 0
220 741 0
222 467 0
223 388 0
223 413 0
223 519 0
223 761 0
223 800 0
225 698 0
226 253 0
226 686 0
227 429 0
229 268 0
229 285 0
229 696 0
230 304 0
230 657 0
230 730 0
230 788 0
231 445 0
232 687 0
235 319 0
235 515 0
235 702 0
236 318 0
237 319 0
238 598 0
239 344 0
239 355 0
240 281 0
240 539 0
240 650 0
240 758 0
242 735 0
243 523 0
244 336 0
244 431 0
244 486 0
244 761 0
245 356 0
246 345 0
246 615 0
247 502 0
248 445 0
249 305 0
249 732 0
250 724 0
250 781 0
251 681 0
253 356 0
253 499 0
255 273 0
255 511 0
255 727 0
256 524 0
257 487 0
258 640 0
259 407 0
259 418 0
259 453 0
261 740 0
263 486 0
264 393 0
265 321 0
266 365 0
267 564 0
268 795 0
269 536 0
271 724 0
272 277 0
273 487 0
273 541 0
273 575 0
275 365 0
276 356 0
276 598 0
276 698 0
277 401 0
277 406 0
277 440 0
277 683 0
278 499 0
279 447 0
281 501 0
281 528 0
282 489 0
283 757 0
284 357 0
285 533 0
286 475 0
287 546 0
287 599 0
287 659 0
288 536 0
289 524 0
290 633 0
291 336 0
291 362 0
291 406 0
292 376 0
292 566 0
293 486 0
293 583 0
293 701 0
293 796 0
294 623 0
295 370 0
295 375 0
295 591 0
295 621 0
295 795 0
296 421 0
296 523 0
297 323 0
297 635 0
297 693 0
298 390 0
299 342 0
299 361 0
299 646 0
299 648 0
300 328 0
300 789 0
303 439 0
305 437 0
306 325 0
306 507 0
306 574 0
306 779 0
307 451 0
308 431 0
308 585 0
308 588 0
309 395 0
310 348 0
311 378 0
311 508 0
311 741 0
312 407 0
312 622 0
313 365 0
314 404 0
315 781 0
316 498 0
316 742 0
318 360 0
318 367 0
318 611 0
319 320 0
319 774 0
321 537 0
322 382 0
324 487 0
325 364 0
325 467 0
325 508 0
325 691 0
326 375 0
328 365 0
328 415 0
329 504 0
329 755 0
330 419 0
330 590 0
330 712 0
331 515 0
332 694 0
333 601 0
334 494 0
334 747 0
334 751 0
335 675 0
336 359 0
336 445 0
336 524 0
336 662 0
337 395 0
337 541 0
337 583 0
339 711 0
340 348 0
342 389 0
342 787 0
343 573 0
345 724 0
345 756 0
345 789 0
346 737 0
347 711 0
348 456 0
348 579 0
350 554 0
352 612 0
353 787 0
356 662 0
357 552 0
357 609 0
357 753 0
358 375 0
359 687 0
359 796 0
361 705 0
361 740 0
363 737 0
364 474 0
364 689 0
365 774 0
366 452 0
366 562 0
366 733 0
368 447 0
369 729 0
371 455 0
371 490 0
372 550 0
373 541 0
373 638 0
375 426 0
378 408 0
378 447 0
380 422 0
380 591 0
381 614 0
382 431 0
382 463 0
382 530 0
385 610 0
386 669 0
386 788 0
387 446 0
387 556 0
387 628 0
389 564 0
390 479 0
390 799 0
391 600 0
392 549 0
393 432 0
393 497 0
393 586 0
394 543 0
394 679 0
395 539 0
396 462 0
396 616 0
396 636 0
397 458 0
397 607 0
397 777 0
399 698 0
400 675 0
400 691 0
400 757 0
402 466 0
404 458 0
404 636 0
405 466 0
406 610 0
407 420 0
407 549 0
408 416 0
408 424 0
408 597 0
408 705 0
409 463 0
409 625 0
409 720 0
409 743 0
411 641 0
412 550 0
414 773 0
415 535 0
415 541 0
416 528 0
416 699 0
417 608 0
420 652 0
420 690 0
421 764 0
421 774 0
422 508 0
422 661 0
422 671 0
422 685 0
425 669 0
428 573 0
429 546 0
431 570 0
434 782 0
435 773 0
437 568 0
437 569 0
438 600 0
438 698 0
438 775 0
438 781 0
439 448 0
439 566 0
440 698 0
441 706 0
444 641 0
449 523 0
450 516 0
450 584 0
450 764 0
451 520 0
452 490 0
452 554 0
452 707 0
455 518 0
455 558 0
455 699 0
456 776 0
458 490 0
458 515 0
458 667 0
459 578 0
460 531 0
460 639 0
461 570 0
463 686 0
464 600 0
465 538 0
465 603 0
465 628 0
465 745 0
466 546 0
467 587 0
467 710 0
468 639 0
469 554 0
470 531 0
471 793 0
473 675 0
475 636 0
475 716 0
476 566 0
476 752 0
477 794 0
478 502 0
482 528 0
485 539 0
485 635 0
485 682 0
485 716 0
486 776 0
487 595 0
488 775 0
488 782 0
489 762 0
489 772 0
490 682 0
491 501 0
491 619 0
491 623 0
491 694 0
493 717 0
495 773 0
498 686 0
498 746 0
501 749 0
502 635 0
502 719 0
505 536 0
506 669 0
509 624 0
512 684 0
513 523 0
513 554 0
515 572 0
517 793 0
525 570 0
526 787 0
527 739 0
527 761 0
527 771 0
527 792 0
528 558 0
528 667 0
528 752 0
529 675 0
531 638 0
532 626 0
533 665 0
534 573 0
536 686 0
539 681 0
541 598 0
541 740 0
543 577 0
543 713 0
546 688 0
547 757 0
548 679 0
549 643 0
550 627 0
550 693 0
557 729 0
558 701 0
559 729 0
561 796 0
564 620 0
564 760 0
565 639 0
566 589 0
575 707 0
576 612 0
578 701 0
578 754 0
580 737 0
581 787 0
582 714 0
586 633 0
589 715 0
589 744 0
589 770 0
590 610 0
591 628 0
593 735 0
596 674 0
596 794 0
598 673 0
598 718 0
600 618 0
601 763 0
601 774 0
601 790 0
605 707 0
606 634 0
608 716 0
609 735 0
611 674 0
611 793 0
614 631 0
614 764 0
617 640 0
619 682 0
621 697 0
621 797 0
622 737 0
624 762 0
626 709 0
628 641 0
629 757 0
633 791 0
634 663 0
634 788 0
637 794 0
639 705 0
639 717 0
640 667 0
640 673 0
644 780 0
651 789 0
653 707 0
654 787 0
656 702 0
658 681 0
660 698 0
666 785 0
668 711 0
669 708 0
669 796 0
670 742 0
676 782 0
677 740 0
678 795 0
679 726 0
686 742 0
687 761 0
688 787 0
691 712 0
691 762 0
699 707 0
701 714 0
701 737 0
704 717 0
705 780 0
706 718 0
706 741 0
706 748 0
714 765 0
717 767 0
718 740 0
723 782 0
734 795 0
741 756 0
756 788 0
759 789 0
762 773 0
775 783 0
780 786 0
