60 107 0
1 8 0
1 52 0
1 54 0
2 33 0
2 40 0
3 28 0
3 54 0
4 13 0
4 36 0
4 41 0
4 43 0
4 48 0
5 17 0
6 16 0
6 20 0
6 21 0
6 32 0
6 47 0
6 56 0
7 14 0
7 36 0
7 41 0
7 59 0
8 10 0
8 24 0
8 36 0
8 46 0
8 53 0
8 58 0
9 17 0
9 42 0
9 56 0
10 24 0
11 17 0
11 30 0
11 40 0
11 52 0
12 13 0
12 25 0
12 26 0
12 59 0
14 16 0
14 37 0
14 41 0
14 50 0
15 33 0
15 52 0
16 20 0
16 28 0
16 39 0
16 42 0
16 57 0
17 18 0
17 37 0
17 53 0
18 42 0
19 24 0
19 29 0
19 36 0
19 53 0
19 54 0
19 56 0
19 60 0
20 38 0
21 35 0
21 36 0
21 48 0
22 43 0
22 51 0
23 40 0
23 44 0
25 59 0
26 29 0
27 29 0
27 37 0
28 32 0
28 43 0
28 46 0
28 49 0
29 31 0
30 40 0
31 33 0
31 53 0
33 39 0
33 44 0
33 48 0
33 50 0
34 41 0
34 51 0
35 51 0
37 45 0
38 44 0
38 49 0
38 59 0
38 60 0
40 50 0
40 56 0
42 55 0
42 57 0
43 58 0
44 57 0
47 51 0
49 50 0
50 52 0
50 53 0
51 59 0
52 60 0
