40 92 0
1 4 0
1 19 0
1 20 0
1 22 0
1 27 0
1 35 0
2 17 0
2 19 0
2 28 0
2 39 0
3 4 0
3 8 0
3 19 0
3 24 0
3 30 0
3 32 0
4 15 0
4 33 0
4 34 0
5 10 0
5 12 0
5 16 0
5 26 0
5 27 0
5 33 0
5 38 0
5 40 0
6 30 0
6 39 0
7 11 0
7 24 0
8 16 0
8 18 0
8 37 0
9 24 0
9 25 0
9 39 0
11 14 0
11 22 0
11 27 0
11 37 0
12 15 0
12 16 0
12 22 0
12 26 0
12 32 0
13 14 0
13 19 0
13 20 0
13 39 0
14 32 0
15 25 0
15 26 0
15 34 0
17 32 0
18 20 0
18 25 0
18 33 0
18 35 0
18 39 0
19 20 0
19 40 0
20 24 0
20 34 0
20 38 0
21 34 0
21 40 0
22 23 0
22 25 0
22 36 0
23 31 0
24 28 0
24 38 0
26 33 0
26 40 0
27 28 0
27 30 0
27 35 0
28 37 0
29 30 0
30 31 0
30 35 0
30 37 0
30 40 0
31 34 0
31 36 0
31 37 0
32 36 0
32 37 0
33 34 0
34 38 0
36 39 0
