450 548 0
1 36 0
1 117 0
1 135 0
1 176 0
1 299 0
2 39 0
2 119 0
2 128 0
2 341 0
3 90 0
3 106 0
3 441 0
4 115 0
5 83 0
6 61 0
7 122 0
7 221 0
8 15 0
8 330 0
8 386 0
8 403 0
9 48 0
9 113 0
10 13 0
11 276 0
11 314 0
11 391 0
12 296 0
13 175 0
13 234 0
13 434 0
14 29 0
15 271 0
16 90 0
16 338 0
17 125 0
17 127 0
17 327 0
18 66 0
18 238 0
19 95 0
20 165 0
20 219 0
20 259 0
20 324 0
20 402 0
21 127 0
21 158 0
21 245 0
21 370 0
22 67 0
22 81 0
22 108 0
22 250 0
23 302 0
24 108 0
24 300 0
25 37 0
25 96 0
25 341 0
25 342 0
26 207 0
27 149 0
27 158 0
27 190 0
27 285 0
27 375 0
28 333 0
28 369 0
29 99 0
29 335 0
29 393 0
30 276 0
30 370 0
31 232 0
32 60 0
32 133 0
32 136 0
32 183 0
32 381 0
33 92 0
33 238 0
34 440 0
35 232 0
35 257 0
36 163 0
36 383 0
36 423 0
37 117 0
37 220 0
37 382 0
38 60 0
40 63 0
40 158 0
40 214 0
40 383 0
40 419 0
41 111 0
41 191 0
41 240 0
41 245 0
41 308 0
42 100 0
42 374 0
43 310 0
43 426 0
44 428 0
45 164 0
45 183 0
45 358 0
45 386 0
46 428 0
47 314 0
47 323 0
47 353 0
47 380 0
48 413 0
49 89 0
49 172 0
49 196 0
49 197 0
49 400 0
50 86 0
51 306 0
52 238 0
53 159 0
54 300 0
55 107 0
55 167 0
55 249 0
55 320 0
56 174 0
57 252 0
57 422 0
58 117 0
58 216 0
58 274 0
58 286 0
58 335 0
58 390 0
59 276 0
60 145 0
60 218 0
61 124 0
61 145 0
61 160 0
61 448 0
62 256 0
63 421 0
64 307 0
65 76 0
65 172 0
65 309 0
66 291 0
66 388 0
66 414 0
68 134 0
69 151 0
69 226 0
69 355 0
69 449 0
70 195 0
70 422 0
71 113 0
72 73 0
72 236 0
73 83 0
73 145 0
73 209 0
73 296 0
73 297 0
73 395 0
74 248 0
74 271 0
75 247 0
75 348 0
76 130 0
76 164 0
76 329 0
77 429 0
78 359 0
79 380 0
80 311 0
82 135 0
83 195 0
83 365 0
84 188 0
85 369 0
86 196 0
86 351 0
86 447 0
87 131 0
87 158 0
87 235 0
87 266 0
88 252 0
88 337 0
89 149 0
89 385 0
89 405 0
89 412 0
90 171 0
90 186 0
91 115 0
91 172 0
91 300 0
91 369 0
92 152 0
92 165 0
92 223 0
92 269 0
93 202 0
94 116 0
94 138 0
94 183 0
94 363 0
95 151 0
95 157 0
95 318 0
96 134 0
96 276 0
96 317 0
96 440 0
97 256 0
98 282 0
98 394 0
100 164 0
100 322 0
100 446 0
101 134 0
101 355 0
102 427 0
103 135 0
104 326 0
105 141 0
105 142 0
106 248 0
106 252 0
107 221 0
107 251 0
108 288 0
108 382 0
108 429 0
109 159 0
110 422 0
111 213 0
112 238 0
113 201 0
113 335 0
114 144 0
115 193 0
115 348 0
115 392 0
115 430 0
115 446 0
117 291 0
117 364 0
118 273 0
119 141 0
120 191 0
120 275 0
120 361 0
120 362 0
121 236 0
121 422 0
122 199 0
122 342 0
122 406 0
123 215 0
123 303 0
123 424 0
123 436 0
124 257 0
125 149 0
125 211 0
125 339 0
125 433 0
126 340 0
129 314 0
131 372 0
132 179 0
134 228 0
135 185 0
137 296 0
137 350 0
139 359 0
139 413 0
140 347 0
140 382 0
141 234 0
141 345 0
141 357 0
142 378 0
143 172 0
143 263 0
143 273 0
143 423 0
144 241 0
144 249 0
144 360 0
145 338 0
146 400 0
147 236 0
147 435 0
148 257 0
149 260 0
149 328 0
149 432 0
150 326 0
151 209 0
151 442 0
153 368 0
154 312 0
155 359 0
156 307 0
159 169 0
159 291 0
160 315 0
161 380 0
162 271 0
162 414 0
164 411 0
165 263 0
165 279 0
166 261 0
166 288 0
166 418 0
168 437 0
170 174 0
171 227 0
171 340 0
171 422 0
172 259 0
172 375 0
172 449 0
173 368 0
174 186 0
174 231 0
174 396 0
176 197 0
176 261 0
176 334 0
177 315 0
178 378 0
179 223 0
179 280 0
179 352 0
180 429 0
181 271 0
181 284 0
181 311 0
181 373 0
181 382 0
182 202 0
183 313 0
184 202 0
184 281 0
187 299 0
188 203 0
188 259 0
188 325 0
189 232 0
190 234 0
190 358 0
190 389 0
190 401 0
191 227 0
191 236 0
192 445 0
193 204 0
194 313 0
197 221 0
197 366 0
198 435 0
200 284 0
200 353 0
200 375 0
202 293 0
204 225 0
204 351 0
204 354 0
205 276 0
206 416 0
207 247 0
207 283 0
207 293 0
207 299 0
208 450 0
209 251 0
209 424 0
210 293 0
210 312 0
212 299 0
213 432 0
215 299 0
215 405 0
217 312 0
218 310 0
220 251 0
220 358 0
222 307 0
223 302 0
223 323 0
224 431 0
227 351 0
227 358 0
229 359 0
230 435 0
231 238 0
231 367 0
231 435 0
232 364 0
233 260 0
234 252 0
236 417 0
237 277 0
238 344 0
239 442 0
242 416 0
243 257 0
244 277 0
246 311 0
248 368 0
249 315 0
249 323 0
249 427 0
251 367 0
251 375 0
252 346 0
253 282 0
254 411 0
255 326 0
256 371 0
256 401 0
257 373 0
257 386 0
258 411 0
259 445 0
260 279 0
260 295 0
261 437 0
262 431 0
263 353 0
264 427 0
265 361 0
265 421 0
265 432 0
267 450 0
268 411 0
270 380 0
271 287 0
271 351 0
272 348 0
273 319 0
273 341 0
274 313 0
275 329 0
277 321 0
277 364 0
278 311 0
278 399 0
281 288 0
282 341 0
282 443 0
284 305 0
284 372 0
284 439 0
285 306 0
285 315 0
285 378 0
288 332 0
289 348 0
290 437 0
291 307 0
292 378 0
293 327 0
293 367 0
293 418 0
294 348 0
294 382 0
294 413 0
294 431 0
296 298 0
297 429 0
299 302 0
299 391 0
300 356 0
301 369 0
302 398 0
302 444 0
304 315 0
306 397 0
306 438 0
309 413 0
310 389 0
310 418 0
310 420 0
312 364 0
313 379 0
314 384 0
316 432 0
317 353 0
322 332 0
323 375 0
326 424 0
327 377 0
327 410 0
327 413 0
328 442 0
331 427 0
333 337 0
334 445 0
335 367 0
335 431 0
336 428 0
337 351 0
337 395 0
340 374 0
340 407 0
342 347 0
342 428 0
343 344 0
343 401 0
343 408 0
343 426 0
346 445 0
347 394 0
347 399 0
349 450 0
350 431 0
355 416 0
359 386 0
361 421 0
368 424 0
374 405 0
376 442 0
382 434 0
387 445 0
389 437 0
389 450 0
400 404 0
400 415 0
401 416 0
409 416 0
421 422 0
425 440 0
433 436 0
440 441 0
