250 297 0
1 164 0
2 3 0
3 89 0
3 109 0
3 172 0
4 16 0
4 68 0
4 116 0
4 222 0
5 9 0
5 30 0
5 73 0
5 176 0
6 43 0
6 61 0
6 112 0
6 132 0
7 40 0
7 79 0
7 95 0
7 179 0
8 115 0
8 175 0
10 200 0
11 17 0
11 127 0
12 89 0
12 91 0
12 110 0
12 229 0
13 226 0
14 106 0
15 60 0
17 120 0
17 221 0
17 246 0
18 213 0
18 236 0
19 87 0
20 39 0
20 139 0
20 183 0
20 244 0
21 88 0
21 128 0
21 131 0
21 223 0
22 175 0
23 160 0
24 123 0
25 248 0
26 114 0
27 47 0
27 68 0
27 72 0
27 119 0
28 87 0
28 149 0
28 232 0
28 236 0
29 228 0
31 161 0
32 107 0
33 151 0
34 63 0
34 112 0
35 45 0
35 130 0
35 168 0
35 250 0
36 125 0
36 248 0
37 125 0
37 192 0
38 111 0
39 78 0
39 83 0
39 160 0
40 58 0
41 90 0
42 155 0
44 149 0
44 157 0
45 71 0
45 92 0
45 180 0
45 206 0
46 159 0
46 198 0
46 220 0
47 125 0
48 250 0
49 60 0
50 141 0
50 164 0
50 175 0
50 226 0
51 175 0
52 167 0
53 68 0
53 107 0
53 225 0
54 212 0
55 64 0
55 89 0
55 102 0
55 125 0
55 166 0
55 232 0
56 216 0
57 126 0
57 144 0
57 150 0
57 209 0
58 80 0
58 163 0
59 155 0
59 168 0
59 229 0
60 89 0
60 203 0
61 78 0
61 114 0
61 245 0
62 247 0
63 79 0
63 159 0
63 184 0
64 74 0
65 198 0
66 76 0
66 216 0
67 161 0
68 166 0
68 200 0
69 106 0
70 241 0
73 75 0
73 221 0
74 165 0
74 182 0
74 239 0
75 90 0
76 87 0
77 83 0
77 177 0
78 221 0
78 224 0
79 107 0
79 168 0
79 183 0
80 81 0
80 86 0
80 137 0
81 90 0
81 141 0
81 228 0
82 177 0
83 113 0
83 185 0
83 195 0
83 217 0
83 231 0
84 131 0
84 147 0
84 148 0
84 195 0
85 215 0
87 211 0
90 98 0
93 114 0
94 127 0
95 99 0
96 216 0
97 191 0
99 167 0
99 233 0
100 151 0
101 167 0
101 216 0
101 241 0
101 242 0
102 141 0
102 224 0
102 249 0
103 164 0
104 118 0
104 133 0
104 180 0
104 189 0
105 108 0
105 245 0
106 127 0
106 217 0
106 243 0
107 145 0
108 113 0
108 124 0
111 115 0
111 119 0
111 204 0
111 207 0
114 225 0
115 189 0
117 135 0
121 191 0
122 250 0
123 138 0
123 205 0
123 221 0
124 136 0
124 173 0
124 189 0
125 134 0
125 204 0
126 132 0
127 201 0
127 221 0
127 227 0
129 164 0
130 192 0
130 193 0
130 218 0
131 151 0
131 232 0
135 157 0
135 171 0
135 204 0
140 247 0
141 189 0
142 241 0
143 245 0
146 215 0
149 162 0
149 169 0
149 219 0
150 164 0
150 191 0
150 242 0
150 247 0
151 169 0
151 179 0
151 249 0
152 161 0
153 228 0
154 241 0
155 178 0
155 220 0
156 215 0
158 163 0
160 187 0
160 235 0
161 165 0
161 188 0
163 176 0
163 197 0
163 230 0
165 185 0
165 198 0
165 242 0
166 178 0
166 217 0
167 199 0
168 176 0
168 224 0
170 212 0
171 205 0
172 223 0
174 200 0
176 248 0
177 178 0
177 213 0
178 215 0
181 184 0
181 212 0
181 244 0
186 250 0
187 218 0
188 217 0
189 212 0
190 226 0
191 194 0
196 248 0
198 214 0
200 202 0
204 232 0
208 236 0
210 228 0
217 233 0
217 242 0
219 247 0
224 242 0
226 238 0
234 245 0
236 240 0
236 248 0
237 248 0
