180 200 0
1 104 0
2 10 0
2 82 0
2 94 0
2 123 0
2 127 0
2 180 0
3 61 0
4 102 0
5 107 0
5 108 0
5 124 0
5 131 0
5 134 0
6 90 0
6 128 0
6 164 0
6 180 0
7 104 0
7 157 0
8 48 0
8 82 0
8 101 0
8 111 0
8 126 0
9 25 0
10 158 0
11 158 0
12 20 0
13 64 0
14 63 0
14 81 0
14 82 0
14 85 0
14 171 0
15 90 0
15 149 0
16 19 0
16 66 0
16 68 0
16 147 0
17 137 0
18 23 0
18 57 0
18 128 0
18 133 0
18 161 0
20 70 0
20 79 0
20 130 0
21 32 0
22 114 0
23 64 0
24 35 0
24 82 0
24 96 0
24 152 0
25 28 0
25 41 0
25 165 0
26 39 0
27 55 0
27 99 0
27 178 0
28 63 0
28 95 0
28 170 0
29 40 0
30 137 0
31 168 0
32 68 0
32 88 0
32 159 0
33 177 0
34 39 0
35 52 0
36 83 0
37 114 0
38 58 0
39 68 0
39 75 0
40 72 0
40 94 0
40 132 0
42 106 0
43 87 0
44 173 0
45 126 0
45 140 0
45 170 0
45 176 0
45 178 0
46 103 0
47 83 0
49 153 0
50 83 0
51 116 0
52 139 0
52 158 0
53 102 0
54 76 0
54 110 0
54 121 0
54 157 0
56 64 0
58 127 0
58 151 0
58 174 0
59 95 0
60 177 0
61 115 0
61 154 0
61 162 0
62 125 0
62 170 0
62 180 0
63 67 0
63 71 0
63 179 0
64 146 0
65 92 0
68 125 0
69 153 0
72 117 0
73 87 0
73 148 0
73 169 0
74 141 0
77 106 0
78 139 0
79 104 0
79 116 0
79 125 0
80 137 0
82 119 0
83 134 0
84 173 0
86 149 0
87 121 0
87 148 0
89 105 0
89 117 0
89 128 0
89 138 0
90 114 0
90 137 0
90 168 0
91 129 0
92 127 0
92 155 0
92 163 0
93 94 0
93 109 0
94 106 0
94 149 0
95 119 0
95 145 0
97 109 0
98 173 0
100 102 0
102 127 0
102 166 0
103 122 0
103 128 0
103 156 0
104 113 0
106 172 0
107 158 0
109 123 0
109 164 0
112 168 0
114 136 0
115 175 0
116 143 0
116 167 0
118 168 0
120 141 0
120 158 0
121 125 0
121 173 0
129 150 0
129 160 0
129 164 0
134 178 0
134 180 0
135 153 0
139 162 0
139 175 0
141 162 0
141 169 0
142 177 0
144 178 0
146 153 0
146 164 0
146 170 0
146 177 0
149 166 0
157 166 0
158 164 0
162 170 0
