180 221 0
1 56 0
2 38 0
2 157 0
3 11 0
3 45 0
3 120 0
3 166 0
4 6 0
4 89 0
5 102 0
6 77 0
6 149 0
7 45 0
7 63 0
7 76 0
7 121 0
8 35 0
8 107 0
9 39 0
9 141 0
9 158 0
9 177 0
10 55 0
10 133 0
12 28 0
12 45 0
12 78 0
13 34 0
14 67 0
14 73 0
14 173 0
15 77 0
15 109 0
15 132 0
16 100 0
17 28 0
18 110 0
19 76 0
19 92 0
19 126 0
19 132 0
19 162 0
19 167 0
20 149 0
21 33 0
21 37 0
22 110 0
23 137 0
23 163 0
24 69 0
25 84 0
25 126 0
25 142 0
25 154 0
26 68 0
27 176 0
28 38 0
28 103 0
29 173 0
30 61 0
30 110 0
31 44 0
31 103 0
31 112 0
31 122 0
32 79 0
33 49 0
33 57 0
33 84 0
34 81 0
34 90 0
34 104 0
34 150 0
35 45 0
35 80 0
35 111 0
36 79 0
37 102 0
39 63 0
39 99 0
39 159 0
40 53 0
41 61 0
41 90 0
41 93 0
41 106 0
41 179 0
42 71 0
43 121 0
43 156 0
45 110 0
46 85 0
47 131 0
47 155 0
48 56 0
50 153 0
51 61 0
51 97 0
51 133 0
52 65 0
53 97 0
53 130 0
53 146 0
54 131 0
55 116 0
56 74 0
56 137 0
58 140 0
58 156 0
59 63 0
59 84 0
59 103 0
59 104 0
60 82 0
62 77 0
62 102 0
64 156 0
65 125 0
65 127 0
65 172 0
66 140 0
67 176 0
68 106 0
68 117 0
68 134 0
68 161 0
69 75 0
69 101 0
69 107 0
70 71 0
70 174 0
71 87 0
71 106 0
72 149 0
73 78 0
73 128 0
73 135 0
73 136 0
75 164 0
76 107 0
76 131 0
76 155 0
77 113 0
77 121 0
78 89 0
78 99 0
78 156 0
78 173 0
79 101 0
79 129 0
81 175 0
81 177 0
82 151 0
82 158 0
83 158 0
84 114 0
85 95 0
85 121 0
85 147 0
86 177 0
88 157 0
89 104 0
89 148 0
89 169 0
91 157 0
94 131 0
96 154 0
96 177 0
98 141 0
99 101 0
99 137 0
100 105 0
100 158 0
100 164 0
101 163 0
102 104 0
103 174 0
104 158 0
104 179 0
106 159 0
108 114 0
109 149 0
114 115 0
114 169 0
114 171 0
116 143 0
116 144 0
116 172 0
117 142 0
118 176 0
119 174 0
120 161 0
121 153 0
123 163 0
124 125 0
124 140 0
128 148 0
130 174 0
133 137 0
133 180 0
136 166 0
137 140 0
138 147 0
138 174 0
139 174 0
140 160 0
141 152 0
141 161 0
145 155 0
146 157 0
146 159 0
146 176 0
149 172 0
150 155 0
153 168 0
153 178 0
155 165 0
155 170 0
159 172 0
163 167 0
173 175 0
