400 459 0
1 50 0
1 145 0
1 340 0
1 355 0
1 361 0
2 101 0
2 219 0
3 219 0
3 259 0
4 47 0
4 88 0
4 142 0
4 206 0
5 350 0
6 255 0
7 24 0
7 100 0
7 108 0
7 123 0
7 166 0
8 48 0
8 94 0
8 106 0
8 284 0
9 75 0
10 164 0
11 153 0
12 46 0
12 129 0
13 49 0
13 87 0
13 192 0
13 258 0
13 271 0
13 369 0
14 128 0
14 188 0
15 175 0
15 234 0
16 287 0
16 390 0
17 144 0
18 129 0
19 129 0
20 75 0
20 325 0
21 251 0
21 280 0
21 304 0
21 358 0
22 189 0
23 331 0
23 349 0
24 297 0
25 325 0
26 235 0
27 102 0
28 255 0
29 36 0
29 277 0
29 297 0
29 311 0
30 296 0
31 153 0
32 80 0
32 98 0
32 157 0
32 263 0
33 161 0
33 162 0
33 248 0
33 382 0
34 144 0
35 281 0
36 62 0
36 152 0
36 170 0
36 392 0
37 135 0
37 147 0
38 163 0
38 233 0
38 238 0
38 260 0
38 354 0
38 359 0
39 111 0
40 133 0
40 158 0
40 202 0
40 230 0
40 303 0
40 316 0
41 129 0
41 139 0
41 172 0
41 394 0
42 348 0
43 239 0
44 125 0
44 170 0
44 201 0
44 294 0
45 51 0
46 298 0
47 62 0
47 125 0
47 171 0
47 375 0
51 77 0
51 112 0
51 279 0
52 109 0
52 128 0
52 308 0
52 400 0
53 126 0
53 261 0
53 279 0
53 389 0
54 236 0
54 238 0
54 271 0
54 299 0
55 395 0
56 229 0
57 147 0
58 234 0
59 100 0
59 127 0
59 171 0
59 280 0
60 141 0
60 168 0
60 210 0
60 270 0
61 83 0
63 94 0
63 137 0
63 266 0
63 362 0
64 400 0
65 82 0
66 154 0
66 364 0
67 188 0
68 224 0
69 337 0
70 154 0
70 315 0
70 380 0
70 382 0
71 124 0
71 199 0
71 246 0
71 271 0
71 336 0
72 81 0
72 267 0
73 343 0
74 111 0
75 157 0
75 293 0
76 217 0
76 254 0
78 307 0
79 386 0
81 182 0
81 241 0
81 351 0
82 97 0
82 151 0
82 186 0
83 135 0
83 244 0
83 333 0
84 153 0
84 226 0
84 255 0
84 260 0
84 311 0
84 390 0
85 172 0
86 255 0
88 167 0
88 195 0
88 378 0
89 198 0
90 142 0
91 119 0
91 190 0
91 218 0
91 221 0
91 232 0
92 244 0
92 390 0
93 144 0
94 325 0
94 363 0
94 380 0
95 185 0
95 282 0
95 283 0
95 355 0
96 296 0
99 128 0
99 204 0
100 224 0
100 239 0
101 265 0
101 363 0
101 372 0
102 194 0
102 312 0
102 314 0
102 388 0
103 229 0
104 262 0
105 349 0
107 257 0
107 329 0
109 286 0
109 328 0
109 338 0
109 390 0
110 206 0
111 125 0
111 249 0
111 280 0
113 198 0
113 234 0
113 264 0
113 307 0
114 257 0
115 191 0
115 225 0
115 291 0
115 314 0
116 400 0
117 139 0
118 364 0
120 147 0
121 329 0
122 231 0
125 281 0
127 147 0
127 181 0
127 235 0
128 305 0
129 158 0
130 138 0
131 257 0
132 275 0
132 319 0
134 172 0
134 335 0
135 298 0
135 329 0
135 394 0
136 267 0
136 329 0
138 148 0
138 313 0
138 340 0
139 309 0
139 341 0
140 250 0
142 253 0
142 369 0
143 307 0
143 388 0
144 214 0
146 278 0
148 264 0
148 364 0
148 395 0
149 310 0
150 343 0
150 386 0
153 384 0
155 318 0
156 298 0
157 300 0
157 349 0
158 343 0
159 181 0
160 180 0
160 371 0
164 205 0
164 218 0
164 397 0
165 387 0
169 387 0
171 187 0
171 300 0
172 330 0
173 219 0
174 285 0
175 202 0
175 274 0
175 398 0
176 206 0
177 390 0
178 234 0
179 189 0
180 252 0
180 288 0
180 382 0
181 183 0
181 192 0
182 285 0
182 300 0
182 310 0
184 187 0
184 264 0
184 311 0
184 322 0
186 216 0
186 250 0
186 308 0
187 240 0
187 248 0
188 214 0
188 230 0
188 381 0
189 242 0
189 273 0
189 279 0
189 387 0
191 255 0
191 391 0
193 198 0
196 218 0
196 237 0
196 254 0
196 360 0
197 353 0
198 269 0
199 235 0
200 325 0
202 217 0
202 264 0
202 396 0
203 219 0
203 386 0
204 206 0
204 386 0
206 371 0
207 224 0
208 231 0
209 285 0
210 257 0
210 377 0
210 387 0
211 229 0
212 263 0
212 278 0
213 318 0
214 228 0
214 350 0
215 234 0
216 287 0
216 289 0
216 290 0
217 354 0
217 356 0
218 300 0
219 375 0
220 250 0
221 353 0
222 239 0
223 319 0
224 385 0
226 296 0
226 337 0
226 377 0
226 386 0
227 379 0
228 260 0
228 322 0
228 355 0
229 375 0
231 280 0
231 285 0
231 321 0
231 355 0
235 242 0
239 245 0
240 308 0
240 377 0
240 394 0
243 298 0
243 350 0
247 262 0
247 318 0
247 319 0
247 322 0
250 399 0
252 372 0
256 297 0
257 326 0
258 386 0
259 349 0
260 353 0
260 357 0
262 331 0
262 393 0
267 357 0
268 281 0
271 311 0
272 317 0
275 394 0
275 395 0
276 317 0
276 374 0
277 301 0
277 367 0
277 391 0
278 314 0
278 323 0
279 394 0
280 343 0
281 347 0
285 345 0
292 297 0
295 350 0
296 320 0
300 381 0
300 388 0
302 400 0
306 395 0
307 388 0
308 314 0
310 324 0
310 376 0
317 370 0
317 375 0
318 383 0
319 335 0
322 363 0
325 342 0
327 348 0
329 339 0
332 379 0
334 364 0
337 346 0
337 365 0
339 350 0
344 386 0
348 355 0
348 374 0
352 379 0
353 373 0
357 366 0
357 396 0
363 379 0
368 387 0
377 382 0
386 387 0
