80 93 0
1 44 0
2 69 0
3 30 0
3 61 0
4 11 0
4 18 0
4 52 0
4 58 0
5 71 0
6 44 0
7 70 0
8 32 0
9 17 0
10 69 0
11 22 0
12 68 0
12 75 0
12 76 0
13 41 0
14 44 0
15 38 0
15 50 0
16 17 0
16 32 0
17 25 0
17 27 0
17 67 0
17 73 0
18 27 0
19 30 0
19 35 0
19 57 0
19 63 0
20 46 0
20 70 0
21 56 0
22 80 0
23 26 0
23 38 0
24 78 0
25 44 0
25 46 0
25 75 0
26 34 0
28 46 0
29 78 0
30 31 0
30 76 0
32 74 0
32 77 0
33 71 0
34 42 0
34 51 0
34 59 0
36 50 0
36 64 0
37 46 0
38 39 0
38 68 0
40 78 0
41 42 0
41 53 0
41 64 0
41 74 0
42 69 0
42 75 0
43 59 0
43 70 0
45 55 0
45 56 0
46 47 0
48 50 0
49 55 0
50 73 0
50 76 0
50 79 0
53 70 0
54 56 0
55 68 0
55 72 0
56 58 0
56 60 0
58 76 0
58 80 0
62 80 0
64 75 0
65 80 0
66 69 0
67 71 0
68 71 0
70 74 0
74 75 0
74 78 0
