160 179 0
1 155 0
2 136 0
3 48 0
4 5 0
4 51 0
4 75 0
4 128 0
6 94 0
7 113 0
8 94 0
9 26 0
9 93 0
9 122 0
9 145 0
10 36 0
10 46 0
11 55 0
11 80 0
11 111 0
11 130 0
11 160 0
12 43 0
13 41 0
13 96 0
13 120 0
13 141 0
14 94 0
15 28 0
15 56 0
15 60 0
15 157 0
16 22 0
16 38 0
16 79 0
16 140 0
17 141 0
18 82 0
18 88 0
19 32 0
20 32 0
21 64 0
23 42 0
23 134 0
23 147 0
24 137 0
25 120 0
26 98 0
26 109 0
26 142 0
27 133 0
29 123 0
30 127 0
31 44 0
31 45 0
31 116 0
32 145 0
32 148 0
33 109 0
34 68 0
35 61 0
36 127 0
37 46 0
39 49 0
39 75 0
39 97 0
39 157 0
40 41 0
41 74 0
41 159 0
42 136 0
43 45 0
43 76 0
43 97 0
44 146 0
46 83 0
46 129 0
47 76 0
47 93 0
48 87 0
48 92 0
48 110 0
48 157 0
49 122 0
49 132 0
50 123 0
51 69 0
52 70 0
52 81 0
52 96 0
52 146 0
53 141 0
54 134 0
55 136 0
55 145 0
57 88 0
58 70 0
59 115 0
61 62 0
61 149 0
61 154 0
63 81 0
64 71 0
64 80 0
64 108 0
65 79 0
65 109 0
66 135 0
67 73 0
67 101 0
67 112 0
67 157 0
68 95 0
68 105 0
68 154 0
69 155 0
70 118 0
70 152 0
71 96 0
72 88 0
72 94 0
72 132 0
72 135 0
75 113 0
75 133 0
76 146 0
77 81 0
77 142 0
78 113 0
80 96 0
80 115 0
81 124 0
81 155 0
82 133 0
83 116 0
83 122 0
83 134 0
84 135 0
85 120 0
86 155 0
87 106 0
88 92 0
89 116 0
90 142 0
91 135 0
93 117 0
93 126 0
96 122 0
97 137 0
97 155 0
98 99 0
98 125 0
98 151 0
100 141 0
102 127 0
103 116 0
104 115 0
106 120 0
107 123 0
109 121 0
110 120 0
113 153 0
114 133 0
115 119 0
123 140 0
127 140 0
131 146 0
132 140 0
132 154 0
134 156 0
136 138 0
136 154 0
137 143 0
137 144 0
139 142 0
139 149 0
142 150 0
145 147 0
146 158 0
148 150 0
