700 861 0
1 226 0
1 398 0
1 469 0
1 573 0
1 686 0
2 32 0
2 40 0
2 92 0
2 230 0
3 259 0
3 460 0
3 661 0
4 449 0
5 308 0
6 198 0
7 66 0
7 245 0
7 259 0
7 386 0
8 90 0
8 487 0
8 519 0
9 141 0
9 302 0
9 559 0
9 571 0
10 530 0
11 169 0
12 77 0
12 127 0
12 394 0
12 467 0
13 50 0
13 240 0
13 291 0
13 310 0
13 579 0
14 296 0
14 519 0
14 526 0
14 606 0
15 38 0
15 585 0
15 647 0
16 26 0
16 231 0
16 275 0
16 507 0
17 600 0
18 50 0
18 79 0
18 205 0
18 224 0
18 470 0
18 582 0
18 588 0
18 663 0
19 388 0
20 560 0
21 407 0
22 635 0
23 150 0
23 395 0
23 571 0
23 676 0
24 447 0
25 241 0
26 535 0
26 600 0
26 632 0
27 540 0
28 179 0
28 329 0
28 571 0
28 654 0
29 119 0
29 186 0
29 295 0
29 445 0
30 57 0
30 149 0
30 283 0
30 478 0
30 598 0
30 604 0
30 655 0
31 48 0
31 271 0
31 484 0
31 559 0
32 446 0
32 596 0
32 618 0
33 133 0
33 515 0
33 520 0
34 45 0
34 199 0
34 250 0
34 364 0
35 242 0
35 334 0
35 538 0
35 619 0
36 281 0
37 169 0
38 194 0
38 468 0
38 675 0
38 698 0
39 189 0
39 428 0
39 494 0
39 543 0
39 620 0
40 351 0
40 417 0
40 664 0
41 546 0
42 530 0
43 251 0
44 460 0
45 172 0
45 304 0
45 494 0
45 587 0
45 611 0
46 106 0
47 249 0
48 641 0
48 696 0
49 312 0
50 635 0
51 234 0
52 601 0
52 606 0
52 631 0
53 560 0
54 112 0
55 145 0
56 374 0
56 419 0
56 572 0
56 659 0
58 515 0
59 641 0
60 98 0
61 90 0
61 132 0
61 135 0
61 341 0
61 474 0
62 601 0
63 371 0
64 213 0
64 349 0
64 586 0
64 633 0
64 634 0
65 271 0
65 309 0
65 390 0
65 519 0
65 695 0
66 81 0
66 210 0
66 235 0
67 526 0
68 323 0
69 305 0
70 312 0
70 345 0
70 411 0
70 522 0
71 111 0
71 133 0
71 228 0
71 325 0
71 686 0
72 532 0
73 84 0
73 289 0
73 351 0
73 433 0
73 468 0
73 501 0
74 547 0
75 494 0
75 525 0
75 574 0
75 642 0
76 615 0
77 152 0
77 243 0
77 605 0
78 114 0
80 262 0
82 297 0
83 440 0
85 217 0
86 644 0
87 310 0
87 400 0
87 461 0
87 482 0
88 154 0
89 218 0
89 357 0
89 560 0
90 425 0
90 460 0
90 635 0
91 338 0
91 345 0
91 526 0
92 146 0
92 231 0
92 400 0
93 526 0
94 327 0
94 484 0
94 601 0
95 360 0
96 272 0
96 523 0
96 543 0
96 622 0
97 111 0
97 340 0
97 351 0
97 478 0
97 575 0
97 630 0
98 275 0
98 292 0
98 321 0
99 682 0
100 694 0
101 198 0
102 199 0
102 290 0
102 345 0
102 616 0
103 434 0
104 470 0
104 501 0
104 578 0
104 612 0
105 106 0
105 158 0
105 439 0
105 583 0
106 151 0
106 563 0
106 586 0
107 135 0
108 546 0
109 606 0
110 605 0
111 281 0
112 119 0
112 185 0
112 220 0
112 436 0
112 443 0
113 587 0
114 122 0
114 409 0
114 638 0
115 546 0
116 603 0
117 218 0
118 325 0
118 334 0
118 385 0
118 535 0
118 537 0
119 359 0
119 389 0
119 390 0
120 434 0
121 213 0
121 279 0
121 372 0
121 474 0
122 461 0
122 498 0
122 672 0
123 230 0
124 624 0
125 131 0
125 137 0
125 302 0
125 306 0
125 459 0
125 691 0
126 460 0
128 456 0
129 311 0
129 532 0
129 592 0
130 132 0
130 302 0
130 407 0
131 345 0
131 558 0
132 306 0
132 423 0
133 457 0
133 472 0
133 586 0
134 687 0
135 297 0
135 317 0
136 247 0
136 278 0
136 335 0
138 228 0
139 380 0
140 249 0
141 298 0
141 487 0
141 601 0
142 278 0
143 206 0
143 244 0
143 362 0
143 463 0
143 558 0
144 305 0
145 265 0
145 355 0
145 358 0
145 673 0
146 440 0
146 542 0
146 584 0
147 192 0
147 202 0
147 354 0
147 667 0
147 684 0
148 461 0
152 271 0
152 501 0
152 558 0
152 589 0
153 495 0
154 391 0
154 496 0
154 612 0
155 647 0
156 380 0
157 241 0
158 270 0
158 287 0
158 493 0
158 608 0
158 698 0
159 462 0
159 541 0
159 590 0
160 218 0
161 173 0
161 222 0
161 520 0
161 572 0
162 533 0
163 203 0
164 624 0
165 316 0
166 293 0
166 342 0
166 478 0
166 545 0
167 449 0
168 370 0
169 410 0
169 444 0
170 399 0
171 193 0
171 287 0
171 439 0
171 587 0
172 314 0
172 366 0
172 564 0
173 286 0
173 380 0
173 385 0
173 585 0
174 371 0
175 281 0
176 555 0
177 669 0
178 502 0
180 356 0
181 191 0
182 434 0
183 302 0
183 338 0
183 547 0
184 553 0
185 230 0
185 515 0
187 635 0
188 635 0
190 456 0
191 318 0
191 531 0
191 567 0
191 573 0
193 306 0
193 324 0
195 201 0
195 203 0
195 420 0
195 677 0
196 199 0
196 216 0
196 266 0
196 528 0
197 425 0
198 525 0
198 695 0
199 384 0
199 694 0
200 562 0
201 332 0
201 384 0
203 270 0
203 613 0
203 648 0
204 322 0
205 247 0
205 451 0
205 687 0
207 251 0
208 447 0
209 243 0
211 223 0
211 231 0
211 279 0
211 418 0
211 588 0
212 584 0
213 470 0
213 624 0
214 601 0
215 553 0
217 227 0
217 429 0
217 681 0
218 279 0
218 378 0
218 422 0
219 313 0
219 358 0
219 477 0
219 481 0
220 371 0
220 672 0
221 451 0
222 484 0
222 522 0
222 597 0
223 234 0
223 274 0
223 356 0
224 250 0
224 661 0
225 404 0
227 247 0
227 515 0
227 696 0
228 350 0
228 397 0
228 503 0
229 606 0
230 253 0
230 343 0
231 484 0
232 616 0
233 357 0
234 581 0
234 591 0
236 239 0
236 336 0
236 346 0
236 520 0
237 323 0
238 449 0
240 365 0
240 605 0
241 396 0
241 418 0
243 263 0
243 273 0
245 436 0
245 444 0
245 559 0
245 619 0
246 335 0
247 559 0
247 623 0
248 669 0
249 441 0
249 666 0
249 676 0
250 404 0
250 502 0
250 533 0
251 258 0
251 450 0
251 583 0
252 259 0
254 271 0
254 297 0
254 695 0
255 454 0
256 486 0
257 535 0
258 439 0
258 551 0
259 285 0
260 298 0
261 533 0
262 302 0
262 639 0
262 652 0
264 562 0
267 274 0
267 284 0
267 389 0
268 631 0
269 602 0
270 300 0
270 390 0
270 682 0
271 341 0
274 353 0
274 452 0
274 482 0
275 379 0
275 556 0
276 537 0
277 384 0
278 319 0
278 444 0
278 617 0
279 316 0
280 435 0
281 507 0
282 296 0
283 372 0
283 615 0
284 315 0
284 361 0
284 427 0
284 504 0
286 335 0
286 533 0
287 335 0
287 663 0
288 602 0
290 605 0
290 696 0
294 502 0
295 619 0
295 687 0
296 382 0
296 506 0
296 511 0
297 491 0
298 376 0
298 453 0
298 658 0
299 454 0
300 530 0
300 592 0
301 386 0
302 305 0
302 695 0
303 532 0
304 454 0
304 462 0
305 383 0
306 380 0
307 385 0
308 505 0
308 621 0
308 673 0
309 468 0
309 666 0
309 684 0
310 530 0
310 553 0
310 597 0
311 314 0
311 480 0
311 550 0
311 619 0
312 471 0
312 511 0
312 544 0
314 655 0
316 463 0
316 466 0
317 558 0
317 592 0
318 540 0
318 603 0
320 606 0
322 402 0
322 520 0
322 561 0
323 375 0
323 623 0
324 427 0
324 473 0
324 626 0
325 535 0
326 430 0
326 552 0
326 568 0
326 583 0
327 533 0
327 540 0
327 585 0
328 694 0
330 555 0
331 495 0
332 358 0
332 364 0
332 478 0
332 590 0
333 542 0
334 612 0
335 464 0
337 585 0
338 448 0
338 474 0
338 492 0
338 510 0
338 525 0
339 562 0
341 350 0
341 583 0
344 411 0
345 485 0
347 377 0
348 661 0
350 624 0
350 647 0
352 384 0
356 549 0
356 688 0
357 580 0
357 619 0
357 629 0
358 433 0
358 547 0
358 667 0
359 399 0
359 669 0
360 507 0
360 509 0
360 692 0
363 400 0
363 570 0
363 593 0
363 683 0
364 484 0
364 672 0
365 401 0
365 513 0
365 591 0
365 623 0
367 641 0
368 411 0
369 440 0
370 573 0
370 610 0
370 614 0
371 666 0
372 619 0
372 647 0
373 624 0
377 426 0
377 433 0
377 439 0
377 558 0
379 424 0
379 514 0
379 534 0
380 453 0
380 475 0
381 682 0
385 637 0
386 650 0
386 674 0
387 483 0
387 520 0
387 542 0
388 511 0
388 590 0
388 671 0
389 416 0
389 499 0
389 686 0
390 573 0
392 600 0
393 535 0
399 512 0
399 668 0
399 677 0
400 562 0
400 615 0
401 540 0
401 615 0
403 551 0
404 516 0
404 670 0
405 456 0
406 540 0
407 508 0
407 589 0
407 657 0
408 498 0
411 588 0
412 605 0
413 661 0
414 553 0
415 611 0
418 551 0
418 641 0
420 571 0
420 678 0
420 685 0
421 696 0
422 616 0
422 687 0
425 569 0
425 653 0
427 456 0
427 519 0
431 661 0
432 540 0
434 684 0
435 444 0
435 517 0
435 663 0
436 462 0
437 542 0
438 440 0
439 530 0
442 483 0
447 455 0
447 589 0
449 466 0
449 590 0
451 479 0
451 651 0
453 530 0
454 539 0
454 666 0
458 487 0
460 527 0
461 636 0
462 505 0
462 680 0
463 507 0
464 522 0
464 560 0
464 631 0
465 556 0
466 542 0
468 537 0
471 495 0
471 507 0
474 493 0
476 641 0
482 631 0
483 520 0
483 554 0
486 572 0
486 627 0
486 645 0
487 497 0
488 647 0
489 541 0
490 498 0
493 611 0
495 612 0
495 700 0
498 693 0
500 537 0
502 660 0
504 546 0
504 612 0
505 602 0
505 672 0
507 644 0
515 699 0
518 687 0
519 525 0
519 604 0
521 615 0
522 543 0
524 632 0
526 679 0
529 547 0
532 665 0
532 677 0
536 551 0
537 662 0
540 677 0
541 558 0
541 595 0
542 667 0
543 555 0
543 676 0
546 623 0
546 655 0
548 600 0
555 656 0
556 604 0
556 646 0
557 592 0
563 571 0
563 619 0
565 592 0
566 616 0
572 603 0
573 663 0
576 602 0
577 694 0
583 661 0
584 607 0
584 697 0
585 625 0
586 672 0
587 649 0
589 616 0
590 669 0
590 673 0
591 611 0
592 684 0
594 632 0
597 612 0
597 677 0
599 631 0
603 690 0
605 628 0
609 611 0
611 643 0
632 686 0
640 682 0
644 655 0
644 689 0
687 698 0
