500 672 0
1 274 0
2 281 0
3 21 0
3 26 0
3 88 0
3 99 0
3 215 0
3 228 0
4 21 0
4 399 0
5 237 0
5 306 0
5 395 0
5 475 0
6 201 0
7 76 0
7 329 0
7 339 0
7 456 0
8 59 0
8 200 0
8 390 0
8 419 0
9 179 0
10 283 0
11 426 0
12 88 0
12 157 0
12 202 0
12 204 0
12 478 0
13 61 0
13 155 0
13 226 0
13 251 0
13 286 0
14 49 0
14 273 0
14 357 0
14 452 0
15 57 0
15 61 0
15 75 0
15 222 0
15 292 0
16 52 0
16 412 0
17 117 0
17 119 0
17 123 0
17 144 0
17 148 0
17 224 0
18 25 0
18 361 0
18 448 0
18 470 0
18 476 0
19 96 0
19 466 0
20 38 0
20 411 0
21 47 0
21 273 0
21 353 0
21 363 0
22 420 0
22 479 0
23 100 0
23 153 0
23 311 0
24 201 0
25 28 0
25 87 0
25 171 0
25 404 0
25 495 0
26 141 0
26 202 0
26 238 0
26 316 0
27 59 0
27 259 0
27 312 0
27 313 0
27 447 0
28 220 0
29 342 0
29 348 0
29 377 0
29 382 0
29 446 0
30 283 0
31 293 0
31 464 0
32 454 0
33 261 0
34 283 0
35 115 0
36 355 0
36 357 0
37 270 0
37 418 0
38 231 0
38 387 0
38 483 0
39 56 0
39 208 0
39 255 0
39 486 0
40 45 0
40 55 0
40 81 0
40 192 0
40 221 0
40 302 0
41 311 0
42 261 0
42 473 0
42 481 0
43 479 0
44 249 0
44 356 0
44 465 0
44 478 0
46 70 0
46 113 0
46 150 0
46 474 0
47 52 0
47 244 0
47 488 0
48 243 0
50 68 0
50 250 0
50 278 0
50 437 0
50 454 0
51 85 0
51 231 0
52 72 0
52 159 0
53 214 0
54 214 0
54 352 0
55 382 0
55 421 0
56 169 0
56 384 0
56 400 0
57 365 0
58 214 0
59 204 0
59 362 0
60 481 0
61 137 0
61 485 0
62 153 0
62 291 0
62 316 0
63 98 0
63 99 0
63 107 0
63 175 0
64 186 0
65 264 0
66 471 0
67 448 0
69 225 0
69 418 0
71 311 0
71 466 0
72 434 0
72 447 0
73 290 0
73 321 0
74 116 0
74 142 0
74 263 0
74 414 0
75 301 0
75 309 0
75 333 0
75 380 0
75 499 0
76 114 0
76 126 0
76 157 0
76 491 0
77 186 0
78 94 0
78 122 0
78 295 0
78 382 0
79 193 0
79 215 0
80 426 0
82 227 0
83 304 0
84 143 0
85 137 0
85 166 0
85 330 0
86 151 0
87 249 0
88 351 0
88 441 0
88 500 0
89 106 0
89 275 0
89 293 0
89 325 0
89 470 0
90 428 0
91 304 0
91 418 0
92 167 0
92 180 0
92 262 0
92 292 0
93 211 0
93 274 0
93 477 0
95 488 0
96 168 0
96 197 0
96 229 0
96 254 0
96 463 0
97 235 0
97 274 0
97 283 0
97 411 0
99 157 0
99 304 0
99 428 0
100 172 0
100 176 0
100 347 0
100 354 0
100 412 0
101 290 0
102 160 0
102 365 0
103 132 0
103 348 0
104 486 0
105 108 0
105 262 0
105 340 0
105 463 0
106 219 0
106 240 0
106 445 0
106 449 0
106 450 0
107 326 0
109 491 0
110 179 0
110 274 0
110 491 0
111 376 0
112 124 0
112 144 0
112 219 0
112 385 0
113 393 0
114 136 0
115 121 0
115 127 0
115 171 0
117 122 0
118 132 0
118 416 0
119 139 0
119 148 0
119 220 0
119 256 0
119 359 0
120 292 0
121 459 0
124 253 0
124 266 0
124 409 0
125 481 0
126 236 0
126 332 0
126 410 0
128 174 0
128 277 0
128 315 0
128 462 0
129 466 0
130 284 0
131 164 0
131 288 0
132 224 0
132 241 0
132 316 0
132 345 0
132 490 0
133 209 0
133 280 0
133 322 0
134 162 0
135 151 0
136 331 0
136 333 0
136 401 0
137 243 0
137 434 0
137 472 0
138 226 0
139 207 0
139 373 0
139 403 0
140 389 0
142 211 0
143 272 0
143 279 0
143 381 0
144 200 0
144 215 0
144 241 0
145 239 0
145 302 0
145 320 0
145 440 0
146 255 0
147 365 0
148 236 0
148 319 0
148 475 0
149 196 0
149 436 0
150 214 0
150 224 0
150 337 0
151 247 0
151 381 0
152 257 0
152 361 0
152 408 0
153 207 0
153 374 0
153 451 0
154 179 0
155 355 0
156 361 0
157 382 0
158 496 0
159 230 0
160 218 0
160 335 0
160 346 0
160 414 0
160 429 0
161 376 0
162 192 0
162 225 0
162 431 0
163 286 0
164 308 0
164 318 0
164 383 0
164 426 0
164 487 0
165 496 0
167 215 0
168 338 0
170 451 0
171 203 0
171 264 0
171 338 0
173 325 0
175 318 0
176 462 0
177 236 0
177 436 0
178 454 0
179 393 0
179 452 0
180 476 0
181 255 0
182 246 0
182 279 0
183 284 0
184 192 0
184 416 0
185 332 0
185 471 0
186 297 0
186 372 0
186 483 0
187 235 0
188 434 0
189 264 0
189 464 0
190 281 0
191 409 0
192 204 0
192 415 0
193 256 0
193 408 0
193 478 0
193 499 0
194 405 0
195 292 0
196 224 0
196 253 0
198 434 0
199 343 0
200 450 0
201 306 0
201 321 0
201 408 0
202 208 0
202 259 0
202 485 0
203 227 0
203 365 0
203 399 0
203 411 0
204 444 0
205 304 0
206 343 0
206 399 0
207 426 0
208 381 0
208 462 0
209 259 0
209 338 0
209 396 0
209 411 0
210 361 0
210 490 0
211 245 0
211 362 0
212 280 0
212 382 0
213 460 0
213 486 0
215 344 0
215 371 0
216 257 0
216 342 0
216 438 0
216 444 0
217 347 0
218 246 0
220 267 0
220 305 0
221 222 0
221 335 0
222 296 0
222 425 0
223 436 0
224 266 0
224 307 0
224 442 0
226 269 0
226 398 0
226 416 0
227 326 0
227 364 0
228 251 0
228 479 0
229 479 0
230 256 0
230 273 0
230 298 0
232 421 0
232 476 0
233 347 0
233 443 0
233 472 0
234 374 0
235 322 0
235 350 0
236 359 0
241 293 0
241 416 0
241 470 0
242 362 0
243 413 0
243 482 0
244 270 0
244 457 0
244 498 0
245 274 0
246 269 0
246 300 0
246 444 0
247 360 0
248 293 0
248 446 0
249 250 0
250 405 0
250 411 0
250 436 0
251 324 0
251 489 0
252 409 0
253 421 0
253 469 0
253 472 0
254 338 0
254 383 0
254 467 0
255 285 0
255 386 0
258 375 0
259 363 0
260 451 0
261 303 0
261 427 0
263 486 0
264 282 0
265 299 0
265 426 0
266 306 0
266 347 0
266 354 0
266 485 0
268 358 0
271 355 0
274 278 0
275 341 0
275 447 0
275 477 0
275 493 0
275 500 0
276 428 0
280 294 0
280 340 0
281 303 0
281 318 0
281 360 0
282 487 0
284 306 0
284 310 0
286 288 0
286 436 0
286 468 0
287 415 0
288 400 0
289 466 0
290 392 0
290 487 0
291 299 0
291 353 0
291 435 0
293 349 0
293 480 0
294 404 0
294 423 0
297 329 0
298 396 0
298 459 0
299 329 0
302 347 0
302 358 0
302 389 0
302 396 0
303 311 0
303 359 0
303 478 0
311 420 0
314 456 0
314 486 0
317 383 0
317 440 0
319 403 0
319 448 0
321 369 0
323 374 0
325 433 0
325 460 0
327 343 0
327 399 0
328 459 0
331 337 0
331 343 0
331 375 0
334 405 0
335 429 0
335 434 0
336 416 0
337 340 0
337 485 0
338 452 0
340 496 0
342 344 0
342 392 0
342 459 0
343 447 0
344 377 0
347 372 0
349 389 0
352 434 0
353 364 0
353 471 0
353 479 0
354 417 0
354 454 0
354 470 0
355 462 0
355 495 0
356 377 0
358 379 0
358 424 0
359 363 0
359 414 0
362 402 0
363 470 0
365 487 0
366 448 0
367 383 0
367 417 0
368 415 0
369 496 0
370 417 0
370 465 0
371 389 0
374 452 0
374 492 0
375 378 0
375 386 0
376 423 0
376 487 0
377 407 0
381 466 0
382 389 0
383 391 0
383 458 0
383 473 0
384 485 0
388 488 0
389 402 0
391 409 0
394 417 0
396 483 0
396 487 0
397 409 0
397 450 0
399 422 0
399 464 0
405 494 0
406 428 0
407 488 0
414 481 0
415 432 0
417 431 0
418 439 0
418 483 0
421 429 0
422 436 0
426 462 0
430 467 0
431 471 0
443 467 0
444 451 0
450 481 0
453 454 0
455 459 0
459 478 0
461 467 0
466 474 0
471 473 0
476 484 0
481 494 0
491 497 0
