80 106 0
1 49 0
2 31 0
3 56 0
4 24 0
5 12 0
5 14 0
5 36 0
5 48 0
6 19 0
6 42 0
6 50 0
7 45 0
7 46 0
7 48 0
7 57 0
7 60 0
8 55 0
9 16 0
10 16 0
10 53 0
11 35 0
11 53 0
12 39 0
12 64 0
13 14 0
14 33 0
14 68 0
15 23 0
15 38 0
15 64 0
15 80 0
16 59 0
16 62 0
16 66 0
17 37 0
17 56 0
18 24 0
19 43 0
19 64 0
20 63 0
20 74 0
21 38 0
21 51 0
22 33 0
22 43 0
22 55 0
23 51 0
23 59 0
23 73 0
24 36 0
24 52 0
24 56 0
25 31 0
26 55 0
27 80 0
28 49 0
29 80 0
30 63 0
31 38 0
31 41 0
31 67 0
32 43 0
32 68 0
34 42 0
35 36 0
35 78 0
36 40 0
36 54 0
37 49 0
38 70 0
38 77 0
39 42 0
39 53 0
39 57 0
40 53 0
41 45 0
41 49 0
41 50 0
41 64 0
42 69 0
42 75 0
43 48 0
44 45 0
44 57 0
44 78 0
45 48 0
47 50 0
48 63 0
50 76 0
51 54 0
52 66 0
53 61 0
55 62 0
55 68 0
55 79 0
56 60 0
56 62 0
56 74 0
56 79 0
57 58 0
57 65 0
60 80 0
62 64 0
63 71 0
63 72 0
72 80 0
