200 312 0
1 131 0
1 154 0
1 190 0
1 196 0
2 24 0
2 127 0
3 50 0
3 87 0
3 112 0
3 131 0
4 181 0
5 77 0
5 105 0
5 142 0
5 144 0
5 156 0
5 198 0
6 88 0
6 110 0
6 173 0
6 177 0
6 180 0
7 28 0
7 56 0
7 80 0
7 197 0
8 24 0
8 45 0
9 35 0
9 50 0
9 136 0
9 174 0
10 46 0
10 86 0
10 130 0
10 163 0
10 173 0
11 24 0
11 35 0
11 77 0
11 85 0
11 92 0
11 120 0
11 139 0
11 149 0
12 139 0
12 189 0
13 181 0
13 184 0
13 187 0
14 56 0
14 104 0
14 116 0
14 120 0
14 127 0
15 120 0
15 197 0
16 33 0
16 50 0
17 140 0
17 199 0
18 86 0
18 185 0
19 106 0
19 154 0
19 166 0
20 143 0
21 40 0
21 42 0
21 151 0
22 39 0
22 99 0
23 31 0
23 108 0
25 129 0
26 123 0
26 148 0
26 160 0
27 117 0
27 127 0
28 58 0
28 122 0
28 194 0
29 151 0
29 197 0
30 53 0
30 115 0
31 54 0
31 168 0
31 176 0
31 177 0
32 34 0
32 70 0
32 105 0
32 107 0
32 119 0
32 170 0
32 184 0
33 55 0
33 133 0
33 163 0
35 136 0
35 151 0
35 184 0
35 186 0
36 134 0
36 165 0
36 166 0
36 168 0
37 77 0
37 136 0
38 139 0
38 140 0
38 173 0
39 84 0
39 178 0
40 74 0
40 103 0
40 129 0
40 188 0
41 83 0
41 133 0
41 140 0
41 151 0
41 186 0
41 187 0
41 199 0
42 55 0
42 102 0
42 104 0
43 57 0
44 139 0
44 151 0
44 170 0
44 191 0
45 69 0
45 73 0
45 110 0
45 191 0
46 72 0
47 133 0
48 133 0
48 162 0
48 167 0
48 197 0
49 66 0
49 80 0
49 157 0
49 168 0
50 82 0
50 95 0
50 157 0
51 69 0
51 122 0
51 128 0
51 145 0
52 62 0
52 105 0
53 97 0
53 117 0
53 168 0
53 184 0
55 75 0
55 116 0
56 102 0
56 154 0
56 198 0
57 74 0
57 93 0
57 194 0
58 62 0
58 114 0
58 175 0
59 66 0
59 160 0
60 148 0
60 174 0
60 177 0
61 142 0
61 149 0
61 150 0
61 183 0
62 68 0
62 100 0
62 163 0
63 153 0
64 67 0
64 115 0
64 157 0
64 164 0
64 169 0
64 186 0
64 193 0
65 98 0
66 99 0
66 106 0
66 126 0
67 133 0
68 130 0
71 102 0
72 76 0
72 122 0
72 138 0
72 182 0
72 192 0
73 109 0
74 109 0
75 88 0
75 198 0
75 199 0
77 85 0
77 198 0
78 181 0
79 99 0
79 161 0
80 186 0
80 188 0
81 144 0
81 175 0
82 172 0
83 84 0
83 108 0
83 119 0
85 123 0
85 138 0
85 179 0
85 194 0
86 103 0
86 113 0
86 142 0
87 126 0
88 159 0
89 104 0
89 114 0
89 146 0
89 154 0
89 171 0
90 112 0
91 143 0
92 106 0
92 127 0
94 178 0
95 152 0
96 129 0
97 102 0
98 109 0
98 110 0
98 172 0
99 184 0
100 102 0
101 116 0
102 130 0
102 157 0
102 198 0
103 105 0
104 164 0
106 137 0
106 162 0
106 199 0
107 112 0
107 139 0
107 148 0
107 194 0
107 197 0
108 148 0
108 186 0
109 162 0
110 197 0
111 114 0
112 200 0
114 124 0
114 161 0
115 136 0
116 143 0
116 158 0
116 159 0
118 153 0
118 173 0
120 121 0
120 147 0
122 153 0
123 164 0
124 177 0
125 127 0
126 132 0
126 135 0
129 154 0
134 191 0
136 195 0
137 185 0
140 188 0
141 143 0
141 181 0
141 189 0
141 197 0
142 186 0
143 169 0
151 170 0
152 175 0
153 167 0
155 189 0
157 159 0
159 198 0
160 192 0
160 198 0
162 190 0
163 185 0
163 198 0
174 189 0
175 179 0
178 187 0
178 194 0
