60 71 0
1 29 0
2 46 0
2 49 0
3 27 0
3 40 0
4 53 0
5 54 0
6 12 0
6 42 0
7 15 0
7 32 0
7 49 0
7 60 0
8 31 0
8 38 0
8 52 0
8 58 0
9 13 0
10 13 0
11 24 0
11 35 0
11 56 0
12 15 0
12 30 0
12 34 0
12 50 0
13 32 0
13 55 0
14 28 0
15 28 0
15 41 0
15 54 0
16 53 0
17 44 0
17 54 0
18 28 0
18 34 0
19 28 0
20 24 0
20 37 0
20 48 0
20 51 0
21 24 0
21 56 0
22 54 0
23 43 0
24 35 0
24 49 0
24 60 0
25 43 0
26 49 0
27 29 0
29 31 0
29 41 0
31 40 0
31 60 0
32 43 0
32 53 0
33 35 0
33 56 0
35 36 0
35 39 0
40 46 0
40 47 0
42 54 0
43 57 0
44 56 0
44 59 0
44 60 0
45 49 0
50 53 0
