80 133 0
1 47 0
1 50 0
1 51 0
1 55 0
2 18 0
2 29 0
3 11 0
3 39 0
3 40 0
3 65 0
4 33 0
5 15 0
5 27 0
5 48 0
5 61 0
5 75 0
6 12 0
6 49 0
7 15 0
7 27 0
7 53 0
7 67 0
8 17 0
8 70 0
9 37 0
10 49 0
11 19 0
12 16 0
12 65 0
12 69 0
12 72 0
13 24 0
13 29 0
13 34 0
14 77 0
15 33 0
15 34 0
15 37 0
16 24 0
16 31 0
16 48 0
17 51 0
17 60 0
17 65 0
18 20 0
18 53 0
18 60 0
18 62 0
18 68 0
18 80 0
19 29 0
19 34 0
19 42 0
19 45 0
19 59 0
19 68 0
21 22 0
21 23 0
21 31 0
21 43 0
22 32 0
22 49 0
23 35 0
23 39 0
23 42 0
23 65 0
24 49 0
24 57 0
24 69 0
24 71 0
25 31 0
25 43 0
26 29 0
26 39 0
26 56 0
26 57 0
27 32 0
28 48 0
28 54 0
29 56 0
29 64 0
29 77 0
30 31 0
30 45 0
30 50 0
30 66 0
30 74 0
31 32 0
31 64 0
31 78 0
33 71 0
33 73 0
34 46 0
34 51 0
34 62 0
35 64 0
36 44 0
36 51 0
36 59 0
36 70 0
37 40 0
37 55 0
37 74 0
38 39 0
38 69 0
39 62 0
39 78 0
40 45 0
41 52 0
41 57 0
41 61 0
41 63 0
41 68 0
41 76 0
42 61 0
42 64 0
43 58 0
43 62 0
44 49 0
44 77 0
45 66 0
46 57 0
48 75 0
48 76 0
48 77 0
49 76 0
52 68 0
54 77 0
57 64 0
62 65 0
64 79 0
66 77 0
70 73 0
