400 429 0
1 4 0
1 31 0
1 133 0
1 393 0
2 224 0
3 156 0
4 36 0
4 73 0
4 281 0
5 165 0
6 208 0
7 94 0
7 144 0
7 219 0
7 255 0
8 165 0
9 280 0
10 239 0
11 76 0
12 397 0
13 117 0
14 212 0
14 238 0
14 273 0
14 276 0
15 390 0
16 30 0
17 165 0
18 50 0
18 197 0
19 145 0
20 336 0
21 280 0
22 244 0
22 287 0
22 342 0
22 371 0
23 231 0
24 288 0
25 174 0
25 381 0
26 322 0
27 206 0
28 274 0
29 224 0
30 37 0
30 216 0
30 318 0
31 33 0
31 279 0
31 369 0
31 370 0
32 51 0
33 34 0
33 50 0
33 253 0
34 45 0
34 52 0
34 209 0
35 63 0
35 336 0
38 104 0
38 180 0
38 197 0
38 247 0
39 308 0
39 362 0
40 132 0
40 136 0
40 183 0
40 330 0
41 326 0
42 99 0
42 152 0
42 223 0
42 350 0
42 400 0
43 145 0
44 118 0
46 286 0
46 393 0
47 94 0
47 263 0
47 338 0
47 358 0
48 190 0
49 198 0
49 393 0
50 225 0
50 245 0
51 85 0
51 257 0
51 291 0
53 296 0
54 290 0
55 353 0
56 78 0
57 115 0
57 117 0
57 182 0
57 322 0
58 259 0
59 87 0
59 249 0
59 296 0
59 348 0
59 370 0
60 78 0
60 244 0
61 134 0
61 334 0
61 348 0
61 368 0
62 185 0
62 252 0
62 312 0
62 328 0
63 180 0
64 132 0
64 234 0
65 137 0
66 290 0
67 116 0
68 150 0
68 167 0
68 204 0
68 259 0
69 148 0
70 325 0
71 299 0
71 334 0
72 173 0
74 98 0
75 265 0
76 210 0
76 229 0
76 332 0
77 80 0
77 94 0
77 285 0
77 317 0
78 192 0
78 264 0
78 332 0
79 247 0
81 132 0
82 272 0
83 314 0
84 311 0
85 115 0
85 143 0
85 199 0
86 226 0
87 145 0
87 162 0
87 189 0
88 381 0
89 296 0
90 384 0
91 231 0
92 290 0
92 292 0
93 208 0
94 295 0
95 169 0
95 172 0
95 177 0
95 377 0
96 118 0
96 307 0
97 98 0
98 241 0
98 282 0
99 149 0
99 160 0
99 214 0
99 229 0
100 275 0
101 258 0
102 103 0
102 178 0
102 232 0
102 356 0
104 224 0
104 293 0
104 314 0
105 129 0
105 159 0
105 211 0
105 287 0
106 182 0
107 199 0
108 116 0
108 206 0
108 252 0
108 325 0
109 196 0
110 239 0
111 127 0
112 314 0
113 397 0
114 150 0
115 232 0
115 370 0
116 306 0
116 343 0
117 130 0
117 315 0
118 268 0
118 305 0
119 133 0
120 239 0
121 272 0
122 136 0
123 146 0
124 125 0
124 307 0
124 331 0
124 348 0
126 275 0
127 171 0
127 205 0
127 270 0
128 141 0
128 192 0
128 319 0
128 387 0
131 137 0
131 146 0
131 312 0
131 397 0
132 138 0
132 262 0
133 166 0
133 169 0
133 228 0
135 393 0
136 142 0
136 168 0
137 347 0
137 394 0
138 266 0
139 382 0
140 204 0
142 201 0
143 339 0
143 361 0
143 374 0
145 379 0
146 213 0
146 283 0
147 190 0
148 282 0
148 335 0
148 352 0
150 201 0
150 277 0
151 265 0
153 353 0
154 365 0
155 253 0
156 179 0
156 191 0
156 383 0
157 196 0
158 183 0
160 267 0
161 173 0
162 230 0
162 235 0
162 329 0
163 326 0
164 384 0
165 215 0
167 287 0
167 293 0
167 383 0
167 384 0
169 234 0
169 239 0
169 312 0
170 190 0
173 229 0
173 257 0
173 304 0
174 322 0
175 259 0
176 224 0
177 206 0
180 309 0
180 327 0
181 182 0
182 269 0
183 310 0
183 323 0
184 274 0
185 370 0
185 385 0
186 253 0
187 396 0
188 373 0
189 227 0
189 346 0
189 359 0
190 223 0
192 328 0
192 373 0
193 298 0
194 296 0
195 325 0
196 233 0
196 273 0
197 278 0
197 367 0
197 398 0
198 365 0
199 218 0
199 391 0
200 373 0
202 223 0
202 396 0
203 303 0
204 222 0
204 251 0
205 208 0
205 286 0
205 330 0
206 217 0
206 321 0
206 356 0
207 303 0
208 376 0
209 310 0
210 385 0
214 266 0
215 266 0
215 295 0
215 298 0
216 252 0
216 290 0
216 311 0
220 299 0
221 390 0
223 296 0
223 328 0
226 249 0
226 250 0
226 261 0
229 330 0
229 393 0
231 297 0
231 369 0
232 272 0
232 382 0
234 267 0
234 372 0
236 326 0
237 311 0
240 303 0
242 280 0
243 258 0
246 362 0
247 340 0
247 364 0
248 373 0
249 274 0
249 280 0
252 313 0
253 294 0
254 288 0
256 302 0
256 354 0
256 363 0
256 386 0
258 369 0
258 378 0
259 355 0
260 275 0
265 273 0
265 341 0
266 316 0
266 333 0
266 351 0
271 314 0
272 357 0
273 293 0
274 399 0
275 313 0
279 396 0
282 328 0
282 396 0
284 390 0
286 345 0
286 375 0
287 288 0
288 380 0
289 298 0
292 353 0
293 385 0
295 363 0
295 385 0
298 344 0
299 313 0
299 324 0
300 384 0
301 325 0
303 383 0
305 312 0
305 336 0
305 353 0
308 397 0
311 349 0
313 384 0
317 359 0
320 381 0
322 392 0
326 363 0
330 385 0
336 389 0
337 382 0
348 390 0
360 382 0
362 366 0
362 369 0
363 365 0
365 388 0
381 383 0
386 398 0
393 395 0
