900 1124 0
1 35 0
2 137 0
2 350 0
2 476 0
2 478 0
2 673 0
3 109 0
3 255 0
3 556 0
3 794 0
3 895 0
4 852 0
5 739 0
6 627 0
7 768 0
8 166 0
8 301 0
8 450 0
8 528 0
8 614 0
8 636 0
9 552 0
10 11 0
10 336 0
10 392 0
11 306 0
11 527 0
11 642 0
11 668 0
11 687 0
11 733 0
11 887 0
12 205 0
12 565 0
12 578 0
12 879 0
12 881 0
13 515 0
14 42 0
14 104 0
14 338 0
14 734 0
15 694 0
16 461 0
17 515 0
18 605 0
19 74 0
19 379 0
19 582 0
19 707 0
20 785 0
21 669 0
22 372 0
22 444 0
22 662 0
22 837 0
23 765 0
24 714 0
25 264 0
25 356 0
25 382 0
25 547 0
25 705 0
26 359 0
27 158 0
28 250 0
28 553 0
28 609 0
28 636 0
29 716 0
30 178 0
30 512 0
30 634 0
30 730 0
31 336 0
32 67 0
33 102 0
33 765 0
33 893 0
34 112 0
35 87 0
35 163 0
35 531 0
35 817 0
36 133 0
36 287 0
36 670 0
37 283 0
37 464 0
37 508 0
37 813 0
38 654 0
39 441 0
40 541 0
41 151 0
43 469 0
43 512 0
43 545 0
43 767 0
44 669 0
45 256 0
46 349 0
47 162 0
48 67 0
48 89 0
48 122 0
48 155 0
48 523 0
49 476 0
50 297 0
51 448 0
51 704 0
51 804 0
52 562 0
53 364 0
54 194 0
55 297 0
56 514 0
57 134 0
57 155 0
57 601 0
57 693 0
57 889 0
58 295 0
58 540 0
58 592 0
58 689 0
58 814 0
58 863 0
59 65 0
60 361 0
60 411 0
60 616 0
60 703 0
61 465 0
62 325 0
62 518 0
62 521 0
62 776 0
62 812 0
63 596 0
64 841 0
65 182 0
65 586 0
65 861 0
65 883 0
66 347 0
67 253 0
67 391 0
67 543 0
67 867 0
68 198 0
69 500 0
70 287 0
70 409 0
70 634 0
70 810 0
71 316 0
71 386 0
71 405 0
71 762 0
71 896 0
72 730 0
72 745 0
72 847 0
73 329 0
73 362 0
73 438 0
73 645 0
73 699 0
75 510 0
76 147 0
76 212 0
76 229 0
76 577 0
76 709 0
76 865 0
77 347 0
78 401 0
79 737 0
80 447 0
80 727 0
80 798 0
80 820 0
81 239 0
81 584 0
81 652 0
81 658 0
81 672 0
81 862 0
82 223 0
83 895 0
84 111 0
84 244 0
84 730 0
84 841 0
85 328 0
85 353 0
85 477 0
85 545 0
86 497 0
87 96 0
87 494 0
88 313 0
88 401 0
88 465 0
88 677 0
88 848 0
89 122 0
89 317 0
90 500 0
91 146 0
92 357 0
92 440 0
92 624 0
92 745 0
92 799 0
92 869 0
93 162 0
94 608 0
95 893 0
96 207 0
96 335 0
96 363 0
96 683 0
96 720 0
97 507 0
98 704 0
99 407 0
100 304 0
101 793 0
102 219 0
102 376 0
102 628 0
103 340 0
104 214 0
104 507 0
104 561 0
105 288 0
105 797 0
105 804 0
105 841 0
106 576 0
107 514 0
108 242 0
109 404 0
109 569 0
109 683 0
109 782 0
110 247 0
110 477 0
110 526 0
110 683 0
111 254 0
111 736 0
112 425 0
112 516 0
112 725 0
113 206 0
114 297 0
115 256 0
116 150 0
116 407 0
116 415 0
116 478 0
116 574 0
117 755 0
118 337 0
119 791 0
120 175 0
121 164 0
122 266 0
122 318 0
122 503 0
122 583 0
122 666 0
122 698 0
122 859 0
123 535 0
124 517 0
125 165 0
125 183 0
125 268 0
125 662 0
126 712 0
127 324 0
127 483 0
127 778 0
127 862 0
127 900 0
128 147 0
128 185 0
128 265 0
128 274 0
128 699 0
128 827 0
129 407 0
130 724 0
131 537 0
132 184 0
132 216 0
132 477 0
132 542 0
132 823 0
133 377 0
133 625 0
133 687 0
133 721 0
133 887 0
134 389 0
134 591 0
134 672 0
135 179 0
135 294 0
135 530 0
135 825 0
136 649 0
137 333 0
137 735 0
138 365 0
139 204 0
140 465 0
141 193 0
141 502 0
141 643 0
141 747 0
142 279 0
143 608 0
143 704 0
143 730 0
143 737 0
144 409 0
145 148 0
145 716 0
145 750 0
145 821 0
146 498 0
146 505 0
146 564 0
146 573 0
147 159 0
148 196 0
148 417 0
148 690 0
148 890 0
149 576 0
150 776 0
150 900 0
151 258 0
151 544 0
151 592 0
152 229 0
152 459 0
152 563 0
152 814 0
153 851 0
154 792 0
155 186 0
155 323 0
155 332 0
155 676 0
155 711 0
155 751 0
156 857 0
157 785 0
158 213 0
158 756 0
158 758 0
158 764 0
159 237 0
159 611 0
159 671 0
160 194 0
161 180 0
162 414 0
162 773 0
164 234 0
164 695 0
164 850 0
164 897 0
167 633 0
168 894 0
169 714 0
170 270 0
170 272 0
170 491 0
170 720 0
171 175 0
172 277 0
172 421 0
172 541 0
173 312 0
173 598 0
173 668 0
173 871 0
174 392 0
175 237 0
175 475 0
176 350 0
176 379 0
176 512 0
177 380 0
177 537 0
177 566 0
177 712 0
178 299 0
178 326 0
178 448 0
178 690 0
178 769 0
179 305 0
179 509 0
179 626 0
180 472 0
180 609 0
180 656 0
180 869 0
180 889 0
181 602 0
185 770 0
185 848 0
186 223 0
186 847 0
187 574 0
188 626 0
189 326 0
189 329 0
189 474 0
189 523 0
190 287 0
191 198 0
192 260 0
192 295 0
192 397 0
192 447 0
192 449 0
194 202 0
194 324 0
195 218 0
196 375 0
196 512 0
197 352 0
198 389 0
198 413 0
199 210 0
199 221 0
199 316 0
199 668 0
199 796 0
200 327 0
200 769 0
200 789 0
200 879 0
201 880 0
203 561 0
204 278 0
204 663 0
204 686 0
206 211 0
206 249 0
206 300 0
206 440 0
206 783 0
208 309 0
208 313 0
208 497 0
209 555 0
209 649 0
209 778 0
209 821 0
214 237 0
214 341 0
214 850 0
215 627 0
217 543 0
217 589 0
217 743 0
217 886 0
218 271 0
218 434 0
218 773 0
220 286 0
222 440 0
222 447 0
222 468 0
222 549 0
223 291 0
223 418 0
223 442 0
223 480 0
223 883 0
224 337 0
225 561 0
226 365 0
227 736 0
228 724 0
229 604 0
229 821 0
230 602 0
231 300 0
231 335 0
231 842 0
231 859 0
232 349 0
232 566 0
232 633 0
232 792 0
233 340 0
233 353 0
233 719 0
233 806 0
235 313 0
236 409 0
237 369 0
237 573 0
237 646 0
238 423 0
240 272 0
240 670 0
240 720 0
240 893 0
241 810 0
242 581 0
242 630 0
242 850 0
243 467 0
243 562 0
243 732 0
244 375 0
244 478 0
244 485 0
244 648 0
244 697 0
245 788 0
246 900 0
248 750 0
249 252 0
249 352 0
251 649 0
252 292 0
252 532 0
252 787 0
253 409 0
253 866 0
254 309 0
254 667 0
254 822 0
255 380 0
255 587 0
255 605 0
256 330 0
256 505 0
256 560 0
257 347 0
259 373 0
259 498 0
259 651 0
259 684 0
259 688 0
259 815 0
261 788 0
262 538 0
263 552 0
264 369 0
264 878 0
267 555 0
269 443 0
272 325 0
272 403 0
272 636 0
272 835 0
273 435 0
273 609 0
273 834 0
274 316 0
274 363 0
274 472 0
275 898 0
276 535 0
277 379 0
277 504 0
277 733 0
278 675 0
278 755 0
278 757 0
278 897 0
278 898 0
279 333 0
279 420 0
279 442 0
279 840 0
279 876 0
280 607 0
281 340 0
282 693 0
284 485 0
285 507 0
285 880 0
285 895 0
286 321 0
286 335 0
286 539 0
287 419 0
287 479 0
288 466 0
288 520 0
288 575 0
289 309 0
289 341 0
289 464 0
289 628 0
289 760 0
290 673 0
291 497 0
291 596 0
291 675 0
293 750 0
295 518 0
296 317 0
297 516 0
298 629 0
299 317 0
299 601 0
300 364 0
300 501 0
301 669 0
301 751 0
302 692 0
303 655 0
304 400 0
304 474 0
304 513 0
304 850 0
305 319 0
305 390 0
305 808 0
306 844 0
306 847 0
307 546 0
307 578 0
307 603 0
307 874 0
308 435 0
308 522 0
308 578 0
308 760 0
309 408 0
309 541 0
310 538 0
310 547 0
310 662 0
310 799 0
311 704 0
311 791 0
313 363 0
313 559 0
314 389 0
314 525 0
314 702 0
314 738 0
315 494 0
316 392 0
316 446 0
317 450 0
317 661 0
317 731 0
318 465 0
318 494 0
320 835 0
322 770 0
323 408 0
323 587 0
324 325 0
324 494 0
324 880 0
325 432 0
325 697 0
326 552 0
326 857 0
328 342 0
328 531 0
328 586 0
329 555 0
330 406 0
330 777 0
330 810 0
331 408 0
332 541 0
332 724 0
333 388 0
333 435 0
333 634 0
333 834 0
334 537 0
335 538 0
336 450 0
336 662 0
336 790 0
336 883 0
337 567 0
337 820 0
337 846 0
339 380 0
340 639 0
341 498 0
341 559 0
341 767 0
341 821 0
342 365 0
342 694 0
342 851 0
343 423 0
344 364 0
345 693 0
346 654 0
347 567 0
347 870 0
348 835 0
349 573 0
349 594 0
350 618 0
350 896 0
351 415 0
352 557 0
352 643 0
352 664 0
352 896 0
353 447 0
353 688 0
354 380 0
355 768 0
357 684 0
357 708 0
357 830 0
358 570 0
359 672 0
359 681 0
359 776 0
360 461 0
363 791 0
364 606 0
365 430 0
366 655 0
367 834 0
368 875 0
369 422 0
369 575 0
369 800 0
370 748 0
371 716 0
374 626 0
375 779 0
375 809 0
375 876 0
378 857 0
379 423 0
379 509 0
380 587 0
380 884 0
381 778 0
383 465 0
384 596 0
385 524 0
387 857 0
388 568 0
388 680 0
388 696 0
389 517 0
389 820 0
392 685 0
393 778 0
394 673 0
395 415 0
396 524 0
398 898 0
399 812 0
401 713 0
401 718 0
402 415 0
403 456 0
403 772 0
403 854 0
406 421 0
406 596 0
407 473 0
408 786 0
408 816 0
409 879 0
410 755 0
412 442 0
412 448 0
412 494 0
415 584 0
416 792 0
421 457 0
421 599 0
421 764 0
421 856 0
423 486 0
423 776 0
424 490 0
424 794 0
424 857 0
426 824 0
427 624 0
428 470 0
428 615 0
428 678 0
428 764 0
429 714 0
430 507 0
430 649 0
431 461 0
432 556 0
432 767 0
432 799 0
433 866 0
435 459 0
435 461 0
436 692 0
437 570 0
438 556 0
438 791 0
439 584 0
439 597 0
439 703 0
439 829 0
440 472 0
441 593 0
441 619 0
441 688 0
442 895 0
443 483 0
443 516 0
443 679 0
445 570 0
446 643 0
446 731 0
446 842 0
448 510 0
448 875 0
448 877 0
448 900 0
451 629 0
452 794 0
453 670 0
454 633 0
455 791 0
458 555 0
459 634 0
460 507 0
461 464 0
462 608 0
463 793 0
464 736 0
467 490 0
467 576 0
467 750 0
469 628 0
469 812 0
471 521 0
474 733 0
476 749 0
476 823 0
477 669 0
478 591 0
480 586 0
480 810 0
481 510 0
481 556 0
481 834 0
482 736 0
483 797 0
484 732 0
485 617 0
485 836 0
487 785 0
488 792 0
489 755 0
490 699 0
490 764 0
490 842 0
490 871 0
492 601 0
493 515 0
493 569 0
493 812 0
493 859 0
495 875 0
496 741 0
497 513 0
497 580 0
497 678 0
497 706 0
499 777 0
500 682 0
500 787 0
501 653 0
501 726 0
501 759 0
503 533 0
503 643 0
505 645 0
505 730 0
505 739 0
506 654 0
507 756 0
509 567 0
509 591 0
510 700 0
511 655 0
512 591 0
512 842 0
513 840 0
514 658 0
514 805 0
514 871 0
515 731 0
515 899 0
516 730 0
517 613 0
517 803 0
518 622 0
518 870 0
518 882 0
519 797 0
521 677 0
521 729 0
521 899 0
523 561 0
524 687 0
524 877 0
529 768 0
531 777 0
531 894 0
532 693 0
532 755 0
533 550 0
533 869 0
533 871 0
534 735 0
535 571 0
535 859 0
536 604 0
537 659 0
538 865 0
541 715 0
543 627 0
543 799 0
545 547 0
545 566 0
545 733 0
545 802 0
548 741 0
551 624 0
552 666 0
554 797 0
555 872 0
556 609 0
556 827 0
556 878 0
558 788 0
559 847 0
561 892 0
562 572 0
562 628 0
562 660 0
566 588 0
567 605 0
569 710 0
569 865 0
570 628 0
574 775 0
574 811 0
575 788 0
576 588 0
576 610 0
578 802 0
578 814 0
579 824 0
585 866 0
586 600 0
586 670 0
586 791 0
587 778 0
588 765 0
588 852 0
590 770 0
592 634 0
592 734 0
592 893 0
594 626 0
594 724 0
595 648 0
596 697 0
599 691 0
599 880 0
600 785 0
600 880 0
601 827 0
602 665 0
602 705 0
604 766 0
604 819 0
605 801 0
607 646 0
607 771 0
607 878 0
608 845 0
609 732 0
612 737 0
614 646 0
614 785 0
614 788 0
614 848 0
620 898 0
621 736 0
623 692 0
624 897 0
626 862 0
627 742 0
629 838 0
629 878 0
631 833 0
632 852 0
633 754 0
635 648 0
637 793 0
638 719 0
640 777 0
641 739 0
643 724 0
644 833 0
645 678 0
645 842 0
647 844 0
648 657 0
649 728 0
650 673 0
654 691 0
655 787 0
658 802 0
662 802 0
666 879 0
670 752 0
672 770 0
674 797 0
675 691 0
675 710 0
677 716 0
684 833 0
687 799 0
688 748 0
690 778 0
691 824 0
691 844 0
692 699 0
693 756 0
693 807 0
693 887 0
693 899 0
694 744 0
694 860 0
698 844 0
698 875 0
701 851 0
703 802 0
703 847 0
705 741 0
705 804 0
710 767 0
710 804 0
710 848 0
712 723 0
712 858 0
714 769 0
716 740 0
717 745 0
719 873 0
722 748 0
724 853 0
731 735 0
732 784 0
734 735 0
735 864 0
736 760 0
736 877 0
737 763 0
739 868 0
741 832 0
745 751 0
746 835 0
748 781 0
751 824 0
753 844 0
757 866 0
757 883 0
761 894 0
765 855 0
765 888 0
768 769 0
770 839 0
773 823 0
773 848 0
773 866 0
774 794 0
780 841 0
787 804 0
791 831 0
793 878 0
795 824 0
810 843 0
810 891 0
818 893 0
826 851 0
828 833 0
833 859 0
834 840 0
840 844 0
844 889 0
847 870 0
849 852 0
851 876 0
885 894 0
