600 749 0
1 327 0
1 348 0
1 441 0
1 529 0
2 547 0
3 125 0
3 192 0
3 198 0
3 448 0
4 156 0
5 240 0
5 520 0
5 539 0
6 281 0
7 500 0
8 260 0
8 477 0
8 495 0
9 31 0
9 194 0
9 498 0
9 574 0
10 286 0
11 95 0
11 305 0
11 332 0
11 385 0
11 413 0
12 477 0
13 203 0
13 245 0
13 355 0
13 369 0
13 467 0
13 558 0
14 189 0
14 297 0
14 403 0
14 456 0
14 570 0
15 246 0
16 246 0
17 151 0
17 297 0
17 363 0
17 567 0
18 63 0
19 32 0
19 76 0
19 406 0
19 572 0
20 42 0
20 271 0
20 364 0
21 102 0
21 437 0
21 528 0
22 169 0
22 215 0
22 421 0
22 437 0
22 575 0
23 304 0
24 417 0
25 321 0
26 187 0
26 262 0
26 443 0
27 539 0
28 53 0
28 100 0
28 177 0
28 259 0
29 110 0
29 252 0
29 349 0
29 410 0
29 448 0
30 72 0
33 136 0
33 339 0
33 355 0
33 586 0
34 410 0
35 210 0
36 75 0
37 58 0
38 452 0
38 511 0
38 548 0
38 569 0
39 372 0
39 588 0
39 589 0
40 76 0
40 120 0
40 187 0
40 467 0
40 529 0
40 555 0
41 213 0
41 246 0
41 315 0
42 61 0
42 219 0
42 248 0
42 340 0
42 343 0
43 317 0
44 389 0
45 539 0
46 63 0
46 251 0
46 276 0
46 447 0
47 172 0
48 84 0
48 278 0
48 298 0
48 493 0
49 71 0
49 242 0
49 320 0
49 485 0
50 232 0
51 72 0
51 192 0
51 251 0
52 109 0
52 171 0
52 555 0
52 581 0
53 58 0
53 173 0
53 419 0
54 549 0
55 248 0
56 549 0
57 269 0
58 165 0
58 224 0
59 243 0
60 364 0
61 163 0
61 268 0
61 283 0
62 160 0
63 393 0
63 508 0
64 530 0
65 252 0
66 234 0
66 235 0
66 386 0
66 422 0
67 97 0
68 505 0
69 127 0
69 351 0
69 412 0
69 454 0
69 479 0
69 506 0
70 197 0
70 287 0
70 432 0
70 599 0
71 141 0
71 151 0
71 589 0
72 273 0
72 381 0
72 593 0
73 161 0
74 489 0
75 100 0
75 106 0
75 129 0
75 236 0
75 402 0
76 213 0
76 367 0
77 83 0
77 200 0
77 390 0
77 403 0
78 178 0
78 280 0
78 316 0
78 414 0
78 423 0
78 531 0
79 433 0
80 349 0
81 427 0
82 333 0
82 463 0
82 501 0
82 521 0
82 538 0
84 382 0
84 506 0
84 529 0
85 585 0
86 211 0
87 150 0
88 212 0
89 394 0
90 304 0
91 410 0
92 156 0
93 134 0
93 174 0
93 241 0
94 106 0
94 179 0
94 194 0
94 547 0
96 116 0
97 409 0
97 453 0
97 470 0
97 555 0
98 161 0
99 236 0
99 291 0
99 301 0
99 515 0
99 600 0
100 134 0
100 279 0
101 167 0
101 299 0
101 364 0
101 495 0
102 452 0
102 559 0
102 564 0
102 587 0
103 161 0
104 502 0
105 151 0
105 243 0
105 504 0
105 528 0
106 153 0
106 464 0
107 173 0
107 262 0
107 269 0
108 410 0
110 150 0
110 264 0
110 279 0
111 199 0
112 251 0
113 404 0
114 306 0
114 333 0
114 334 0
114 355 0
114 479 0
115 438 0
116 204 0
116 228 0
116 336 0
116 596 0
117 363 0
118 565 0
119 210 0
119 448 0
119 582 0
120 174 0
120 228 0
120 304 0
120 317 0
121 198 0
122 174 0
123 192 0
124 347 0
125 226 0
125 293 0
125 484 0
125 550 0
126 135 0
126 181 0
126 338 0
126 583 0
128 455 0
130 157 0
131 220 0
132 181 0
132 218 0
132 302 0
132 350 0
133 154 0
133 289 0
133 400 0
133 534 0
134 368 0
134 392 0
134 413 0
134 556 0
137 589 0
138 241 0
138 262 0
138 419 0
138 458 0
139 153 0
140 577 0
141 311 0
141 330 0
141 367 0
141 486 0
142 213 0
143 321 0
143 405 0
143 529 0
144 326 0
145 499 0
146 286 0
147 213 0
147 251 0
147 294 0
147 367 0
148 269 0
149 489 0
150 181 0
150 546 0
151 166 0
151 534 0
152 477 0
153 188 0
153 312 0
155 247 0
155 311 0
155 360 0
155 474 0
155 538 0
155 582 0
156 450 0
156 523 0
157 230 0
157 384 0
157 408 0
157 484 0
158 364 0
159 272 0
159 392 0
159 416 0
159 467 0
160 314 0
160 407 0
160 545 0
161 534 0
162 589 0
163 364 0
163 520 0
164 173 0
165 248 0
165 289 0
165 445 0
166 167 0
166 219 0
166 262 0
166 323 0
167 178 0
167 403 0
167 485 0
168 524 0
169 250 0
169 380 0
170 363 0
170 502 0
170 588 0
171 452 0
171 479 0
172 335 0
172 469 0
172 475 0
173 352 0
174 358 0
175 232 0
175 275 0
175 483 0
175 577 0
176 464 0
178 391 0
178 489 0
179 262 0
179 276 0
179 567 0
180 502 0
181 372 0
182 344 0
182 427 0
182 520 0
183 317 0
184 342 0
185 344 0
185 409 0
185 519 0
185 536 0
186 380 0
187 446 0
187 448 0
190 499 0
191 281 0
192 457 0
192 533 0
193 397 0
193 424 0
193 465 0
193 528 0
193 550 0
194 237 0
194 240 0
195 447 0
196 288 0
198 357 0
198 371 0
199 344 0
199 462 0
199 522 0
200 324 0
200 554 0
201 299 0
202 294 0
204 227 0
204 591 0
205 220 0
206 504 0
207 264 0
208 382 0
209 219 0
209 299 0
209 394 0
210 340 0
210 437 0
211 278 0
211 396 0
211 460 0
212 260 0
212 430 0
212 510 0
212 555 0
213 323 0
213 379 0
214 518 0
216 504 0
217 464 0
219 260 0
219 392 0
219 485 0
219 599 0
220 314 0
220 573 0
221 482 0
222 326 0
223 227 0
225 542 0
226 319 0
226 500 0
227 277 0
227 365 0
227 375 0
227 471 0
228 248 0
228 397 0
229 465 0
231 251 0
232 370 0
232 375 0
232 513 0
233 524 0
234 241 0
234 363 0
234 413 0
234 591 0
236 275 0
237 375 0
237 376 0
237 449 0
238 354 0
238 411 0
238 514 0
238 590 0
239 585 0
240 266 0
240 284 0
240 328 0
241 351 0
241 439 0
241 487 0
243 345 0
243 480 0
243 521 0
244 528 0
245 305 0
245 502 0
246 379 0
248 468 0
248 582 0
249 542 0
250 270 0
250 337 0
250 527 0
250 529 0
252 397 0
252 401 0
253 489 0
254 347 0
254 380 0
254 394 0
254 458 0
255 483 0
256 465 0
257 347 0
258 319 0
260 355 0
261 445 0
263 347 0
264 301 0
264 378 0
264 461 0
265 271 0
267 324 0
269 571 0
269 599 0
271 274 0
271 318 0
271 408 0
274 447 0
274 582 0
275 355 0
275 443 0
275 525 0
276 354 0
276 437 0
278 319 0
278 448 0
279 326 0
281 314 0
281 600 0
282 499 0
283 324 0
283 549 0
285 389 0
286 519 0
286 534 0
286 584 0
288 290 0
288 308 0
288 341 0
288 354 0
289 471 0
292 542 0
294 399 0
294 428 0
294 475 0
295 495 0
296 362 0
296 487 0
296 496 0
296 510 0
297 504 0
299 423 0
299 439 0
300 561 0
301 458 0
301 524 0
303 424 0
304 409 0
304 425 0
304 600 0
305 382 0
305 426 0
305 468 0
305 561 0
306 518 0
306 524 0
307 324 0
308 391 0
308 457 0
308 537 0
309 394 0
310 433 0
311 504 0
313 324 0
314 426 0
315 451 0
315 497 0
315 506 0
315 521 0
315 529 0
316 343 0
316 408 0
317 457 0
317 480 0
319 551 0
321 395 0
321 420 0
321 463 0
322 520 0
323 475 0
323 519 0
324 408 0
325 530 0
326 471 0
326 578 0
329 351 0
329 389 0
329 518 0
331 455 0
333 549 0
336 391 0
336 471 0
340 582 0
342 473 0
342 547 0
343 553 0
343 560 0
344 372 0
344 389 0
344 456 0
346 500 0
349 431 0
349 578 0
351 455 0
351 520 0
353 483 0
354 484 0
354 530 0
356 445 0
359 585 0
361 577 0
362 443 0
362 565 0
363 418 0
364 566 0
366 528 0
372 443 0
372 475 0
373 547 0
374 382 0
377 464 0
379 458 0
379 500 0
380 472 0
380 554 0
381 426 0
381 499 0
381 505 0
382 535 0
383 490 0
384 475 0
384 499 0
387 539 0
388 417 0
391 459 0
391 476 0
392 405 0
395 446 0
395 585 0
395 588 0
398 561 0
403 490 0
404 440 0
404 516 0
404 525 0
404 582 0
405 422 0
405 509 0
405 541 0
405 580 0
408 567 0
415 524 0
417 434 0
417 439 0
417 525 0
419 452 0
419 596 0
422 585 0
423 538 0
424 572 0
424 597 0
426 443 0
427 503 0
427 523 0
429 537 0
433 562 0
433 572 0
435 591 0
436 505 0
437 445 0
438 540 0
438 550 0
438 576 0
438 596 0
442 588 0
444 520 0
445 507 0
446 538 0
446 572 0
447 481 0
448 479 0
452 518 0
455 592 0
456 561 0
463 485 0
465 552 0
465 596 0
466 537 0
468 538 0
471 502 0
471 567 0
475 542 0
477 510 0
477 525 0
478 565 0
480 525 0
482 526 0
482 594 0
482 599 0
483 557 0
484 552 0
487 539 0
487 549 0
488 490 0
490 595 0
491 565 0
492 518 0
494 537 0
495 517 0
495 598 0
500 544 0
505 554 0
512 530 0
518 568 0
523 565 0
523 567 0
529 578 0
532 588 0
537 538 0
543 577 0
549 563 0
552 577 0
554 567 0
579 591 0
