1000 1191 0
1 954 0
2 226 0
2 700 0
2 842 0
3 425 0
3 492 0
3 514 0
3 690 0
3 993 0
4 424 0
5 168 0
6 229 0
7 786 0
8 404 0
9 989 0
10 414 0
10 589 0
10 786 0
11 229 0
12 601 0
13 45 0
14 502 0
15 636 0
16 120 0
16 129 0
16 411 0
16 593 0
16 873 0
17 981 0
18 897 0
19 595 0
20 251 0
21 903 0
22 299 0
22 312 0
22 752 0
22 763 0
22 912 0
23 595 0
24 56 0
24 345 0
24 533 0
24 632 0
24 716 0
24 948 0
25 785 0
26 31 0
26 468 0
26 539 0
26 669 0
27 116 0
27 241 0
27 313 0
27 721 0
27 860 0
27 943 0
28 700 0
29 177 0
29 344 0
29 570 0
29 843 0
30 773 0
31 189 0
31 630 0
31 964 0
31 972 0
32 798 0
33 842 0
34 676 0
35 104 0
35 139 0
35 272 0
35 893 0
36 669 0
37 342 0
38 339 0
39 163 0
39 223 0
39 408 0
40 218 0
41 407 0
42 188 0
42 247 0
42 299 0
42 643 0
42 853 0
43 380 0
44 903 0
45 444 0
45 519 0
45 631 0
45 659 0
46 326 0
47 928 0
48 541 0
49 322 0
49 563 0
49 705 0
49 729 0
50 494 0
51 129 0
51 457 0
51 481 0
51 523 0
52 887 0
53 178 0
54 598 0
55 202 0
55 225 0
55 407 0
55 637 0
57 940 0
58 206 0
58 578 0
58 751 0
58 804 0
58 829 0
59 699 0
60 337 0
61 245 0
61 313 0
61 391 0
61 456 0
61 525 0
61 557 0
62 285 0
63 526 0
64 287 0
65 376 0
65 615 0
65 786 0
66 932 0
67 332 0
67 629 0
67 917 0
67 980 0
68 590 0
68 786 0
68 903 0
69 937 0
70 660 0
71 341 0
71 352 0
71 552 0
71 818 0
71 1000 0
72 109 0
72 141 0
72 158 0
72 266 0
72 834 0
72 958 0
73 424 0
74 227 0
75 282 0
76 194 0
76 235 0
76 675 0
76 819 0
77 219 0
77 739 0
77 761 0
77 871 0
78 386 0
79 983 0
80 253 0
81 297 0
81 453 0
81 873 0
81 875 0
81 877 0
81 924 0
82 218 0
83 406 0
84 512 0
85 102 0
85 230 0
85 720 0
85 734 0
86 598 0
87 682 0
88 604 0
89 229 0
90 281 0
90 502 0
90 689 0
90 937 0
91 461 0
92 989 0
93 754 0
94 615 0
95 613 0
96 148 0
96 410 0
96 821 0
96 910 0
96 982 0
97 318 0
98 610 0
99 142 0
99 144 0
99 249 0
99 326 0
100 300 0
100 453 0
100 586 0
100 714 0
101 342 0
102 343 0
102 656 0
102 673 0
102 987 0
103 106 0
103 822 0
103 979 0
105 908 0
106 400 0
106 558 0
106 623 0
106 694 0
106 735 0
107 887 0
108 147 0
108 149 0
108 284 0
108 596 0
108 731 0
108 757 0
109 287 0
109 955 0
110 323 0
111 904 0
112 201 0
113 914 0
114 235 0
114 387 0
114 556 0
114 888 0
115 318 0
117 521 0
117 565 0
117 607 0
117 988 0
118 278 0
119 376 0
120 229 0
120 622 0
121 204 0
122 564 0
123 942 0
124 530 0
125 283 0
126 346 0
127 145 0
128 540 0
129 281 0
130 699 0
131 407 0
131 699 0
131 933 0
132 423 0
133 548 0
133 549 0
133 582 0
133 923 0
133 925 0
134 611 0
135 760 0
136 615 0
137 286 0
138 172 0
138 390 0
138 690 0
138 711 0
138 833 0
140 338 0
141 283 0
141 800 0
141 804 0
141 935 0
142 224 0
142 242 0
142 517 0
142 693 0
143 866 0
144 350 0
144 523 0
144 553 0
144 736 0
145 503 0
145 516 0
145 522 0
146 639 0
148 522 0
148 985 0
150 308 0
151 282 0
152 362 0
153 989 0
154 983 0
155 883 0
156 543 0
156 569 0
156 750 0
156 953 0
157 571 0
157 583 0
157 624 0
157 789 0
159 491 0
160 636 0
161 407 0
162 361 0
162 615 0
162 672 0
162 904 0
163 416 0
163 600 0
163 633 0
163 942 0
163 973 0
164 491 0
165 999 0
166 259 0
166 268 0
166 775 0
166 793 0
167 490 0
168 492 0
168 621 0
168 885 0
169 361 0
170 358 0
171 590 0
173 179 0
173 475 0
173 748 0
173 767 0
173 784 0
173 878 0
174 569 0
174 846 0
174 876 0
175 461 0
176 307 0
176 466 0
176 864 0
178 417 0
178 560 0
178 982 0
180 333 0
181 452 0
182 280 0
182 558 0
182 641 0
183 281 0
183 488 0
183 528 0
183 563 0
183 580 0
183 863 0
184 700 0
185 636 0
186 509 0
186 639 0
186 798 0
186 989 0
187 461 0
188 595 0
188 676 0
189 423 0
189 824 0
189 900 0
190 273 0
190 336 0
190 508 0
190 822 0
191 371 0
192 205 0
193 954 0
194 333 0
194 340 0
195 204 0
196 217 0
197 458 0
197 642 0
197 788 0
197 976 0
198 955 0
199 854 0
200 567 0
201 504 0
201 618 0
201 837 0
201 862 0
202 572 0
202 691 0
202 745 0
203 468 0
204 685 0
204 846 0
205 646 0
205 862 0
205 923 0
206 257 0
206 282 0
206 385 0
207 900 0
208 735 0
209 900 0
210 887 0
211 223 0
211 307 0
211 692 0
212 649 0
213 409 0
213 553 0
213 609 0
213 1000 0
214 230 0
214 342 0
214 696 0
215 484 0
216 530 0
217 228 0
217 377 0
217 569 0
217 806 0
217 901 0
218 704 0
218 736 0
219 338 0
219 379 0
219 896 0
220 448 0
221 283 0
222 940 0
223 592 0
223 707 0
223 756 0
223 870 0
224 734 0
224 1000 0
225 226 0
225 384 0
225 522 0
226 278 0
226 292 0
226 345 0
226 999 0
227 320 0
227 727 0
227 733 0
228 721 0
228 908 0
229 707 0
230 659 0
230 870 0
230 990 0
231 512 0
231 596 0
231 966 0
232 278 0
233 366 0
234 308 0
235 633 0
235 666 0
236 490 0
237 626 0
237 664 0
237 849 0
237 929 0
238 249 0
239 699 0
240 616 0
241 369 0
241 688 0
243 913 0
244 337 0
245 326 0
245 910 0
246 550 0
248 936 0
249 328 0
249 865 0
250 280 0
251 389 0
251 415 0
251 498 0
252 866 0
253 325 0
253 688 0
253 749 0
253 822 0
254 769 0
255 985 0
256 936 0
257 310 0
257 486 0
257 488 0
257 762 0
258 416 0
259 290 0
259 740 0
259 854 0
260 957 0
261 544 0
262 340 0
263 431 0
264 637 0
265 927 0
267 484 0
269 494 0
270 950 0
271 785 0
272 431 0
272 636 0
272 863 0
274 442 0
275 452 0
276 666 0
277 974 0
278 803 0
279 353 0
280 576 0
280 709 0
280 757 0
281 284 0
281 607 0
281 695 0
282 767 0
283 513 0
284 370 0
284 920 0
285 288 0
285 709 0
285 723 0
286 638 0
286 648 0
286 856 0
286 962 0
287 299 0
287 557 0
287 661 0
287 708 0
287 901 0
289 384 0
289 389 0
289 445 0
289 692 0
290 531 0
290 671 0
290 911 0
291 615 0
292 725 0
292 792 0
292 845 0
292 856 0
293 303 0
293 734 0
293 942 0
294 304 0
295 485 0
295 684 0
295 707 0
296 445 0
296 942 0
296 983 0
297 491 0
297 583 0
297 841 0
298 359 0
298 471 0
298 483 0
298 628 0
299 385 0
301 400 0
301 413 0
301 546 0
301 571 0
301 630 0
302 323 0
303 345 0
303 432 0
303 858 0
304 440 0
304 628 0
304 805 0
305 796 0
306 494 0
307 370 0
307 696 0
307 724 0
308 736 0
308 768 0
309 701 0
311 416 0
312 346 0
312 950 0
313 430 0
313 641 0
314 409 0
314 698 0
314 832 0
314 857 0
315 601 0
316 381 0
316 569 0
316 808 0
316 938 0
317 466 0
318 381 0
318 926 0
319 428 0
321 370 0
322 384 0
322 568 0
322 844 0
322 933 0
323 632 0
323 816 0
324 955 0
326 790 0
327 358 0
329 622 0
330 772 0
331 348 0
331 379 0
331 414 0
331 581 0
331 983 0
332 369 0
332 589 0
332 655 0
333 535 0
333 695 0
333 789 0
333 925 0
334 932 0
335 567 0
337 591 0
337 905 0
338 443 0
338 992 0
339 374 0
339 463 0
339 566 0
339 833 0
340 519 0
340 733 0
340 921 0
340 956 0
340 997 0
342 629 0
344 623 0
344 777 0
345 867 0
346 588 0
346 890 0
346 970 0
347 550 0
347 633 0
347 654 0
347 708 0
347 731 0
347 913 0
347 951 0
348 423 0
348 991 0
349 414 0
350 573 0
350 808 0
350 972 0
351 392 0
351 523 0
351 747 0
351 826 0
351 859 0
353 381 0
353 439 0
353 718 0
354 358 0
355 682 0
356 684 0
357 502 0
358 444 0
360 785 0
361 394 0
361 752 0
361 930 0
362 586 0
362 939 0
362 986 0
363 927 0
364 991 0
365 719 0
366 654 0
366 759 0
366 869 0
366 902 0
367 660 0
368 957 0
369 422 0
369 478 0
369 716 0
370 729 0
370 730 0
370 998 0
371 429 0
371 472 0
371 925 0
372 935 0
373 408 0
374 428 0
374 526 0
375 824 0
376 765 0
376 851 0
376 995 0
378 564 0
379 807 0
379 878 0
379 973 0
379 975 0
380 511 0
380 536 0
380 727 0
381 491 0
382 913 0
383 616 0
384 740 0
385 788 0
385 975 0
386 527 0
386 579 0
386 752 0
386 771 0
386 793 0
388 550 0
389 564 0
389 776 0
393 622 0
395 772 0
396 641 0
397 724 0
398 512 0
399 474 0
400 641 0
401 937 0
402 682 0
403 883 0
404 609 0
404 839 0
404 973 0
405 460 0
406 482 0
406 524 0
406 746 0
406 808 0
408 409 0
408 802 0
409 908 0
412 520 0
412 551 0
412 569 0
412 757 0
412 907 0
413 461 0
413 466 0
413 616 0
414 473 0
414 575 0
416 437 0
418 978 0
419 868 0
420 485 0
421 581 0
423 584 0
423 906 0
424 607 0
424 810 0
424 835 0
426 489 0
426 506 0
426 848 0
426 850 0
427 448 0
428 445 0
428 635 0
430 686 0
430 956 0
430 975 0
431 534 0
431 654 0
433 540 0
434 935 0
435 951 0
436 769 0
438 553 0
438 689 0
438 694 0
441 500 0
442 650 0
442 817 0
442 956 0
444 452 0
444 497 0
444 580 0
444 910 0
445 505 0
445 540 0
446 539 0
447 866 0
448 658 0
448 850 0
449 649 0
450 577 0
451 589 0
452 647 0
453 547 0
454 979 0
455 474 0
459 951 0
460 495 0
460 783 0
460 880 0
462 881 0
464 474 0
465 573 0
466 780 0
466 969 0
467 676 0
468 738 0
468 753 0
469 600 0
470 994 0
474 571 0
476 601 0
477 561 0
477 733 0
477 849 0
477 959 0
477 963 0
479 540 0
480 734 0
481 731 0
481 769 0
484 727 0
484 916 0
485 703 0
485 789 0
485 826 0
485 964 0
487 936 0
488 944 0
490 827 0
490 843 0
492 567 0
492 841 0
493 609 0
493 777 0
493 847 0
493 984 0
494 858 0
495 530 0
495 623 0
495 842 0
496 616 0
497 527 0
497 957 0
499 655 0
499 878 0
499 898 0
500 713 0
500 801 0
500 964 0
501 610 0
502 726 0
505 507 0
505 653 0
505 731 0
505 891 0
509 527 0
509 707 0
509 917 0
510 968 0
512 878 0
515 581 0
518 689 0
519 808 0
522 613 0
522 682 0
523 544 0
526 710 0
526 808 0
526 960 0
527 786 0
527 979 0
528 666 0
528 962 0
529 897 0
530 799 0
530 923 0
532 696 0
537 679 0
537 800 0
537 866 0
537 944 0
538 554 0
539 697 0
539 919 0
541 677 0
541 814 0
541 976 0
541 980 0
542 824 0
544 732 0
544 918 0
545 637 0
546 696 0
546 754 0
546 932 0
547 586 0
547 591 0
547 612 0
547 938 0
550 708 0
553 705 0
553 720 0
554 617 0
554 889 0
554 962 0
555 772 0
557 914 0
558 599 0
558 602 0
558 625 0
559 604 0
562 903 0
563 917 0
563 938 0
564 867 0
567 715 0
568 569 0
568 881 0
569 774 0
571 773 0
573 607 0
573 972 0
574 978 0
577 692 0
577 712 0
577 807 0
580 833 0
580 925 0
581 945 0
583 754 0
585 696 0
586 760 0
587 637 0
588 841 0
588 856 0
588 897 0
588 985 0
589 687 0
590 606 0
590 980 0
591 700 0
591 981 0
594 776 0
595 858 0
596 850 0
596 966 0
597 968 0
598 688 0
598 788 0
598 893 0
600 746 0
600 778 0
601 686 0
603 694 0
604 612 0
604 674 0
605 613 0
608 719 0
609 719 0
610 644 0
610 850 0
611 755 0
611 782 0
611 851 0
611 902 0
612 724 0
612 769 0
613 645 0
614 639 0
619 734 0
620 765 0
620 846 0
620 917 0
620 982 0
622 628 0
622 663 0
623 630 0
623 858 0
627 796 0
628 720 0
629 772 0
629 881 0
630 705 0
632 933 0
632 957 0
633 714 0
633 844 0
634 937 0
638 786 0
638 798 0
639 680 0
639 835 0
640 908 0
649 709 0
649 811 0
651 666 0
652 897 0
653 724 0
653 754 0
655 886 0
655 971 0
657 913 0
659 925 0
660 692 0
660 828 0
660 861 0
661 699 0
661 958 0
662 842 0
665 966 0
667 928 0
668 864 0
669 774 0
669 931 0
670 991 0
672 822 0
672 844 0
672 862 0
676 729 0
676 1000 0
678 920 0
681 684 0
683 868 0
684 830 0
684 843 0
686 864 0
686 954 0
688 774 0
688 807 0
688 862 0
689 812 0
690 824 0
692 796 0
693 709 0
693 958 0
694 791 0
694 952 0
695 982 0
699 962 0
700 787 0
701 766 0
701 822 0
701 977 0
702 904 0
705 975 0
706 903 0
706 978 0
706 983 0
707 994 0
709 933 0
714 793 0
714 896 0
716 854 0
717 955 0
719 744 0
720 777 0
720 958 0
720 962 0
721 854 0
721 917 0
722 942 0
724 794 0
724 852 0
727 740 0
727 867 0
727 899 0
728 896 0
735 815 0
735 961 0
736 991 0
737 927 0
740 902 0
741 898 0
742 786 0
743 981 0
746 798 0
748 903 0
748 954 0
754 851 0
754 909 0
758 904 0
760 838 0
760 840 0
764 928 0
765 785 0
765 955 0
767 850 0
769 899 0
770 935 0
773 823 0
773 826 0
776 894 0
776 922 0
777 927 0
779 974 0
781 798 0
788 940 0
795 932 0
796 828 0
797 974 0
800 844 0
800 870 0
800 966 0
804 951 0
808 868 0
809 914 0
813 942 0
814 828 0
814 991 0
818 883 0
818 962 0
820 968 0
825 881 0
828 950 0
831 896 0
833 898 0
835 950 0
836 898 0
837 917 0
837 979 0
841 843 0
841 938 0
842 947 0
846 914 0
846 974 0
849 863 0
849 936 0
850 863 0
850 987 0
855 896 0
856 899 0
862 883 0
864 872 0
868 946 0
873 903 0
873 933 0
874 966 0
876 892 0
876 956 0
876 958 0
878 893 0
878 978 0
879 999 0
882 920 0
884 944 0
887 980 0
895 999 0
898 941 0
898 976 0
900 934 0
901 994 0
902 947 0
902 950 0
910 954 0
915 985 0
920 949 0
927 964 0
928 1000 0
940 947 0
944 987 0
965 994 0
966 996 0
967 981 0
968 982 0
