350 406 0
1 129 0
2 244 0
3 17 0
3 104 0
3 283 0
3 349 0
4 47 0
4 86 0
5 228 0
5 300 0
6 43 0
6 135 0
6 151 0
6 206 0
7 124 0
8 244 0
9 259 0
9 292 0
10 223 0
11 45 0
11 337 0
12 48 0
12 76 0
12 287 0
12 321 0
13 157 0
13 252 0
14 57 0
15 66 0
16 198 0
16 215 0
17 130 0
17 183 0
17 223 0
18 137 0
18 142 0
18 151 0
18 188 0
18 344 0
19 59 0
20 280 0
21 69 0
21 71 0
21 189 0
21 262 0
22 52 0
22 73 0
22 96 0
22 197 0
23 55 0
23 70 0
23 108 0
23 298 0
24 241 0
25 63 0
25 137 0
25 162 0
25 179 0
25 273 0
25 307 0
26 263 0
27 143 0
28 286 0
28 305 0
29 99 0
29 126 0
29 208 0
29 336 0
30 244 0
31 266 0
32 232 0
33 93 0
33 242 0
33 259 0
33 293 0
34 149 0
35 335 0
36 133 0
37 284 0
38 243 0
39 52 0
40 311 0
41 155 0
41 195 0
41 323 0
42 124 0
43 66 0
43 68 0
43 149 0
43 243 0
44 74 0
45 274 0
46 168 0
46 197 0
47 274 0
48 146 0
48 212 0
48 271 0
49 120 0
49 138 0
49 169 0
49 175 0
49 306 0
49 318 0
50 197 0
51 232 0
52 81 0
52 226 0
53 95 0
53 228 0
53 266 0
53 294 0
54 286 0
55 116 0
55 279 0
55 311 0
56 66 0
56 337 0
57 169 0
57 222 0
57 347 0
58 252 0
59 229 0
59 285 0
59 315 0
60 97 0
60 135 0
60 325 0
60 345 0
61 78 0
62 220 0
62 314 0
62 336 0
64 143 0
65 94 0
65 164 0
65 214 0
65 239 0
66 115 0
66 153 0
66 225 0
67 310 0
68 196 0
68 216 0
68 269 0
68 295 0
69 308 0
72 74 0
72 115 0
72 205 0
73 194 0
73 229 0
73 323 0
74 142 0
74 148 0
74 194 0
75 220 0
76 281 0
76 297 0
76 332 0
77 308 0
78 122 0
78 236 0
78 295 0
79 196 0
79 266 0
80 335 0
82 109 0
82 121 0
82 187 0
82 330 0
83 195 0
84 329 0
85 181 0
86 135 0
86 166 0
86 185 0
86 209 0
87 307 0
88 129 0
89 129 0
89 162 0
89 220 0
89 321 0
89 337 0
90 93 0
91 175 0
92 101 0
92 210 0
92 219 0
92 322 0
93 233 0
93 319 0
95 150 0
95 160 0
95 173 0
96 127 0
96 178 0
96 299 0
97 240 0
97 261 0
98 344 0
100 116 0
102 110 0
102 192 0
102 245 0
102 305 0
103 242 0
103 246 0
103 299 0
104 269 0
105 300 0
106 137 0
106 154 0
106 237 0
106 278 0
107 284 0
111 148 0
111 152 0
111 268 0
111 305 0
112 284 0
113 294 0
114 116 0
114 233 0
116 194 0
116 249 0
117 183 0
118 266 0
119 344 0
120 310 0
121 190 0
121 207 0
121 346 0
123 308 0
124 194 0
124 290 0
125 223 0
126 143 0
126 190 0
126 251 0
128 137 0
128 202 0
128 247 0
128 302 0
129 270 0
130 168 0
130 215 0
130 305 0
131 287 0
132 307 0
133 303 0
133 312 0
133 316 0
133 347 0
134 139 0
134 215 0
134 218 0
134 272 0
135 149 0
136 280 0
136 331 0
137 331 0
139 167 0
140 232 0
141 198 0
142 262 0
143 171 0
144 327 0
145 287 0
146 294 0
147 287 0
149 255 0
149 324 0
151 157 0
151 293 0
155 343 0
155 344 0
156 184 0
156 232 0
157 168 0
157 323 0
158 166 0
158 215 0
158 277 0
158 304 0
158 348 0
159 183 0
161 243 0
163 220 0
164 175 0
164 274 0
164 293 0
165 307 0
166 305 0
167 241 0
168 190 0
168 228 0
169 308 0
169 321 0
170 263 0
172 259 0
173 250 0
174 246 0
175 201 0
175 257 0
176 197 0
177 251 0
177 324 0
180 195 0
180 232 0
180 279 0
180 350 0
181 186 0
181 189 0
181 198 0
181 341 0
182 207 0
183 247 0
183 253 0
184 258 0
184 303 0
184 342 0
188 200 0
188 227 0
188 329 0
189 228 0
189 244 0
190 273 0
191 265 0
192 339 0
193 251 0
194 198 0
195 314 0
198 267 0
199 225 0
199 295 0
199 320 0
199 338 0
200 234 0
203 311 0
204 350 0
205 327 0
206 246 0
206 307 0
206 335 0
207 213 0
207 231 0
209 240 0
211 242 0
215 263 0
215 342 0
217 252 0
217 331 0
219 228 0
219 286 0
219 310 0
221 346 0
223 261 0
224 242 0
229 241 0
229 284 0
230 311 0
232 342 0
235 241 0
238 265 0
240 251 0
243 288 0
246 282 0
246 328 0
248 335 0
250 331 0
252 273 0
252 292 0
254 350 0
256 337 0
259 309 0
260 265 0
261 318 0
263 348 0
264 350 0
265 305 0
273 300 0
274 333 0
275 346 0
276 280 0
279 295 0
279 323 0
280 303 0
286 296 0
286 326 0
289 310 0
291 329 0
293 303 0
294 301 0
294 334 0
295 327 0
300 313 0
300 336 0
308 340 0
317 346 0
321 323 0
326 331 0
326 339 0
327 343 0
329 339 0
