160 198 0
1 123 0
2 7 0
2 105 0
3 24 0
3 57 0
4 129 0
5 127 0
5 148 0
6 13 0
6 52 0
6 70 0
6 109 0
7 114 0
7 115 0
7 150 0
8 44 0
8 50 0
8 121 0
8 150 0
9 90 0
10 99 0
10 110 0
10 116 0
10 159 0
11 23 0
11 51 0
11 83 0
11 87 0
11 97 0
12 45 0
12 48 0
12 62 0
12 107 0
13 30 0
14 20 0
14 79 0
15 90 0
16 21 0
16 59 0
17 37 0
17 87 0
17 95 0
17 111 0
18 128 0
19 53 0
19 71 0
19 105 0
19 123 0
20 42 0
20 125 0
20 133 0
21 128 0
22 124 0
23 106 0
23 121 0
23 126 0
23 138 0
24 104 0
24 108 0
24 110 0
25 31 0
25 156 0
26 33 0
26 41 0
26 129 0
26 145 0
26 149 0
27 59 0
28 59 0
29 39 0
30 78 0
30 158 0
31 60 0
31 87 0
31 122 0
31 137 0
32 144 0
33 76 0
33 110 0
33 141 0
34 45 0
34 50 0
34 87 0
34 148 0
35 89 0
36 39 0
36 46 0
37 133 0
38 142 0
39 61 0
39 75 0
39 76 0
40 94 0
41 64 0
41 88 0
41 149 0
41 152 0
41 157 0
42 147 0
43 45 0
43 91 0
43 112 0
43 119 0
44 94 0
44 104 0
44 142 0
44 158 0
45 67 0
45 68 0
46 64 0
46 100 0
46 135 0
46 148 0
47 120 0
47 123 0
49 124 0
50 141 0
52 102 0
52 125 0
52 141 0
54 156 0
55 140 0
56 147 0
57 129 0
58 94 0
59 155 0
60 97 0
63 89 0
65 144 0
66 129 0
67 125 0
68 74 0
68 117 0
68 143 0
69 85 0
69 93 0
69 103 0
69 121 0
71 139 0
72 128 0
73 158 0
74 146 0
76 144 0
76 156 0
77 79 0
78 102 0
79 86 0
79 136 0
79 148 0
80 142 0
81 92 0
81 118 0
81 133 0
81 155 0
82 144 0
82 145 0
84 89 0
85 150 0
86 147 0
87 124 0
88 94 0
88 108 0
88 120 0
89 110 0
89 157 0
90 150 0
90 154 0
92 107 0
96 127 0
98 145 0
99 127 0
100 117 0
101 102 0
102 146 0
104 134 0
105 121 0
105 160 0
113 145 0
120 158 0
121 147 0
123 132 0
124 130 0
124 155 0
125 153 0
127 132 0
127 139 0
128 148 0
131 145 0
131 155 0
132 141 0
132 155 0
134 156 0
140 150 0
140 152 0
140 160 0
141 145 0
142 151 0
149 156 0
