700 740 0
1 420 0
2 437 0
3 298 0
3 316 0
3 577 0
3 626 0
4 114 0
4 282 0
4 503 0
4 646 0
4 686 0
5 291 0
6 284 0
6 392 0
6 410 0
6 500 0
7 143 0
8 680 0
9 590 0
10 683 0
11 78 0
11 200 0
11 403 0
11 667 0
12 326 0
13 335 0
14 687 0
15 409 0
16 584 0
17 503 0
18 235 0
19 27 0
19 279 0
19 337 0
19 385 0
20 44 0
21 77 0
21 443 0
21 595 0
21 629 0
22 40 0
22 55 0
22 473 0
22 562 0
23 62 0
24 147 0
24 157 0
24 552 0
24 672 0
25 74 0
26 141 0
27 34 0
27 447 0
27 625 0
27 687 0
28 414 0
29 612 0
30 66 0
30 468 0
30 599 0
31 59 0
32 604 0
33 102 0
34 57 0
34 334 0
34 431 0
34 666 0
35 192 0
35 239 0
35 273 0
35 334 0
35 355 0
36 243 0
36 444 0
36 635 0
36 656 0
37 414 0
38 606 0
39 143 0
41 166 0
42 125 0
43 124 0
44 536 0
44 644 0
44 674 0
45 556 0
46 88 0
46 99 0
46 499 0
46 549 0
47 467 0
48 143 0
49 205 0
50 145 0
50 233 0
50 371 0
50 445 0
51 498 0
52 67 0
52 181 0
52 456 0
52 461 0
53 166 0
54 84 0
54 89 0
54 212 0
54 306 0
56 217 0
58 321 0
59 327 0
59 347 0
59 357 0
60 80 0
60 361 0
60 382 0
60 644 0
61 115 0
62 324 0
62 436 0
62 601 0
63 222 0
63 350 0
63 375 0
63 559 0
64 205 0
65 426 0
66 184 0
66 447 0
66 602 0
67 198 0
67 249 0
68 571 0
69 237 0
69 358 0
69 436 0
69 561 0
70 386 0
71 278 0
71 299 0
71 421 0
71 551 0
72 604 0
73 606 0
74 266 0
74 354 0
74 471 0
74 609 0
75 556 0
76 142 0
76 191 0
76 630 0
76 700 0
79 216 0
79 233 0
79 323 0
79 516 0
81 439 0
82 637 0
83 570 0
85 138 0
85 162 0
85 672 0
86 224 0
86 281 0
86 300 0
86 301 0
87 670 0
88 210 0
88 272 0
90 117 0
90 351 0
90 438 0
90 512 0
90 564 0
91 313 0
91 369 0
91 428 0
91 530 0
92 612 0
93 127 0
93 255 0
93 264 0
93 617 0
94 229 0
94 304 0
94 306 0
94 520 0
95 482 0
96 372 0
97 679 0
98 440 0
100 138 0
100 181 0
100 343 0
100 588 0
101 133 0
102 275 0
102 354 0
102 558 0
103 409 0
104 153 0
105 139 0
105 450 0
105 520 0
105 587 0
106 469 0
107 235 0
108 115 0
109 658 0
110 297 0
110 449 0
110 505 0
110 564 0
111 689 0
112 125 0
113 657 0
115 200 0
115 430 0
116 276 0
118 221 0
119 258 0
119 286 0
119 362 0
119 653 0
120 173 0
120 288 0
120 374 0
120 451 0
121 634 0
122 509 0
123 409 0
124 179 0
124 380 0
124 516 0
125 175 0
125 625 0
126 661 0
128 399 0
129 679 0
130 420 0
131 492 0
132 488 0
133 374 0
133 415 0
133 668 0
134 330 0
135 214 0
136 350 0
137 365 0
138 256 0
138 325 0
138 468 0
140 679 0
141 455 0
141 480 0
141 487 0
143 478 0
144 557 0
146 458 0
148 210 0
149 219 0
149 274 0
149 405 0
149 446 0
150 166 0
150 256 0
150 458 0
150 493 0
151 467 0
152 453 0
153 342 0
153 346 0
153 551 0
153 623 0
154 214 0
155 465 0
156 247 0
158 475 0
159 321 0
160 172 0
160 423 0
160 474 0
161 264 0
161 517 0
161 655 0
161 690 0
161 694 0
162 220 0
162 387 0
162 449 0
163 683 0
164 427 0
164 501 0
164 578 0
164 673 0
165 437 0
166 504 0
166 695 0
167 384 0
168 228 0
169 227 0
170 390 0
171 249 0
172 243 0
172 397 0
172 597 0
174 326 0
175 180 0
175 365 0
175 513 0
176 600 0
177 611 0
178 377 0
178 455 0
178 506 0
178 681 0
180 244 0
180 307 0
180 379 0
181 217 0
181 236 0
181 564 0
182 328 0
183 435 0
184 223 0
184 301 0
184 394 0
185 296 0
186 386 0
187 369 0
188 322 0
189 373 0
190 594 0
193 261 0
193 393 0
193 573 0
193 593 0
194 488 0
195 249 0
196 412 0
197 270 0
198 428 0
198 494 0
198 557 0
198 579 0
199 349 0
200 647 0
200 698 0
201 590 0
202 373 0
203 225 0
203 303 0
203 532 0
203 544 0
203 599 0
204 670 0
205 473 0
205 677 0
206 579 0
207 634 0
208 435 0
209 249 0
209 326 0
209 400 0
209 584 0
210 254 0
210 533 0
210 651 0
211 235 0
211 321 0
211 365 0
213 409 0
213 509 0
213 544 0
213 604 0
214 449 0
214 528 0
215 426 0
216 474 0
216 513 0
216 599 0
217 485 0
217 502 0
218 227 0
218 272 0
218 390 0
218 602 0
219 439 0
219 580 0
219 602 0
221 478 0
221 519 0
221 553 0
222 416 0
222 607 0
222 686 0
222 690 0
223 353 0
223 530 0
223 670 0
225 264 0
225 499 0
225 672 0
226 390 0
227 367 0
227 695 0
228 333 0
228 343 0
228 660 0
229 428 0
229 599 0
229 698 0
230 241 0
231 322 0
232 364 0
233 317 0
233 437 0
234 322 0
235 526 0
235 588 0
236 432 0
236 522 0
236 538 0
238 353 0
239 342 0
239 352 0
239 447 0
239 606 0
240 614 0
241 262 0
241 418 0
241 466 0
242 412 0
243 335 0
243 400 0
245 527 0
246 296 0
247 294 0
247 406 0
247 466 0
248 570 0
249 537 0
250 276 0
250 419 0
250 474 0
250 479 0
250 611 0
251 631 0
252 440 0
253 580 0
256 258 0
256 327 0
257 548 0
258 417 0
258 657 0
259 276 0
260 352 0
261 330 0
261 532 0
261 631 0
263 594 0
264 658 0
265 611 0
267 530 0
268 435 0
269 509 0
270 283 0
270 331 0
270 436 0
271 291 0
272 471 0
272 550 0
272 596 0
276 627 0
277 419 0
280 352 0
285 372 0
287 600 0
289 364 0
290 571 0
291 312 0
291 577 0
292 492 0
293 378 0
295 482 0
296 404 0
296 455 0
301 590 0
301 664 0
302 423 0
302 642 0
302 688 0
302 693 0
303 372 0
303 497 0
304 399 0
304 412 0
304 576 0
305 323 0
305 336 0
305 376 0
305 671 0
306 372 0
306 373 0
308 426 0
309 497 0
310 680 0
311 338 0
311 395 0
311 672 0
311 699 0
313 513 0
313 571 0
314 452 0
315 350 0
317 332 0
317 481 0
317 495 0
318 363 0
319 612 0
320 493 0
321 595 0
322 410 0
323 460 0
323 488 0
325 455 0
325 466 0
325 644 0
326 511 0
327 413 0
327 614 0
328 398 0
328 423 0
328 649 0
329 344 0
329 345 0
329 354 0
329 692 0
330 539 0
330 682 0
334 439 0
335 457 0
335 581 0
339 467 0
340 658 0
341 482 0
342 614 0
343 465 0
343 475 0
348 637 0
349 374 0
349 510 0
349 632 0
350 524 0
352 586 0
352 648 0
353 484 0
353 490 0
354 513 0
354 517 0
356 419 0
359 647 0
360 390 0
363 470 0
363 672 0
363 676 0
364 605 0
364 651 0
365 574 0
365 636 0
366 637 0
368 611 0
369 422 0
369 585 0
370 452 0
372 696 0
373 476 0
373 625 0
374 544 0
375 434 0
375 468 0
375 551 0
378 508 0
378 520 0
378 691 0
381 493 0
383 664 0
384 466 0
384 541 0
384 685 0
386 518 0
386 588 0
388 452 0
389 488 0
391 453 0
394 420 0
394 570 0
394 634 0
396 579 0
399 591 0
399 618 0
400 423 0
400 468 0
401 576 0
402 606 0
407 687 0
408 647 0
410 544 0
410 600 0
411 634 0
412 662 0
413 477 0
413 542 0
413 572 0
414 462 0
414 578 0
417 489 0
417 565 0
417 586 0
419 684 0
420 531 0
423 498 0
424 576 0
425 559 0
426 459 0
426 586 0
428 449 0
428 578 0
429 437 0
433 497 0
434 436 0
434 503 0
434 661 0
435 595 0
438 452 0
438 497 0
438 513 0
439 479 0
440 516 0
440 669 0
441 498 0
442 557 0
447 459 0
448 689 0
453 491 0
453 585 0
454 670 0
458 615 0
458 678 0
459 467 0
459 482 0
460 483 0
460 563 0
460 638 0
463 520 0
463 583 0
463 616 0
463 643 0
464 509 0
465 521 0
465 547 0
469 478 0
469 639 0
469 690 0
469 696 0
471 567 0
471 579 0
472 494 0
473 532 0
473 548 0
474 585 0
474 700 0
475 546 0
475 567 0
478 602 0
479 516 0
486 556 0
492 620 0
492 644 0
493 641 0
494 525 0
494 628 0
496 640 0
498 633 0
499 680 0
499 683 0
503 543 0
507 570 0
514 548 0
515 689 0
516 612 0
517 580 0
520 696 0
523 576 0
527 554 0
527 577 0
527 603 0
529 604 0
530 568 0
530 665 0
532 595 0
534 661 0
535 548 0
540 631 0
545 640 0
551 689 0
555 683 0
556 585 0
557 582 0
559 619 0
559 663 0
560 584 0
566 580 0
569 647 0
571 578 0
575 584 0
577 698 0
579 650 0
580 598 0
585 695 0
588 640 0
589 640 0
590 592 0
594 608 0
594 651 0
600 645 0
604 686 0
610 614 0
613 657 0
621 664 0
622 631 0
624 657 0
637 700 0
651 698 0
652 661 0
654 687 0
658 675 0
659 664 0
679 700 0
680 697 0
