250 273 0
1 152 0
2 225 0
3 7 0
3 63 0
4 86 0
5 126 0
6 10 0
7 93 0
7 114 0
7 178 0
7 196 0
8 241 0
9 170 0
10 26 0
10 154 0
10 227 0
11 170 0
12 68 0
12 135 0
12 204 0
12 232 0
13 33 0
13 157 0
14 206 0
15 214 0
16 117 0
16 159 0
17 70 0
17 102 0
17 140 0
17 244 0
17 246 0
18 208 0
19 45 0
19 89 0
19 95 0
19 139 0
19 166 0
19 179 0
20 119 0
20 124 0
21 179 0
22 70 0
22 103 0
22 115 0
22 213 0
23 204 0
24 110 0
25 219 0
27 43 0
27 68 0
27 138 0
27 207 0
28 112 0
29 138 0
30 208 0
31 43 0
32 38 0
32 247 0
33 90 0
33 119 0
33 164 0
34 206 0
35 55 0
35 150 0
35 206 0
35 209 0
36 64 0
36 142 0
36 179 0
36 209 0
37 225 0
38 53 0
38 130 0
38 218 0
39 52 0
40 62 0
40 65 0
40 143 0
40 177 0
40 197 0
41 133 0
42 241 0
43 145 0
43 249 0
44 219 0
45 220 0
46 203 0
47 150 0
48 212 0
49 222 0
50 242 0
50 244 0
51 78 0
51 248 0
52 70 0
52 137 0
52 199 0
53 124 0
53 197 0
53 231 0
54 75 0
55 71 0
55 107 0
55 215 0
56 64 0
57 90 0
57 91 0
57 118 0
57 147 0
57 207 0
58 250 0
59 75 0
60 124 0
61 220 0
62 80 0
62 159 0
62 197 0
63 237 0
64 169 0
64 175 0
64 223 0
66 191 0
67 207 0
68 100 0
68 227 0
69 133 0
70 78 0
72 152 0
72 197 0
72 214 0
72 250 0
73 150 0
74 110 0
75 83 0
75 90 0
76 207 0
77 133 0
78 97 0
78 111 0
79 214 0
80 85 0
80 104 0
80 245 0
81 152 0
82 106 0
84 135 0
86 128 0
86 156 0
86 235 0
87 99 0
87 140 0
87 195 0
87 230 0
88 138 0
90 193 0
92 207 0
94 196 0
96 152 0
98 232 0
99 151 0
100 102 0
100 123 0
100 209 0
100 224 0
101 243 0
102 193 0
105 186 0
106 120 0
106 226 0
106 247 0
108 201 0
108 231 0
109 186 0
109 232 0
110 121 0
110 243 0
111 198 0
112 113 0
112 180 0
112 229 0
113 136 0
113 208 0
113 241 0
116 203 0
117 161 0
121 134 0
122 128 0
122 181 0
122 201 0
122 234 0
123 231 0
124 125 0
126 173 0
126 227 0
126 239 0
127 208 0
128 224 0
128 244 0
129 196 0
131 237 0
132 179 0
133 227 0
134 231 0
135 162 0
135 238 0
136 193 0
136 221 0
136 243 0
138 153 0
140 170 0
140 220 0
141 204 0
142 144 0
142 184 0
142 188 0
146 151 0
148 237 0
149 241 0
150 168 0
151 190 0
151 226 0
151 242 0
155 191 0
157 250 0
158 225 0
159 180 0
159 192 0
159 202 0
160 212 0
161 166 0
161 189 0
161 211 0
163 219 0
165 220 0
166 169 0
166 224 0
166 243 0
167 214 0
168 250 0
169 187 0
169 217 0
169 228 0
170 194 0
171 250 0
172 212 0
174 222 0
176 244 0
178 212 0
178 222 0
178 224 0
179 182 0
183 191 0
185 243 0
186 233 0
186 246 0
191 246 0
193 197 0
196 210 0
196 221 0
198 232 0
200 232 0
203 216 0
203 246 0
204 240 0
205 222 0
206 236 0
209 226 0
219 221 0
221 225 0
226 237 0
227 228 0
244 248 0
