300 434 0
1 71 0
1 84 0
1 122 0
1 136 0
1 137 0
1 229 0
1 279 0
2 7 0
3 54 0
3 69 0
3 231 0
3 260 0
4 60 0
4 72 0
4 93 0
4 159 0
4 217 0
5 57 0
5 217 0
6 35 0
6 71 0
6 74 0
6 162 0
6 276 0
6 284 0
7 91 0
7 142 0
7 243 0
7 295 0
8 19 0
8 79 0
9 120 0
9 202 0
9 255 0
10 215 0
11 56 0
11 138 0
11 140 0
11 182 0
11 241 0
12 29 0
12 132 0
12 191 0
12 241 0
12 282 0
13 64 0
13 255 0
14 63 0
14 149 0
15 254 0
16 85 0
16 127 0
16 162 0
16 192 0
17 138 0
18 28 0
18 53 0
18 154 0
19 193 0
19 284 0
20 140 0
20 197 0
21 168 0
21 182 0
22 88 0
22 229 0
23 58 0
23 60 0
23 93 0
23 283 0
24 228 0
24 232 0
24 235 0
24 293 0
25 80 0
25 112 0
25 145 0
26 117 0
26 232 0
27 77 0
27 110 0
27 157 0
27 164 0
27 214 0
27 297 0
28 169 0
28 172 0
28 201 0
28 292 0
29 65 0
29 119 0
29 157 0
29 241 0
30 59 0
31 236 0
32 112 0
33 56 0
33 59 0
33 79 0
33 259 0
34 144 0
35 167 0
36 53 0
36 97 0
36 233 0
37 62 0
37 79 0
37 80 0
37 139 0
37 149 0
37 254 0
38 89 0
38 106 0
38 199 0
38 267 0
39 158 0
40 67 0
40 88 0
40 120 0
40 268 0
41 65 0
42 113 0
42 149 0
42 248 0
42 252 0
42 281 0
43 184 0
44 81 0
44 165 0
44 189 0
45 49 0
45 83 0
45 253 0
45 275 0
46 74 0
46 232 0
47 63 0
48 152 0
48 247 0
48 289 0
50 66 0
51 66 0
52 81 0
52 97 0
52 112 0
52 191 0
53 254 0
54 57 0
54 68 0
54 181 0
55 79 0
55 126 0
55 163 0
55 164 0
55 171 0
56 57 0
56 119 0
57 178 0
57 216 0
57 224 0
59 143 0
59 221 0
60 173 0
61 123 0
61 235 0
62 145 0
62 207 0
62 228 0
63 139 0
63 207 0
63 218 0
63 257 0
64 164 0
64 237 0
64 274 0
65 179 0
65 247 0
65 257 0
66 106 0
66 206 0
66 248 0
67 134 0
68 92 0
68 146 0
68 162 0
70 79 0
71 299 0
72 255 0
73 131 0
73 233 0
73 275 0
73 280 0
73 292 0
74 181 0
74 298 0
75 183 0
76 111 0
76 151 0
78 124 0
78 215 0
79 89 0
79 198 0
80 195 0
80 279 0
80 287 0
81 108 0
81 154 0
81 181 0
82 120 0
84 120 0
84 177 0
84 193 0
84 241 0
84 265 0
86 197 0
86 214 0
87 106 0
88 107 0
88 220 0
88 243 0
89 111 0
89 130 0
89 248 0
90 211 0
91 195 0
92 99 0
92 114 0
92 121 0
93 101 0
93 134 0
93 191 0
94 114 0
95 235 0
96 188 0
96 199 0
97 147 0
97 165 0
97 176 0
98 138 0
99 128 0
99 209 0
99 263 0
100 141 0
100 202 0
100 205 0
100 275 0
101 232 0
102 156 0
103 125 0
103 149 0
103 219 0
103 262 0
104 185 0
104 221 0
104 255 0
104 264 0
105 237 0
105 267 0
106 168 0
106 177 0
107 158 0
107 265 0
108 119 0
108 179 0
108 271 0
108 293 0
109 121 0
109 174 0
111 166 0
111 230 0
112 115 0
112 183 0
112 222 0
112 240 0
112 246 0
114 249 0
114 258 0
116 193 0
117 162 0
117 226 0
117 228 0
117 240 0
117 296 0
118 232 0
118 278 0
119 128 0
119 133 0
119 175 0
120 178 0
120 299 0
121 149 0
121 204 0
121 269 0
122 139 0
122 144 0
122 215 0
123 211 0
123 233 0
124 140 0
126 158 0
128 175 0
128 200 0
129 181 0
130 132 0
130 151 0
130 225 0
130 234 0
130 239 0
130 249 0
131 264 0
132 146 0
134 147 0
134 160 0
135 265 0
138 189 0
139 146 0
139 149 0
139 296 0
140 180 0
141 259 0
144 171 0
144 196 0
144 289 0
145 207 0
145 256 0
146 189 0
146 293 0
148 299 0
149 184 0
150 211 0
151 182 0
152 207 0
152 208 0
152 288 0
153 184 0
154 164 0
154 194 0
155 188 0
156 175 0
156 238 0
156 291 0
156 292 0
157 172 0
157 181 0
157 272 0
157 286 0
158 218 0
158 275 0
158 292 0
160 182 0
161 173 0
164 293 0
167 222 0
167 256 0
170 223 0
173 234 0
173 242 0
173 273 0
173 298 0
174 215 0
176 187 0
181 186 0
181 187 0
182 278 0
183 190 0
183 225 0
183 285 0
184 210 0
185 247 0
186 236 0
188 234 0
188 287 0
189 239 0
191 207 0
193 248 0
193 271 0
193 289 0
194 228 0
194 243 0
194 264 0
197 214 0
199 200 0
199 203 0
199 212 0
199 296 0
202 219 0
203 265 0
205 250 0
207 211 0
213 214 0
214 248 0
215 257 0
221 223 0
221 261 0
221 293 0
222 234 0
223 234 0
223 266 0
223 268 0
225 236 0
225 251 0
226 230 0
227 254 0
228 275 0
228 277 0
230 275 0
234 256 0
235 259 0
235 268 0
236 270 0
238 268 0
239 251 0
243 282 0
243 299 0
244 245 0
244 246 0
244 248 0
244 294 0
245 256 0
248 281 0
248 299 0
250 251 0
251 300 0
256 299 0
260 264 0
261 299 0
265 298 0
267 290 0
267 295 0
272 275 0
275 282 0
281 294 0
282 292 0
287 288 0
