180 263 0
1 117 0
1 123 0
1 131 0
1 171 0
2 26 0
2 69 0
2 150 0
3 7 0
3 161 0
4 94 0
4 115 0
5 6 0
5 96 0
6 83 0
6 98 0
6 150 0
6 154 0
7 33 0
7 50 0
7 132 0
7 166 0
8 13 0
8 65 0
8 93 0
8 132 0
9 81 0
10 53 0
10 78 0
10 87 0
10 103 0
10 119 0
10 149 0
10 156 0
11 18 0
12 80 0
13 36 0
13 72 0
13 114 0
14 29 0
14 41 0
14 64 0
14 73 0
14 103 0
14 112 0
14 162 0
15 69 0
15 109 0
16 28 0
16 52 0
16 54 0
16 72 0
16 132 0
16 163 0
16 167 0
17 141 0
18 49 0
18 75 0
18 90 0
18 133 0
19 33 0
19 62 0
19 81 0
19 87 0
19 134 0
20 134 0
21 136 0
22 30 0
22 78 0
22 151 0
23 24 0
23 73 0
23 76 0
23 96 0
24 55 0
24 158 0
25 102 0
25 134 0
26 46 0
26 62 0
26 108 0
26 113 0
26 125 0
27 147 0
28 69 0
28 95 0
28 118 0
29 88 0
29 109 0
30 41 0
30 67 0
30 132 0
30 175 0
31 120 0
32 110 0
32 163 0
33 48 0
33 130 0
33 148 0
34 57 0
34 83 0
34 115 0
35 61 0
35 103 0
35 119 0
35 172 0
36 115 0
36 134 0
37 110 0
38 80 0
38 109 0
38 146 0
39 160 0
39 174 0
40 107 0
41 147 0
41 158 0
42 137 0
43 87 0
43 141 0
43 174 0
43 178 0
44 173 0
45 141 0
47 105 0
47 173 0
49 56 0
51 100 0
51 107 0
52 66 0
52 158 0
55 158 0
56 129 0
56 132 0
56 152 0
56 168 0
57 74 0
57 147 0
58 81 0
59 137 0
60 85 0
60 87 0
60 94 0
60 137 0
61 165 0
61 167 0
63 174 0
64 82 0
64 116 0
65 173 0
66 113 0
66 143 0
66 161 0
66 170 0
67 106 0
68 75 0
68 79 0
68 101 0
68 106 0
68 125 0
69 98 0
70 92 0
70 120 0
71 94 0
72 120 0
72 153 0
73 139 0
74 116 0
74 136 0
75 116 0
75 173 0
75 178 0
77 158 0
80 155 0
80 167 0
81 97 0
81 144 0
81 170 0
82 87 0
82 113 0
82 131 0
84 91 0
84 99 0
84 120 0
84 125 0
85 138 0
85 153 0
85 154 0
85 180 0
86 94 0
86 159 0
88 120 0
89 117 0
91 99 0
92 111 0
92 112 0
92 126 0
93 148 0
95 171 0
96 99 0
96 105 0
96 116 0
97 99 0
97 154 0
98 110 0
98 116 0
99 101 0
99 106 0
100 117 0
100 129 0
100 165 0
101 116 0
102 136 0
102 166 0
103 136 0
104 170 0
105 138 0
105 145 0
105 151 0
107 112 0
107 157 0
107 174 0
108 138 0
108 178 0
109 152 0
109 160 0
109 167 0
109 174 0
110 146 0
111 122 0
111 157 0
112 115 0
113 120 0
113 132 0
114 137 0
115 157 0
115 165 0
117 179 0
118 123 0
119 155 0
120 156 0
120 160 0
121 161 0
121 167 0
122 147 0
123 139 0
123 159 0
124 135 0
124 141 0
124 171 0
127 128 0
127 171 0
128 178 0
131 132 0
131 167 0
134 135 0
140 152 0
140 173 0
142 161 0
162 174 0
164 170 0
169 178 0
170 176 0
171 177 0
