300 407 0
1 192 0
1 212 0
1 241 0
1 278 0
1 288 0
2 30 0
2 44 0
2 65 0
2 129 0
3 43 0
3 146 0
3 229 0
3 287 0
4 58 0
4 166 0
4 180 0
4 224 0
4 227 0
4 234 0
5 9 0
5 57 0
5 171 0
5 269 0
6 86 0
6 141 0
6 211 0
6 261 0
6 299 0
7 62 0
7 70 0
7 111 0
7 189 0
7 250 0
8 200 0
8 270 0
9 251 0
10 263 0
11 40 0
11 106 0
12 59 0
12 172 0
12 263 0
12 290 0
13 73 0
13 91 0
13 183 0
13 247 0
14 16 0
14 60 0
14 119 0
14 266 0
15 109 0
15 136 0
15 139 0
15 186 0
15 262 0
17 157 0
18 95 0
18 101 0
18 131 0
18 227 0
18 238 0
19 131 0
19 141 0
19 209 0
19 227 0
20 154 0
21 35 0
21 42 0
21 171 0
21 236 0
21 292 0
22 55 0
22 65 0
22 92 0
22 230 0
23 64 0
24 295 0
25 59 0
25 93 0
25 103 0
25 178 0
26 103 0
27 264 0
28 76 0
28 93 0
29 228 0
31 80 0
31 188 0
31 202 0
31 267 0
32 184 0
33 70 0
34 209 0
34 272 0
35 53 0
35 182 0
35 293 0
36 125 0
36 154 0
36 189 0
36 199 0
36 268 0
37 134 0
37 229 0
37 258 0
37 296 0
38 157 0
39 93 0
39 199 0
40 111 0
40 118 0
40 187 0
40 202 0
40 300 0
41 191 0
41 200 0
42 82 0
42 204 0
43 123 0
44 291 0
45 87 0
45 282 0
46 157 0
46 198 0
47 126 0
48 290 0
49 125 0
50 259 0
51 81 0
51 264 0
52 119 0
52 136 0
52 290 0
53 82 0
53 134 0
53 202 0
54 211 0
54 290 0
55 112 0
55 115 0
56 259 0
56 267 0
57 265 0
58 121 0
59 110 0
59 173 0
59 240 0
60 90 0
60 97 0
60 145 0
60 165 0
60 195 0
61 251 0
62 185 0
63 68 0
63 292 0
64 229 0
64 286 0
64 294 0
65 70 0
65 198 0
65 259 0
66 69 0
66 136 0
66 214 0
66 239 0
66 255 0
66 264 0
67 218 0
68 213 0
69 97 0
69 131 0
69 236 0
69 254 0
70 106 0
70 107 0
70 197 0
70 242 0
71 99 0
72 172 0
72 283 0
74 126 0
74 253 0
75 90 0
76 124 0
76 167 0
76 219 0
77 78 0
77 214 0
77 235 0
77 249 0
78 133 0
79 133 0
79 260 0
81 160 0
81 209 0
81 289 0
82 170 0
82 216 0
82 240 0
83 171 0
83 232 0
84 201 0
84 268 0
84 286 0
85 135 0
85 201 0
85 203 0
86 162 0
86 189 0
86 254 0
86 268 0
87 103 0
87 128 0
88 113 0
88 127 0
88 169 0
88 175 0
89 232 0
90 253 0
90 266 0
90 276 0
90 291 0
90 298 0
91 98 0
91 141 0
91 295 0
93 205 0
93 283 0
94 195 0
94 210 0
94 212 0
94 274 0
94 300 0
96 213 0
97 175 0
97 229 0
98 151 0
98 158 0
98 222 0
99 191 0
99 246 0
100 124 0
100 172 0
100 219 0
102 154 0
103 156 0
103 226 0
104 150 0
105 171 0
106 221 0
107 229 0
107 231 0
107 244 0
108 184 0
110 131 0
110 189 0
110 198 0
111 123 0
111 129 0
111 196 0
111 208 0
112 125 0
113 162 0
114 265 0
115 156 0
115 168 0
115 221 0
115 240 0
116 145 0
116 186 0
116 279 0
117 126 0
117 190 0
117 209 0
117 245 0
117 280 0
120 232 0
121 201 0
121 283 0
122 264 0
123 216 0
125 142 0
126 167 0
126 269 0
128 272 0
130 154 0
132 250 0
133 184 0
135 228 0
136 189 0
136 213 0
136 228 0
137 148 0
137 201 0
137 236 0
137 265 0
138 162 0
138 259 0
140 228 0
141 246 0
143 282 0
144 244 0
145 164 0
145 253 0
147 149 0
148 161 0
148 211 0
148 231 0
148 275 0
149 207 0
149 255 0
149 270 0
150 197 0
150 214 0
150 300 0
151 200 0
152 200 0
153 235 0
153 279 0
155 185 0
157 246 0
159 250 0
162 199 0
163 264 0
165 282 0
166 203 0
166 251 0
167 198 0
167 272 0
169 245 0
170 263 0
172 223 0
172 243 0
173 272 0
174 248 0
174 286 0
175 184 0
175 244 0
176 189 0
176 237 0
176 263 0
177 232 0
178 217 0
178 256 0
178 299 0
179 260 0
180 185 0
181 260 0
184 284 0
185 237 0
185 239 0
193 218 0
194 263 0
195 242 0
198 202 0
199 262 0
199 285 0
200 246 0
201 288 0
202 232 0
203 240 0
203 271 0
203 276 0
203 297 0
204 268 0
206 248 0
209 279 0
211 230 0
211 272 0
212 236 0
212 248 0
213 257 0
214 253 0
214 282 0
215 265 0
216 221 0
217 271 0
218 239 0
218 254 0
219 254 0
220 292 0
223 241 0
223 295 0
224 295 0
224 298 0
225 292 0
227 251 0
233 234 0
233 279 0
239 264 0
240 298 0
242 260 0
244 277 0
248 266 0
248 284 0
250 273 0
252 268 0
254 284 0
255 260 0
255 268 0
260 292 0
271 291 0
273 291 0
279 281 0
286 296 0
