450 515 0
1 24 0
2 255 0
3 376 0
4 47 0
4 96 0
4 366 0
4 392 0
5 76 0
5 87 0
5 258 0
5 294 0
6 46 0
6 233 0
6 319 0
6 388 0
7 31 0
7 50 0
8 357 0
9 79 0
9 95 0
9 421 0
9 443 0
10 178 0
10 297 0
10 349 0
10 407 0
11 90 0
11 321 0
12 90 0
13 222 0
13 450 0
14 29 0
14 45 0
14 182 0
14 314 0
14 390 0
15 259 0
16 28 0
16 209 0
17 188 0
18 398 0
19 105 0
20 416 0
21 166 0
22 363 0
23 417 0
24 78 0
24 282 0
24 387 0
24 426 0
25 215 0
26 116 0
26 161 0
26 185 0
26 284 0
27 196 0
27 302 0
27 318 0
27 371 0
28 357 0
29 322 0
29 387 0
29 420 0
30 71 0
30 183 0
30 186 0
30 259 0
30 369 0
31 104 0
32 357 0
33 52 0
33 62 0
33 219 0
33 430 0
34 108 0
34 265 0
35 182 0
36 57 0
36 248 0
37 244 0
37 336 0
37 415 0
38 69 0
38 243 0
38 279 0
38 342 0
39 257 0
40 279 0
41 281 0
41 344 0
41 358 0
41 416 0
42 200 0
43 225 0
43 321 0
44 209 0
45 188 0
45 397 0
46 364 0
47 441 0
48 109 0
48 259 0
48 339 0
48 389 0
48 419 0
49 51 0
49 87 0
49 302 0
49 414 0
50 72 0
50 436 0
50 449 0
51 209 0
51 286 0
51 336 0
53 326 0
54 398 0
55 103 0
55 165 0
55 352 0
55 435 0
56 136 0
56 342 0
56 397 0
56 399 0
57 187 0
57 252 0
57 315 0
58 70 0
58 428 0
59 184 0
59 246 0
59 322 0
59 400 0
60 335 0
61 67 0
61 319 0
61 414 0
61 415 0
63 64 0
63 162 0
63 312 0
63 436 0
65 148 0
66 335 0
67 205 0
67 215 0
67 231 0
68 222 0
69 77 0
69 202 0
69 298 0
70 248 0
70 252 0
70 263 0
71 143 0
71 374 0
71 378 0
73 161 0
73 218 0
74 133 0
75 129 0
75 392 0
77 434 0
78 127 0
78 195 0
78 379 0
78 425 0
80 207 0
81 441 0
82 314 0
83 280 0
84 257 0
85 122 0
86 188 0
86 390 0
87 122 0
87 153 0
88 136 0
89 262 0
90 107 0
90 208 0
90 370 0
91 171 0
92 224 0
92 234 0
92 340 0
92 387 0
93 225 0
94 409 0
96 137 0
96 169 0
96 203 0
96 368 0
97 98 0
97 230 0
97 360 0
97 411 0
98 244 0
98 368 0
98 386 0
99 171 0
100 115 0
100 212 0
100 350 0
100 387 0
101 286 0
102 244 0
103 118 0
103 257 0
103 271 0
103 281 0
104 149 0
104 175 0
104 322 0
105 157 0
105 221 0
105 430 0
106 171 0
107 428 0
108 109 0
108 188 0
110 367 0
111 279 0
111 375 0
112 418 0
112 430 0
112 437 0
113 321 0
113 338 0
113 357 0
113 367 0
114 390 0
116 131 0
116 241 0
116 372 0
117 226 0
118 153 0
119 369 0
120 185 0
120 225 0
120 236 0
120 300 0
120 313 0
121 417 0
122 283 0
122 437 0
123 251 0
123 365 0
123 380 0
123 415 0
124 150 0
125 409 0
126 417 0
128 153 0
128 405 0
129 130 0
129 134 0
129 198 0
130 306 0
130 410 0
130 417 0
132 236 0
133 138 0
133 329 0
133 415 0
134 160 0
135 299 0
136 285 0
136 447 0
137 154 0
137 197 0
137 229 0
139 299 0
140 216 0
141 142 0
141 383 0
141 393 0
141 442 0
142 281 0
142 288 0
142 398 0
143 281 0
143 306 0
143 420 0
144 209 0
144 237 0
145 284 0
146 262 0
146 269 0
146 304 0
146 310 0
146 377 0
147 222 0
148 208 0
148 214 0
148 429 0
149 392 0
150 186 0
150 206 0
150 341 0
150 412 0
151 243 0
152 247 0
152 420 0
153 446 0
155 272 0
155 286 0
156 215 0
158 280 0
159 195 0
159 275 0
159 313 0
159 328 0
160 367 0
161 210 0
161 348 0
162 311 0
163 288 0
164 399 0
165 169 0
166 199 0
166 324 0
166 378 0
167 255 0
168 300 0
169 223 0
169 268 0
169 433 0
170 361 0
170 395 0
170 396 0
170 430 0
171 302 0
171 376 0
172 182 0
173 300 0
174 177 0
176 247 0
177 180 0
177 195 0
177 356 0
178 280 0
178 338 0
178 418 0
179 205 0
181 231 0
182 206 0
183 203 0
183 235 0
183 347 0
185 252 0
185 414 0
185 442 0
188 301 0
188 359 0
189 416 0
190 384 0
191 288 0
192 245 0
192 362 0
193 259 0
193 334 0
194 376 0
195 306 0
200 211 0
200 302 0
200 394 0
201 260 0
204 244 0
204 386 0
205 295 0
205 353 0
207 374 0
207 382 0
207 434 0
208 228 0
208 249 0
208 335 0
211 269 0
213 344 0
215 232 0
216 290 0
216 303 0
216 389 0
217 358 0
218 271 0
218 388 0
220 323 0
220 414 0
220 420 0
222 378 0
222 391 0
225 317 0
226 375 0
226 421 0
226 444 0
227 288 0
228 269 0
228 389 0
228 420 0
231 401 0
231 423 0
233 361 0
236 261 0
236 272 0
236 424 0
237 279 0
238 416 0
239 314 0
239 428 0
240 362 0
240 386 0
242 280 0
243 274 0
243 427 0
245 284 0
247 343 0
247 415 0
249 336 0
250 326 0
252 260 0
253 341 0
254 313 0
254 386 0
255 269 0
255 391 0
256 259 0
257 267 0
259 287 0
260 273 0
260 333 0
260 340 0
262 277 0
262 301 0
262 346 0
264 300 0
265 266 0
265 316 0
265 389 0
269 341 0
270 316 0
270 344 0
271 278 0
271 327 0
272 362 0
275 346 0
276 299 0
284 309 0
285 318 0
286 402 0
289 386 0
291 405 0
292 376 0
292 449 0
293 344 0
295 417 0
296 399 0
299 322 0
301 338 0
301 409 0
302 373 0
305 390 0
306 430 0
307 441 0
308 418 0
311 399 0
314 422 0
319 334 0
319 362 0
320 369 0
321 331 0
321 385 0
323 338 0
323 342 0
323 368 0
325 363 0
326 364 0
326 378 0
329 394 0
330 397 0
332 334 0
333 340 0
334 432 0
335 354 0
336 381 0
336 408 0
337 410 0
337 420 0
341 405 0
342 436 0
345 418 0
351 369 0
354 365 0
355 397 0
356 433 0
358 406 0
358 445 0
362 428 0
363 374 0
363 440 0
367 438 0
368 421 0
373 384 0
374 376 0
384 431 0
384 436 0
385 445 0
398 404 0
403 409 0
405 450 0
410 439 0
410 448 0
413 441 0
421 441 0
