180 284 0
1 94 0
2 115 0
3 19 0
4 22 0
4 59 0
4 85 0
4 116 0
4 135 0
5 43 0
5 52 0
5 58 0
5 93 0
5 94 0
5 99 0
5 153 0
6 21 0
6 105 0
6 113 0
6 142 0
6 154 0
7 19 0
7 97 0
8 44 0
8 56 0
8 171 0
8 180 0
9 57 0
9 128 0
9 180 0
10 41 0
10 84 0
10 159 0
11 73 0
12 21 0
12 139 0
13 15 0
14 121 0
14 149 0
14 164 0
15 41 0
15 65 0
15 68 0
15 69 0
16 115 0
16 137 0
17 58 0
17 63 0
17 73 0
17 104 0
17 139 0
17 158 0
18 65 0
18 87 0
18 91 0
19 33 0
19 64 0
20 44 0
20 161 0
20 165 0
21 132 0
22 44 0
22 148 0
23 87 0
24 99 0
24 161 0
25 69 0
25 131 0
26 63 0
26 75 0
26 85 0
26 88 0
26 175 0
27 148 0
28 93 0
28 134 0
29 47 0
30 91 0
30 119 0
30 134 0
30 138 0
30 140 0
31 64 0
31 81 0
31 95 0
31 125 0
31 180 0
32 56 0
33 47 0
33 97 0
33 118 0
33 151 0
33 161 0
34 51 0
34 52 0
34 180 0
35 120 0
35 131 0
36 37 0
36 76 0
36 113 0
36 134 0
36 140 0
37 44 0
37 65 0
37 151 0
37 180 0
38 76 0
38 142 0
39 55 0
39 67 0
39 118 0
39 125 0
39 130 0
40 45 0
40 50 0
40 60 0
40 81 0
40 89 0
40 151 0
41 44 0
41 84 0
41 131 0
41 164 0
42 75 0
43 66 0
43 164 0
44 58 0
44 66 0
44 95 0
44 140 0
44 153 0
45 53 0
45 67 0
45 81 0
45 174 0
46 84 0
46 98 0
46 146 0
46 148 0
47 121 0
47 142 0
47 157 0
48 139 0
49 108 0
50 140 0
51 96 0
51 101 0
51 112 0
51 167 0
52 75 0
52 135 0
54 155 0
55 133 0
56 95 0
56 145 0
57 140 0
57 170 0
58 65 0
58 94 0
58 113 0
60 78 0
60 83 0
60 86 0
60 111 0
60 117 0
60 168 0
61 84 0
62 147 0
62 164 0
62 180 0
64 98 0
64 101 0
64 127 0
65 146 0
66 87 0
66 155 0
66 167 0
67 171 0
68 171 0
70 134 0
70 163 0
71 155 0
72 108 0
73 77 0
73 117 0
74 75 0
74 115 0
74 118 0
74 127 0
74 146 0
75 83 0
76 110 0
76 143 0
79 141 0
79 170 0
80 144 0
80 176 0
82 141 0
84 129 0
85 108 0
85 151 0
87 128 0
87 170 0
89 106 0
89 147 0
89 173 0
90 92 0
90 96 0
90 130 0
90 172 0
93 98 0
94 121 0
94 122 0
94 177 0
97 99 0
98 113 0
98 137 0
98 166 0
99 101 0
99 112 0
99 156 0
100 121 0
100 171 0
101 144 0
102 153 0
103 110 0
103 125 0
103 127 0
104 164 0
106 130 0
107 127 0
107 148 0
108 162 0
109 161 0
111 153 0
112 124 0
113 144 0
113 179 0
114 134 0
115 136 0
115 165 0
116 152 0
120 138 0
120 179 0
121 131 0
121 160 0
123 158 0
124 143 0
124 167 0
124 173 0
125 143 0
125 172 0
126 155 0
127 132 0
127 168 0
130 141 0
130 146 0
130 168 0
131 150 0
131 167 0
132 179 0
133 139 0
134 161 0
140 151 0
141 178 0
144 169 0
145 177 0
148 159 0
149 150 0
149 158 0
150 153 0
150 168 0
151 180 0
152 171 0
153 177 0
155 175 0
157 179 0
158 176 0
160 179 0
163 165 0
163 167 0
165 179 0
171 178 0
172 174 0
