800 1017 0
1 138 0
1 220 0
1 524 0
1 729 0
2 373 0
3 145 0
3 226 0
3 287 0
3 331 0
4 122 0
5 490 0
6 42 0
7 88 0
8 119 0
8 240 0
8 686 0
9 119 0
9 122 0
9 348 0
9 360 0
10 233 0
10 268 0
10 351 0
11 32 0
12 386 0
12 431 0
12 593 0
12 792 0
13 317 0
13 501 0
13 602 0
13 663 0
13 671 0
14 21 0
14 265 0
14 496 0
14 558 0
15 642 0
16 257 0
17 26 0
17 82 0
17 412 0
17 414 0
17 449 0
18 393 0
19 217 0
20 125 0
20 684 0
20 762 0
21 117 0
21 253 0
21 555 0
22 184 0
23 88 0
24 130 0
24 222 0
24 297 0
24 322 0
24 354 0
24 775 0
25 616 0
26 344 0
26 390 0
26 464 0
26 786 0
27 388 0
28 500 0
29 102 0
30 748 0
31 359 0
32 269 0
32 508 0
32 715 0
32 800 0
33 62 0
33 201 0
33 328 0
33 571 0
33 629 0
34 316 0
35 130 0
35 143 0
35 292 0
35 424 0
36 351 0
36 403 0
36 691 0
36 774 0
37 126 0
37 250 0
37 311 0
37 346 0
37 430 0
37 514 0
37 660 0
38 469 0
39 408 0
40 394 0
40 686 0
40 742 0
40 751 0
41 193 0
41 374 0
41 505 0
41 544 0
42 140 0
42 240 0
42 282 0
43 260 0
43 467 0
43 616 0
44 419 0
44 585 0
44 646 0
44 783 0
45 119 0
46 232 0
47 94 0
47 112 0
47 459 0
47 467 0
48 551 0
49 139 0
50 557 0
51 726 0
52 98 0
52 336 0
52 482 0
52 787 0
53 333 0
54 574 0
55 102 0
55 217 0
55 686 0
56 80 0
56 229 0
56 512 0
56 604 0
57 211 0
58 297 0
59 321 0
60 579 0
61 297 0
63 707 0
64 147 0
64 491 0
64 550 0
64 617 0
65 523 0
66 233 0
66 700 0
66 774 0
67 85 0
67 229 0
67 434 0
67 533 0
68 707 0
69 219 0
70 243 0
71 110 0
72 415 0
72 529 0
72 595 0
72 597 0
72 663 0
72 788 0
73 93 0
73 94 0
73 104 0
73 197 0
73 371 0
73 486 0
74 272 0
74 382 0
74 383 0
74 615 0
75 372 0
76 504 0
77 503 0
77 543 0
77 742 0
78 242 0
79 288 0
81 676 0
82 606 0
82 677 0
82 782 0
83 466 0
84 610 0
85 110 0
85 114 0
86 217 0
86 500 0
86 660 0
86 742 0
87 336 0
88 305 0
88 365 0
88 435 0
89 799 0
90 363 0
91 175 0
91 543 0
91 732 0
91 733 0
92 101 0
93 414 0
93 650 0
94 113 0
94 486 0
94 668 0
95 315 0
95 518 0
95 543 0
95 572 0
95 669 0
96 334 0
96 416 0
96 443 0
96 751 0
97 769 0
98 473 0
98 666 0
98 689 0
98 704 0
99 112 0
99 131 0
99 218 0
99 554 0
99 603 0
100 139 0
101 134 0
101 157 0
101 168 0
101 247 0
102 200 0
102 435 0
102 716 0
103 173 0
103 195 0
103 441 0
104 481 0
104 526 0
105 443 0
106 574 0
107 787 0
108 164 0
108 207 0
108 545 0
108 687 0
108 746 0
109 701 0
110 592 0
110 641 0
110 797 0
111 167 0
111 318 0
111 421 0
111 545 0
111 584 0
112 214 0
112 581 0
113 340 0
113 495 0
113 538 0
113 636 0
114 219 0
114 397 0
114 751 0
115 345 0
115 412 0
115 610 0
116 195 0
118 157 0
118 223 0
118 226 0
118 430 0
118 438 0
118 604 0
118 625 0
119 349 0
119 565 0
120 726 0
121 216 0
121 624 0
121 706 0
121 748 0
122 370 0
122 619 0
123 436 0
124 524 0
125 428 0
125 465 0
125 741 0
126 291 0
126 606 0
126 687 0
126 692 0
127 514 0
127 542 0
127 664 0
127 772 0
127 775 0
128 591 0
129 265 0
130 256 0
130 352 0
130 364 0
130 710 0
130 711 0
132 647 0
132 670 0
132 748 0
133 405 0
135 503 0
135 504 0
135 567 0
136 328 0
136 437 0
136 485 0
136 693 0
137 441 0
138 186 0
138 648 0
138 737 0
139 171 0
139 264 0
139 350 0
140 450 0
140 467 0
140 618 0
141 615 0
142 706 0
143 197 0
143 219 0
143 382 0
144 372 0
144 382 0
144 490 0
144 787 0
146 405 0
148 206 0
148 282 0
148 285 0
148 573 0
148 757 0
149 522 0
150 467 0
150 469 0
150 595 0
151 610 0
151 621 0
151 642 0
151 766 0
152 462 0
153 795 0
154 668 0
155 353 0
156 173 0
156 238 0
156 551 0
157 203 0
157 336 0
157 452 0
158 753 0
159 429 0
159 564 0
159 586 0
159 618 0
160 377 0
161 227 0
161 498 0
161 560 0
161 614 0
161 615 0
162 260 0
163 352 0
163 443 0
163 536 0
163 790 0
164 385 0
164 684 0
164 762 0
165 385 0
166 231 0
166 266 0
166 306 0
166 573 0
166 625 0
166 725 0
169 559 0
170 522 0
172 373 0
173 235 0
173 313 0
173 634 0
173 746 0
174 308 0
174 596 0
174 609 0
174 690 0
174 789 0
176 567 0
177 566 0
178 358 0
178 426 0
178 487 0
178 501 0
178 513 0
179 726 0
180 342 0
181 262 0
182 279 0
182 543 0
182 748 0
183 333 0
183 462 0
183 469 0
183 594 0
184 233 0
184 306 0
184 354 0
184 454 0
185 790 0
186 401 0
186 536 0
187 195 0
187 219 0
187 755 0
187 772 0
188 288 0
188 559 0
188 579 0
189 532 0
190 476 0
190 546 0
190 577 0
190 593 0
190 597 0
191 627 0
192 391 0
192 513 0
192 712 0
192 779 0
193 268 0
193 300 0
193 624 0
194 610 0
195 346 0
195 631 0
195 763 0
196 484 0
197 743 0
198 216 0
199 418 0
202 499 0
203 263 0
203 335 0
203 438 0
203 643 0
204 657 0
205 229 0
205 324 0
205 430 0
205 550 0
205 571 0
205 798 0
206 670 0
206 684 0
207 346 0
207 367 0
208 591 0
209 363 0
209 427 0
209 593 0
210 462 0
211 222 0
211 223 0
211 409 0
211 465 0
212 507 0
212 570 0
212 698 0
212 781 0
213 497 0
214 433 0
214 452 0
214 778 0
215 536 0
216 622 0
216 695 0
217 413 0
217 747 0
219 595 0
220 233 0
220 692 0
220 733 0
221 353 0
222 502 0
223 504 0
223 567 0
224 472 0
224 590 0
224 708 0
224 734 0
224 739 0
225 351 0
226 393 0
226 647 0
227 445 0
227 485 0
227 553 0
227 608 0
227 731 0
228 383 0
229 559 0
230 556 0
232 246 0
232 315 0
232 398 0
232 650 0
233 262 0
233 497 0
234 461 0
236 359 0
237 729 0
238 492 0
238 597 0
238 669 0
238 688 0
239 300 0
239 503 0
239 581 0
240 408 0
240 624 0
241 504 0
242 354 0
242 419 0
242 502 0
242 683 0
242 699 0
243 280 0
243 482 0
243 626 0
244 394 0
245 424 0
247 315 0
247 348 0
248 268 0
249 536 0
250 347 0
250 624 0
251 373 0
252 378 0
254 337 0
254 427 0
254 542 0
254 795 0
255 297 0
255 314 0
255 573 0
257 519 0
257 660 0
257 797 0
258 337 0
259 579 0
260 420 0
260 452 0
260 510 0
260 674 0
261 272 0
262 470 0
262 765 0
264 405 0
264 616 0
265 718 0
265 756 0
267 334 0
268 575 0
268 696 0
269 314 0
269 403 0
269 798 0
270 324 0
270 506 0
270 550 0
270 625 0
270 786 0
271 523 0
272 325 0
272 650 0
273 534 0
274 314 0
275 559 0
275 573 0
275 657 0
276 755 0
277 557 0
278 627 0
278 647 0
278 729 0
279 281 0
279 381 0
279 698 0
282 797 0
283 348 0
284 363 0
286 372 0
288 407 0
288 589 0
288 750 0
289 567 0
290 676 0
291 382 0
291 449 0
291 594 0
292 481 0
292 552 0
292 613 0
292 628 0
293 571 0
293 583 0
293 599 0
293 620 0
293 702 0
294 397 0
295 654 0
296 615 0
297 608 0
297 719 0
298 347 0
298 436 0
298 500 0
298 775 0
299 680 0
300 515 0
300 587 0
300 710 0
301 576 0
302 367 0
303 557 0
304 466 0
306 327 0
307 795 0
309 359 0
310 500 0
311 487 0
311 566 0
312 416 0
314 794 0
314 798 0
315 316 0
315 400 0
315 642 0
316 323 0
316 376 0
318 414 0
318 499 0
318 652 0
319 743 0
320 523 0
321 380 0
321 414 0
321 572 0
321 623 0
321 739 0
322 423 0
322 451 0
322 457 0
322 562 0
324 339 0
324 795 0
326 722 0
327 503 0
327 621 0
327 761 0
328 790 0
329 559 0
330 574 0
332 541 0
333 705 0
333 720 0
334 456 0
334 633 0
334 713 0
335 526 0
335 743 0
336 365 0
336 444 0
336 446 0
337 511 0
337 612 0
338 753 0
339 385 0
339 567 0
340 382 0
340 534 0
341 484 0
342 455 0
342 545 0
342 584 0
342 608 0
343 706 0
345 412 0
345 647 0
345 798 0
346 566 0
347 694 0
347 739 0
348 414 0
350 360 0
350 691 0
350 790 0
351 460 0
351 689 0
352 642 0
353 387 0
353 609 0
355 450 0
355 647 0
355 762 0
356 556 0
357 701 0
359 746 0
360 507 0
360 518 0
360 689 0
361 406 0
362 383 0
363 459 0
363 658 0
363 786 0
364 408 0
364 422 0
365 657 0
366 526 0
367 501 0
367 573 0
368 427 0
369 490 0
372 479 0
372 621 0
373 487 0
373 800 0
375 627 0
377 503 0
377 580 0
377 640 0
377 736 0
378 535 0
378 740 0
378 746 0
379 436 0
382 513 0
383 549 0
383 584 0
384 411 0
385 442 0
385 728 0
388 440 0
388 626 0
388 767 0
389 769 0
392 484 0
393 447 0
393 548 0
394 404 0
394 723 0
394 740 0
395 490 0
396 497 0
397 489 0
397 550 0
397 554 0
399 722 0
400 472 0
400 541 0
401 416 0
401 496 0
401 769 0
402 526 0
403 416 0
405 481 0
405 498 0
405 530 0
406 588 0
406 601 0
406 663 0
408 598 0
408 651 0
408 698 0
410 496 0
411 510 0
411 525 0
411 607 0
411 763 0
411 796 0
412 672 0
413 422 0
413 424 0
413 482 0
413 594 0
414 473 0
416 703 0
417 790 0
418 583 0
418 593 0
418 784 0
419 657 0
419 777 0
422 554 0
422 682 0
424 438 0
424 596 0
425 709 0
427 486 0
428 579 0
428 591 0
428 772 0
430 558 0
432 722 0
435 594 0
435 799 0
436 569 0
439 742 0
441 547 0
441 752 0
443 493 0
443 661 0
448 654 0
449 609 0
449 797 0
450 457 0
450 607 0
450 735 0
453 680 0
455 534 0
455 618 0
455 715 0
457 676 0
458 576 0
459 461 0
459 700 0
461 517 0
461 771 0
462 738 0
463 709 0
465 523 0
466 711 0
466 776 0
467 514 0
467 573 0
468 709 0
469 614 0
469 766 0
471 581 0
472 509 0
472 532 0
472 680 0
473 487 0
474 764 0
475 560 0
477 684 0
478 638 0
480 700 0
481 509 0
481 556 0
481 650 0
483 524 0
484 689 0
485 574 0
485 624 0
486 766 0
487 689 0
488 526 0
488 616 0
488 709 0
488 751 0
490 607 0
494 642 0
496 664 0
497 662 0
498 635 0
499 685 0
499 752 0
499 768 0
500 502 0
502 504 0
502 583 0
503 635 0
503 777 0
507 635 0
509 510 0
509 692 0
510 560 0
513 541 0
513 595 0
514 518 0
516 764 0
518 777 0
520 556 0
521 701 0
522 730 0
522 733 0
523 794 0
524 744 0
527 591 0
528 635 0
531 762 0
532 639 0
532 673 0
534 665 0
534 669 0
535 595 0
535 701 0
536 780 0
537 680 0
539 748 0
540 799 0
541 659 0
542 752 0
542 776 0
543 573 0
543 604 0
545 638 0
551 678 0
551 733 0
557 800 0
558 626 0
558 663 0
559 785 0
560 582 0
560 724 0
561 654 0
563 668 0
566 572 0
568 764 0
571 654 0
571 715 0
572 726 0
576 637 0
576 741 0
576 780 0
578 769 0
581 652 0
581 679 0
581 741 0
593 670 0
594 719 0
594 760 0
596 657 0
600 787 0
605 743 0
606 800 0
609 610 0
610 791 0
611 748 0
614 706 0
616 766 0
618 763 0
618 773 0
624 664 0
624 687 0
626 743 0
627 794 0
630 762 0
632 700 0
635 713 0
635 736 0
638 653 0
638 675 0
644 691 0
645 799 0
647 656 0
647 758 0
649 755 0
652 733 0
655 684 0
667 753 0
668 736 0
669 722 0
670 692 0
670 780 0
670 800 0
676 727 0
676 797 0
681 686 0
684 697 0
686 745 0
687 719 0
687 751 0
687 798 0
691 721 0
691 793 0
692 760 0
698 711 0
698 740 0
698 772 0
700 754 0
701 752 0
707 749 0
707 750 0
710 751 0
713 740 0
714 774 0
717 790 0
729 759 0
729 770 0
735 751 0
735 772 0
750 764 0
750 777 0
753 776 0
755 760 0
769 776 0
774 780 0
775 794 0
