450 581 0
1 363 0
2 402 0
3 51 0
3 300 0
4 258 0
5 254 0
5 444 0
6 87 0
6 204 0
7 208 0
7 224 0
7 286 0
7 344 0
8 88 0
8 372 0
9 445 0
10 32 0
11 290 0
12 95 0
12 183 0
12 208 0
12 262 0
13 160 0
14 47 0
14 56 0
14 206 0
14 293 0
14 366 0
15 328 0
16 112 0
16 268 0
17 393 0
18 29 0
18 73 0
18 116 0
18 374 0
18 448 0
19 148 0
19 162 0
20 64 0
20 182 0
20 201 0
20 276 0
21 254 0
21 420 0
22 88 0
22 170 0
22 301 0
22 346 0
23 28 0
23 152 0
23 268 0
23 425 0
23 436 0
24 78 0
24 196 0
24 274 0
24 337 0
25 33 0
25 70 0
25 81 0
25 103 0
25 127 0
25 272 0
26 246 0
26 306 0
27 245 0
27 307 0
27 337 0
27 359 0
27 430 0
29 96 0
29 117 0
29 352 0
29 354 0
30 298 0
31 82 0
32 169 0
32 206 0
32 227 0
32 251 0
33 314 0
33 363 0
33 450 0
34 65 0
34 151 0
34 325 0
34 376 0
35 353 0
36 174 0
36 206 0
36 251 0
36 274 0
36 358 0
37 112 0
38 186 0
39 167 0
40 122 0
40 123 0
40 176 0
40 236 0
40 281 0
40 440 0
41 78 0
41 150 0
41 168 0
41 371 0
42 363 0
43 128 0
44 135 0
44 145 0
44 183 0
44 303 0
44 398 0
45 59 0
46 299 0
46 357 0
48 157 0
48 321 0
49 75 0
50 125 0
50 358 0
50 365 0
50 382 0
51 333 0
52 130 0
53 132 0
53 212 0
53 324 0
53 368 0
54 91 0
54 312 0
55 91 0
55 146 0
55 289 0
55 335 0
56 75 0
57 80 0
57 445 0
58 219 0
58 347 0
59 198 0
59 440 0
60 64 0
60 68 0
60 130 0
60 148 0
60 241 0
61 73 0
62 157 0
62 288 0
62 291 0
62 449 0
63 192 0
63 268 0
63 297 0
63 381 0
64 417 0
64 422 0
65 128 0
65 328 0
65 402 0
65 431 0
66 311 0
67 378 0
68 221 0
68 289 0
69 202 0
70 292 0
71 101 0
72 347 0
73 296 0
73 389 0
74 414 0
75 95 0
75 394 0
76 363 0
77 402 0
78 259 0
78 348 0
79 289 0
79 318 0
80 341 0
80 352 0
80 416 0
80 434 0
81 203 0
81 206 0
81 417 0
81 434 0
82 166 0
82 223 0
82 255 0
82 422 0
83 232 0
84 101 0
84 342 0
84 374 0
84 393 0
85 241 0
86 203 0
86 270 0
87 124 0
87 334 0
87 368 0
89 183 0
89 306 0
89 361 0
89 421 0
90 241 0
91 108 0
91 185 0
91 187 0
91 263 0
92 241 0
92 270 0
93 186 0
93 322 0
94 247 0
94 279 0
94 320 0
94 323 0
95 185 0
95 340 0
97 445 0
98 311 0
98 322 0
98 395 0
98 450 0
99 253 0
99 340 0
100 331 0
101 236 0
101 339 0
101 375 0
101 437 0
102 186 0
103 200 0
103 337 0
103 371 0
104 302 0
105 260 0
106 314 0
107 160 0
107 204 0
108 297 0
108 317 0
108 359 0
109 304 0
109 332 0
109 368 0
109 380 0
109 431 0
110 287 0
110 353 0
111 138 0
112 156 0
112 251 0
113 169 0
113 298 0
114 385 0
115 383 0
116 191 0
116 218 0
116 418 0
117 420 0
117 439 0
118 209 0
118 243 0
118 330 0
119 440 0
120 204 0
120 237 0
120 286 0
120 390 0
121 395 0
122 138 0
124 154 0
125 283 0
126 289 0
128 147 0
128 248 0
128 422 0
128 431 0
129 155 0
129 211 0
129 236 0
129 291 0
129 361 0
130 137 0
130 441 0
131 317 0
133 146 0
134 284 0
136 201 0
136 231 0
136 276 0
137 323 0
137 378 0
138 196 0
138 345 0
138 396 0
139 199 0
140 250 0
140 295 0
140 314 0
141 222 0
141 407 0
142 331 0
143 144 0
143 314 0
144 210 0
144 420 0
144 434 0
145 329 0
146 159 0
146 253 0
148 173 0
148 388 0
149 302 0
153 259 0
154 279 0
154 346 0
154 349 0
154 372 0
154 413 0
158 196 0
158 221 0
158 292 0
158 392 0
160 337 0
160 355 0
161 214 0
162 260 0
163 166 0
163 383 0
163 393 0
164 186 0
164 214 0
164 299 0
164 374 0
165 284 0
166 228 0
167 279 0
167 308 0
167 370 0
168 239 0
170 377 0
171 393 0
172 265 0
173 174 0
174 383 0
174 407 0
174 437 0
175 213 0
175 405 0
176 185 0
177 322 0
178 302 0
179 202 0
179 263 0
180 407 0
181 213 0
181 302 0
181 431 0
182 356 0
182 367 0
182 430 0
183 372 0
184 272 0
184 392 0
185 222 0
185 357 0
185 396 0
186 256 0
187 255 0
188 191 0
188 216 0
189 209 0
190 258 0
192 285 0
193 232 0
194 407 0
195 340 0
196 414 0
197 219 0
197 220 0
198 398 0
199 262 0
199 316 0
199 387 0
200 211 0
200 220 0
200 348 0
200 390 0
200 432 0
201 401 0
201 412 0
202 335 0
202 375 0
202 397 0
202 448 0
203 260 0
203 329 0
203 347 0
204 365 0
205 445 0
206 220 0
207 272 0
208 417 0
208 431 0
209 235 0
209 349 0
211 272 0
213 349 0
213 384 0
213 419 0
213 435 0
214 321 0
214 423 0
214 443 0
215 314 0
216 224 0
216 278 0
216 373 0
216 395 0
217 300 0
218 298 0
219 297 0
219 311 0
220 403 0
220 409 0
222 376 0
223 274 0
223 413 0
223 417 0
224 242 0
224 284 0
225 322 0
226 329 0
228 265 0
229 340 0
230 311 0
231 333 0
232 269 0
232 279 0
232 343 0
233 246 0
234 270 0
234 445 0
237 287 0
238 328 0
239 404 0
239 406 0
240 266 0
242 273 0
242 438 0
242 447 0
243 318 0
244 348 0
245 300 0
246 344 0
246 446 0
247 337 0
249 299 0
250 290 0
250 405 0
251 317 0
251 321 0
251 337 0
252 385 0
254 313 0
254 330 0
254 344 0
256 328 0
256 356 0
257 328 0
258 427 0
258 439 0
259 313 0
259 362 0
260 436 0
261 353 0
262 265 0
262 426 0
264 342 0
265 405 0
266 277 0
266 309 0
266 439 0
267 272 0
268 421 0
268 431 0
268 445 0
270 337 0
270 360 0
271 276 0
272 422 0
274 335 0
275 342 0
276 310 0
276 352 0
276 425 0
277 413 0
280 331 0
282 289 0
283 437 0
284 294 0
285 383 0
286 295 0
286 385 0
287 303 0
287 314 0
290 358 0
290 391 0
291 300 0
291 450 0
293 305 0
293 308 0
295 305 0
295 319 0
298 428 0
298 439 0
299 444 0
300 379 0
300 450 0
302 349 0
304 364 0
312 329 0
315 404 0
317 397 0
317 429 0
318 346 0
318 400 0
321 415 0
321 432 0
326 342 0
326 373 0
327 426 0
329 400 0
331 344 0
333 384 0
333 397 0
335 397 0
335 439 0
336 426 0
338 395 0
342 398 0
343 347 0
346 378 0
348 380 0
348 406 0
350 372 0
351 372 0
353 358 0
354 364 0
354 366 0
364 383 0
368 393 0
368 431 0
369 402 0
374 413 0
375 380 0
377 385 0
378 399 0
378 410 0
381 401 0
386 437 0
392 437 0
395 442 0
397 404 0
403 406 0
404 411 0
405 437 0
408 414 0
413 450 0
414 424 0
419 426 0
419 431 0
433 437 0
434 440 0
