500 534 0
1 42 0
1 80 0
1 329 0
1 411 0
2 213 0
3 498 0
4 63 0
4 179 0
5 211 0
6 183 0
6 271 0
6 417 0
6 444 0
7 126 0
8 53 0
8 338 0
8 498 0
9 159 0
9 173 0
9 377 0
9 396 0
9 477 0
10 389 0
11 290 0
12 19 0
13 341 0
14 47 0
14 199 0
14 452 0
14 454 0
15 115 0
16 168 0
16 200 0
16 227 0
16 464 0
17 25 0
17 78 0
17 263 0
17 385 0
18 231 0
18 350 0
18 403 0
18 497 0
19 247 0
19 287 0
19 413 0
20 271 0
20 308 0
21 98 0
22 206 0
22 308 0
22 374 0
22 470 0
23 189 0
24 261 0
25 177 0
25 253 0
25 421 0
26 379 0
27 469 0
28 60 0
29 449 0
30 109 0
30 144 0
30 258 0
30 487 0
31 255 0
32 381 0
33 139 0
33 217 0
33 284 0
33 474 0
34 51 0
34 78 0
35 113 0
35 312 0
35 343 0
35 418 0
36 101 0
36 126 0
36 162 0
36 469 0
37 322 0
38 355 0
39 60 0
40 479 0
41 334 0
43 353 0
44 124 0
44 198 0
44 291 0
44 442 0
45 252 0
46 76 0
46 148 0
46 233 0
46 380 0
48 479 0
49 90 0
49 99 0
49 151 0
49 268 0
49 313 0
50 384 0
51 87 0
51 118 0
51 153 0
52 366 0
53 55 0
53 154 0
53 486 0
54 265 0
54 291 0
54 400 0
54 449 0
56 88 0
57 235 0
57 315 0
57 343 0
57 387 0
58 447 0
59 101 0
60 153 0
60 482 0
61 170 0
61 338 0
62 83 0
62 379 0
63 115 0
64 290 0
65 429 0
66 155 0
66 384 0
67 83 0
68 471 0
69 147 0
69 164 0
69 387 0
69 430 0
69 463 0
70 213 0
71 178 0
72 383 0
73 253 0
74 307 0
75 177 0
75 414 0
77 164 0
77 187 0
79 294 0
79 417 0
81 88 0
81 244 0
82 405 0
83 104 0
83 445 0
84 475 0
85 417 0
86 266 0
88 155 0
88 335 0
88 456 0
89 93 0
90 163 0
90 244 0
90 476 0
91 145 0
91 161 0
91 311 0
91 406 0
92 144 0
93 96 0
93 262 0
93 468 0
94 221 0
95 107 0
95 192 0
95 195 0
95 378 0
97 271 0
98 284 0
98 348 0
98 495 0
100 115 0
101 140 0
101 472 0
102 408 0
103 261 0
105 353 0
106 178 0
106 390 0
108 179 0
109 182 0
109 197 0
109 230 0
109 462 0
110 164 0
110 180 0
110 445 0
110 460 0
111 498 0
112 277 0
114 417 0
115 164 0
116 357 0
117 124 0
119 248 0
120 405 0
121 255 0
122 127 0
122 168 0
122 402 0
122 425 0
123 475 0
124 331 0
124 455 0
125 408 0
126 146 0
126 392 0
128 334 0
129 496 0
130 177 0
131 144 0
132 440 0
133 355 0
134 239 0
135 322 0
136 442 0
137 193 0
137 261 0
138 234 0
141 267 0
142 305 0
142 444 0
143 188 0
144 407 0
147 471 0
149 442 0
150 499 0
151 379 0
152 336 0
153 189 0
153 275 0
156 211 0
157 273 0
158 338 0
160 211 0
161 183 0
161 294 0
161 465 0
162 284 0
162 304 0
162 411 0
163 250 0
163 270 0
163 279 0
163 483 0
164 345 0
165 476 0
166 233 0
166 250 0
166 335 0
166 374 0
167 248 0
168 388 0
168 432 0
169 383 0
170 442 0
171 400 0
172 439 0
174 499 0
175 322 0
176 188 0
177 242 0
178 343 0
178 359 0
179 202 0
179 210 0
179 411 0
180 221 0
180 266 0
180 451 0
181 307 0
183 343 0
183 421 0
184 187 0
185 465 0
186 373 0
187 191 0
187 409 0
188 293 0
188 445 0
189 356 0
189 473 0
190 327 0
191 219 0
191 327 0
191 341 0
192 275 0
192 351 0
192 475 0
193 332 0
194 256 0
196 281 0
196 420 0
197 401 0
197 440 0
198 376 0
198 416 0
198 453 0
199 203 0
201 469 0
203 213 0
204 220 0
204 349 0
204 362 0
204 374 0
205 410 0
207 260 0
208 213 0
208 219 0
208 381 0
208 383 0
209 255 0
210 281 0
211 218 0
212 476 0
214 351 0
215 355 0
216 277 0
216 322 0
216 334 0
216 369 0
218 267 0
218 289 0
218 429 0
219 421 0
219 454 0
221 278 0
221 303 0
222 447 0
223 400 0
224 277 0
225 451 0
226 260 0
228 368 0
228 492 0
229 234 0
231 311 0
232 332 0
233 336 0
233 410 0
234 397 0
234 483 0
236 241 0
236 372 0
236 422 0
236 437 0
237 294 0
237 496 0
238 498 0
239 305 0
239 314 0
239 411 0
240 347 0
241 281 0
241 432 0
241 440 0
242 432 0
243 272 0
243 333 0
243 377 0
243 494 0
244 436 0
244 448 0
245 357 0
246 383 0
248 279 0
248 461 0
249 258 0
250 251 0
250 369 0
251 459 0
251 460 0
252 257 0
252 301 0
252 466 0
253 299 0
253 423 0
254 433 0
255 454 0
256 292 0
256 393 0
256 480 0
257 342 0
258 346 0
258 368 0
258 395 0
259 339 0
259 476 0
260 342 0
260 445 0
261 443 0
262 289 0
262 366 0
262 479 0
262 498 0
264 366 0
265 361 0
265 386 0
265 478 0
266 285 0
266 391 0
267 283 0
267 306 0
269 384 0
270 469 0
271 431 0
273 276 0
273 401 0
273 403 0
274 327 0
275 292 0
275 459 0
277 394 0
279 332 0
279 408 0
280 428 0
281 295 0
282 428 0
284 355 0
286 381 0
287 289 0
287 353 0
287 496 0
288 496 0
289 459 0
290 398 0
290 486 0
291 403 0
291 459 0
292 471 0
292 499 0
294 318 0
294 330 0
296 379 0
297 345 0
298 439 0
300 447 0
302 404 0
304 432 0
304 460 0
304 487 0
307 335 0
307 358 0
308 500 0
309 334 0
310 410 0
310 426 0
316 433 0
317 492 0
319 351 0
320 389 0
321 388 0
323 440 0
324 357 0
325 389 0
325 439 0
325 487 0
325 492 0
326 404 0
327 340 0
328 465 0
332 415 0
335 405 0
336 367 0
336 450 0
337 451 0
338 457 0
338 466 0
339 347 0
341 458 0
341 489 0
344 444 0
345 390 0
345 493 0
347 365 0
347 403 0
351 352 0
353 488 0
354 471 0
357 443 0
360 389 0
363 471 0
364 410 0
366 438 0
369 466 0
369 486 0
370 449 0
371 433 0
373 466 0
373 491 0
373 500 0
374 404 0
375 465 0
377 428 0
377 432 0
379 483 0
381 477 0
382 429 0
384 486 0
388 395 0
388 434 0
399 405 0
400 446 0
404 435 0
408 424 0
412 428 0
417 420 0
419 479 0
421 460 0
426 444 0
427 499 0
429 467 0
433 454 0
439 490 0
441 475 0
443 479 0
443 487 0
447 483 0
449 484 0
451 485 0
466 479 0
481 492 0
