180 242 0
1 28 0
1 58 0
1 97 0
1 120 0
1 169 0
2 11 0
2 41 0
2 47 0
2 93 0
2 177 0
3 27 0
4 121 0
5 179 0
6 57 0
7 12 0
7 84 0
7 108 0
8 36 0
8 70 0
8 72 0
8 149 0
8 158 0
9 106 0
10 57 0
10 114 0
13 157 0
14 49 0
14 118 0
14 137 0
14 163 0
14 175 0
15 91 0
15 163 0
16 61 0
17 157 0
18 63 0
18 65 0
18 95 0
18 138 0
18 172 0
19 25 0
19 81 0
19 100 0
19 118 0
19 161 0
20 108 0
21 71 0
21 167 0
22 43 0
22 109 0
23 62 0
23 63 0
23 84 0
23 86 0
23 108 0
24 53 0
24 79 0
26 88 0
26 172 0
27 80 0
27 125 0
27 134 0
29 88 0
29 167 0
30 119 0
31 38 0
32 136 0
33 129 0
34 82 0
34 136 0
34 155 0
35 129 0
35 139 0
36 88 0
37 44 0
37 48 0
37 61 0
37 64 0
37 101 0
37 102 0
37 178 0
37 180 0
38 101 0
38 170 0
38 178 0
39 104 0
39 149 0
40 97 0
40 150 0
40 161 0
40 172 0
42 83 0
42 119 0
43 44 0
43 156 0
43 169 0
44 79 0
44 98 0
45 58 0
45 90 0
46 51 0
46 91 0
46 152 0
46 179 0
48 75 0
48 106 0
48 119 0
49 172 0
50 96 0
50 154 0
51 64 0
51 93 0
51 160 0
52 75 0
52 123 0
53 152 0
54 107 0
54 124 0
55 103 0
55 117 0
56 99 0
56 113 0
57 145 0
57 149 0
59 98 0
60 61 0
61 87 0
61 155 0
61 178 0
64 150 0
65 117 0
66 74 0
66 93 0
66 118 0
66 139 0
66 174 0
67 153 0
67 154 0
68 107 0
69 95 0
69 140 0
70 164 0
71 167 0
73 75 0
74 77 0
75 146 0
76 129 0
76 173 0
77 79 0
78 119 0
78 175 0
79 102 0
79 106 0
79 176 0
81 103 0
82 164 0
83 128 0
83 173 0
85 106 0
86 146 0
87 95 0
87 165 0
88 126 0
88 138 0
88 175 0
89 110 0
90 141 0
90 148 0
90 175 0
91 147 0
91 171 0
92 135 0
93 129 0
94 125 0
94 149 0
94 150 0
94 175 0
96 110 0
97 135 0
97 140 0
98 105 0
98 111 0
98 137 0
99 135 0
99 160 0
99 162 0
99 180 0
101 107 0
101 153 0
101 157 0
103 123 0
103 159 0
103 160 0
103 179 0
104 122 0
104 133 0
104 161 0
106 132 0
107 153 0
108 155 0
108 178 0
109 112 0
109 140 0
109 162 0
110 116 0
110 125 0
110 159 0
112 135 0
113 121 0
113 122 0
114 175 0
114 179 0
115 121 0
115 124 0
116 142 0
117 179 0
119 172 0
121 125 0
124 136 0
127 142 0
128 140 0
129 177 0
130 164 0
131 135 0
135 177 0
136 172 0
138 139 0
142 143 0
142 161 0
144 154 0
148 149 0
149 164 0
150 155 0
151 173 0
152 168 0
152 176 0
154 155 0
157 165 0
157 173 0
160 167 0
164 166 0
172 173 0
