400 429 0
1 28 0
1 51 0
1 214 0
1 359 0
2 364 0
3 95 0
3 224 0
3 336 0
3 379 0
4 12 0
4 140 0
4 172 0
4 238 0
5 41 0
5 302 0
6 371 0
7 60 0
7 194 0
7 279 0
7 302 0
8 24 0
9 271 0
10 201 0
11 364 0
12 15 0
12 122 0
12 147 0
13 391 0
14 43 0
14 148 0
14 216 0
14 346 0
16 139 0
17 256 0
18 55 0
18 138 0
18 178 0
18 269 0
18 326 0
19 393 0
20 151 0
20 170 0
20 231 0
20 371 0
21 43 0
22 25 0
22 125 0
22 187 0
22 338 0
23 26 0
23 129 0
23 185 0
23 290 0
24 25 0
24 264 0
24 325 0
25 282 0
25 328 0
26 279 0
26 350 0
26 385 0
27 184 0
27 239 0
27 321 0
27 400 0
29 291 0
30 56 0
30 97 0
30 217 0
30 309 0
31 87 0
31 128 0
31 155 0
31 340 0
32 37 0
33 319 0
34 117 0
34 203 0
34 212 0
34 284 0
34 319 0
35 282 0
36 220 0
37 74 0
37 94 0
37 279 0
38 43 0
39 202 0
40 57 0
41 218 0
41 329 0
41 360 0
42 371 0
43 152 0
44 263 0
44 336 0
44 343 0
44 361 0
45 260 0
45 297 0
46 75 0
46 347 0
47 324 0
48 168 0
49 90 0
49 206 0
49 277 0
49 387 0
50 145 0
52 191 0
53 200 0
53 391 0
54 230 0
57 121 0
57 305 0
57 394 0
58 301 0
58 319 0
58 346 0
58 364 0
58 382 0
59 216 0
61 140 0
61 188 0
61 245 0
61 354 0
62 68 0
62 101 0
62 265 0
62 311 0
63 324 0
64 93 0
64 249 0
64 305 0
64 356 0
65 148 0
66 301 0
67 154 0
68 132 0
68 168 0
68 390 0
69 75 0
70 284 0
71 230 0
72 256 0
73 230 0
74 230 0
75 79 0
75 350 0
76 266 0
77 212 0
78 115 0
80 157 0
80 184 0
80 355 0
80 388 0
81 227 0
82 129 0
82 167 0
83 324 0
84 212 0
85 103 0
85 184 0
85 232 0
85 312 0
86 167 0
87 289 0
88 136 0
88 151 0
88 183 0
88 328 0
89 345 0
91 391 0
92 280 0
96 202 0
98 211 0
98 285 0
99 188 0
100 108 0
100 289 0
100 328 0
100 380 0
102 370 0
104 106 0
104 296 0
104 318 0
104 344 0
105 282 0
107 245 0
109 375 0
110 252 0
111 226 0
112 222 0
113 175 0
113 196 0
113 210 0
113 243 0
114 382 0
115 134 0
115 183 0
115 365 0
116 154 0
117 178 0
117 317 0
117 340 0
118 395 0
119 175 0
119 190 0
119 276 0
119 287 0
120 304 0
120 358 0
123 266 0
124 205 0
126 243 0
126 339 0
127 268 0
129 173 0
129 278 0
129 349 0
130 172 0
131 256 0
132 186 0
132 258 0
132 397 0
133 179 0
135 203 0
136 185 0
136 346 0
136 390 0
137 212 0
139 177 0
139 197 0
139 292 0
140 217 0
140 317 0
141 154 0
142 211 0
143 335 0
144 220 0
145 278 0
145 304 0
145 308 0
146 216 0
148 156 0
148 223 0
149 319 0
150 205 0
151 177 0
151 292 0
151 360 0
153 337 0
154 175 0
158 291 0
159 191 0
160 334 0
161 172 0
161 375 0
162 354 0
163 285 0
164 183 0
164 235 0
164 347 0
164 398 0
165 285 0
166 205 0
166 355 0
167 257 0
167 349 0
168 221 0
168 293 0
169 335 0
170 255 0
170 262 0
170 274 0
171 370 0
172 182 0
172 236 0
173 227 0
173 370 0
173 395 0
174 334 0
175 290 0
175 327 0
176 271 0
178 201 0
178 266 0
178 339 0
178 349 0
179 183 0
179 310 0
179 332 0
180 188 0
181 220 0
184 316 0
185 317 0
188 253 0
189 331 0
191 279 0
191 389 0
192 252 0
192 337 0
192 390 0
192 393 0
193 203 0
194 327 0
195 367 0
198 282 0
199 358 0
200 209 0
200 242 0
200 296 0
200 315 0
201 208 0
201 261 0
202 270 0
202 292 0
202 328 0
203 204 0
205 350 0
206 268 0
206 316 0
206 375 0
207 231 0
211 233 0
211 273 0
211 360 0
213 362 0
214 285 0
214 346 0
214 376 0
215 331 0
215 369 0
216 283 0
217 335 0
217 358 0
219 260 0
220 336 0
222 250 0
222 278 0
222 314 0
222 392 0
225 227 0
226 267 0
226 360 0
226 374 0
227 298 0
228 238 0
229 244 0
229 313 0
229 340 0
229 377 0
230 326 0
231 306 0
231 323 0
234 364 0
237 238 0
238 330 0
240 280 0
241 337 0
245 333 0
245 372 0
246 339 0
247 331 0
248 371 0
250 375 0
251 268 0
252 345 0
252 366 0
252 399 0
254 354 0
256 278 0
259 335 0
260 385 0
260 386 0
266 363 0
268 357 0
271 272 0
271 359 0
271 385 0
272 334 0
275 284 0
280 348 0
280 385 0
281 358 0
281 375 0
284 320 0
284 368 0
286 376 0
288 395 0
290 305 0
290 326 0
291 349 0
291 384 0
292 362 0
294 334 0
295 367 0
296 345 0
296 390 0
297 393 0
299 367 0
300 319 0
300 394 0
301 307 0
301 369 0
303 354 0
305 334 0
314 362 0
314 392 0
316 317 0
316 336 0
320 345 0
322 345 0
324 326 0
327 376 0
328 364 0
331 349 0
337 352 0
339 381 0
340 367 0
341 362 0
342 370 0
350 391 0
351 382 0
353 362 0
373 382 0
376 378 0
383 393 0
395 396 0
