120 185 0
1 14 0
1 62 0
1 77 0
1 80 0
2 6 0
2 32 0
2 46 0
2 88 0
2 90 0
2 100 0
3 26 0
3 31 0
3 58 0
3 73 0
3 96 0
4 24 0
4 89 0
5 18 0
5 81 0
5 112 0
5 114 0
6 59 0
6 110 0
6 120 0
7 69 0
7 76 0
8 9 0
8 106 0
9 32 0
9 39 0
9 44 0
9 101 0
10 41 0
10 48 0
10 65 0
10 105 0
11 34 0
11 55 0
11 59 0
11 117 0
12 28 0
12 56 0
12 60 0
12 73 0
13 50 0
13 95 0
14 30 0
14 43 0
14 52 0
14 60 0
14 89 0
15 23 0
15 40 0
15 65 0
15 71 0
16 76 0
16 90 0
16 97 0
16 118 0
17 36 0
17 39 0
18 25 0
18 70 0
18 75 0
19 52 0
20 67 0
21 75 0
22 91 0
23 77 0
24 44 0
24 51 0
24 76 0
24 106 0
25 81 0
26 81 0
26 90 0
26 91 0
27 36 0
28 92 0
29 53 0
29 100 0
29 119 0
30 81 0
32 82 0
32 98 0
32 113 0
33 47 0
33 78 0
33 79 0
33 80 0
33 84 0
34 75 0
35 71 0
35 92 0
36 46 0
36 70 0
36 85 0
37 89 0
37 94 0
37 95 0
37 109 0
38 50 0
38 70 0
39 64 0
40 92 0
42 49 0
42 77 0
43 70 0
45 62 0
45 70 0
46 76 0
46 81 0
47 90 0
48 62 0
49 50 0
49 116 0
50 65 0
50 103 0
50 111 0
51 76 0
52 63 0
52 99 0
53 65 0
53 85 0
53 101 0
54 66 0
55 64 0
55 73 0
55 97 0
56 81 0
57 90 0
58 97 0
58 101 0
61 103 0
61 118 0
62 84 0
62 116 0
63 93 0
63 96 0
66 86 0
66 93 0
66 101 0
67 88 0
67 94 0
67 109 0
67 117 0
68 90 0
69 74 0
69 84 0
69 101 0
70 76 0
72 112 0
73 87 0
73 119 0
74 108 0
75 85 0
76 92 0
76 100 0
77 83 0
77 85 0
77 104 0
78 110 0
80 100 0
80 116 0
80 118 0
81 87 0
81 109 0
86 101 0
91 99 0
91 104 0
91 108 0
91 110 0
92 102 0
92 114 0
96 112 0
96 115 0
97 104 0
99 112 0
99 119 0
107 116 0
109 119 0
110 119 0
111 118 0
115 118 0
118 119 0
