60 95 0
1 23 0
1 59 0
2 10 0
2 21 0
3 28 0
3 40 0
3 55 0
4 20 0
4 38 0
4 40 0
4 52 0
4 57 0
5 18 0
6 13 0
6 27 0
6 43 0
6 56 0
7 10 0
7 15 0
7 30 0
7 36 0
7 43 0
7 51 0
7 54 0
7 58 0
8 59 0
9 30 0
9 49 0
9 53 0
9 57 0
10 24 0
10 51 0
10 54 0
11 31 0
12 19 0
12 25 0
12 41 0
12 51 0
13 58 0
14 17 0
14 35 0
15 21 0
15 31 0
15 53 0
16 23 0
16 24 0
16 26 0
16 33 0
16 44 0
16 52 0
17 58 0
18 26 0
18 43 0
18 46 0
18 47 0
18 60 0
19 27 0
19 47 0
21 50 0
21 59 0
22 28 0
22 58 0
25 29 0
26 43 0
26 46 0
27 39 0
27 53 0
28 43 0
28 50 0
29 37 0
29 58 0
31 45 0
31 57 0
32 37 0
33 35 0
34 37 0
34 42 0
35 39 0
35 52 0
36 50 0
36 52 0
36 57 0
37 43 0
37 46 0
37 58 0
41 48 0
42 47 0
42 50 0
47 60 0
48 58 0
50 51 0
51 53 0
51 59 0
52 58 0
55 59 0
