180 263 0
1 72 0
2 64 0
2 104 0
2 137 0
2 145 0
2 160 0
3 176 0
4 7 0
4 25 0
4 49 0
4 154 0
5 14 0
5 47 0
5 94 0
5 103 0
5 122 0
5 143 0
6 33 0
6 55 0
6 132 0
6 151 0
6 161 0
7 47 0
7 90 0
7 135 0
7 176 0
8 157 0
9 114 0
10 72 0
10 180 0
11 34 0
11 107 0
12 131 0
12 136 0
12 140 0
12 169 0
13 86 0
14 53 0
14 69 0
14 117 0
14 165 0
15 47 0
15 64 0
15 71 0
15 80 0
16 46 0
17 43 0
17 75 0
17 109 0
17 146 0
17 147 0
18 28 0
19 135 0
20 39 0
21 135 0
21 138 0
22 45 0
22 180 0
23 148 0
23 168 0
24 131 0
25 45 0
25 71 0
25 157 0
26 70 0
26 137 0
26 158 0
26 175 0
27 62 0
27 78 0
27 176 0
28 62 0
28 88 0
28 108 0
28 144 0
28 160 0
29 111 0
29 165 0
30 57 0
30 62 0
30 148 0
31 34 0
31 68 0
31 70 0
31 121 0
31 161 0
32 85 0
33 90 0
34 87 0
35 41 0
35 77 0
35 89 0
35 123 0
35 169 0
36 131 0
37 76 0
37 150 0
38 77 0
38 99 0
38 104 0
38 129 0
39 72 0
39 81 0
39 132 0
39 133 0
39 157 0
40 46 0
40 107 0
41 50 0
41 141 0
41 178 0
42 57 0
43 101 0
44 103 0
44 148 0
45 149 0
45 174 0
46 50 0
46 115 0
46 143 0
46 145 0
46 153 0
46 159 0
47 48 0
47 70 0
47 146 0
48 111 0
49 63 0
50 65 0
51 58 0
51 65 0
52 120 0
52 163 0
53 78 0
53 123 0
54 108 0
56 60 0
56 105 0
57 62 0
57 74 0
57 109 0
58 106 0
58 168 0
58 172 0
59 84 0
59 107 0
59 162 0
60 113 0
60 145 0
60 170 0
61 157 0
61 162 0
62 136 0
62 151 0
63 70 0
63 108 0
64 169 0
65 108 0
65 123 0
65 171 0
66 148 0
67 105 0
67 115 0
70 114 0
71 86 0
71 150 0
72 102 0
72 104 0
72 127 0
72 142 0
73 163 0
74 157 0
75 94 0
76 150 0
78 112 0
78 124 0
78 156 0
79 136 0
80 83 0
80 99 0
80 109 0
80 124 0
80 132 0
80 163 0
82 136 0
83 103 0
84 114 0
85 96 0
85 122 0
85 160 0
86 130 0
86 164 0
87 131 0
89 125 0
89 173 0
89 179 0
90 97 0
90 138 0
90 139 0
90 170 0
91 123 0
92 116 0
92 118 0
92 128 0
92 160 0
92 171 0
93 105 0
94 98 0
94 101 0
94 128 0
94 142 0
95 126 0
95 176 0
98 105 0
98 159 0
100 105 0
101 103 0
101 143 0
103 110 0
104 148 0
104 180 0
105 124 0
105 177 0
106 110 0
107 109 0
107 126 0
108 145 0
108 167 0
108 172 0
110 161 0
111 145 0
111 146 0
111 179 0
114 152 0
115 128 0
118 122 0
119 140 0
120 177 0
124 177 0
125 136 0
127 140 0
129 144 0
132 163 0
133 140 0
134 140 0
135 140 0
135 155 0
136 165 0
139 157 0
140 166 0
143 176 0
148 172 0
149 156 0
149 177 0
150 162 0
150 169 0
153 163 0
155 156 0
159 180 0
164 174 0
169 172 0
174 177 0
175 180 0
