80 133 0
1 3 0
1 23 0
1 75 0
2 26 0
3 25 0
3 61 0
3 63 0
3 67 0
4 28 0
4 33 0
5 16 0
5 19 0
5 31 0
5 59 0
5 74 0
5 75 0
6 42 0
7 8 0
7 16 0
7 27 0
7 72 0
8 19 0
8 38 0
9 38 0
9 51 0
9 52 0
9 62 0
9 67 0
10 12 0
10 25 0
10 69 0
10 75 0
11 49 0
12 21 0
12 55 0
12 60 0
13 17 0
13 59 0
13 67 0
13 70 0
13 73 0
14 17 0
14 23 0
15 31 0
15 66 0
17 18 0
17 21 0
17 28 0
17 30 0
17 44 0
17 51 0
17 58 0
18 42 0
18 45 0
18 60 0
18 72 0
18 78 0
19 42 0
19 45 0
20 38 0
20 70 0
21 33 0
21 54 0
21 73 0
22 23 0
22 27 0
22 31 0
22 32 0
22 76 0
23 30 0
24 36 0
24 41 0
24 53 0
24 56 0
24 62 0
24 70 0
24 78 0
25 36 0
25 74 0
26 37 0
26 40 0
26 50 0
26 64 0
27 30 0
27 59 0
27 75 0
28 33 0
28 76 0
29 62 0
29 70 0
30 36 0
30 38 0
30 50 0
30 68 0
33 79 0
33 80 0
34 45 0
34 47 0
34 48 0
34 53 0
35 47 0
35 77 0
36 78 0
37 70 0
39 75 0
40 67 0
42 50 0
43 64 0
46 64 0
46 75 0
47 51 0
48 58 0
49 59 0
49 69 0
49 73 0
49 74 0
50 69 0
50 73 0
50 76 0
51 54 0
52 55 0
53 70 0
53 73 0
54 70 0
57 77 0
58 66 0
59 66 0
64 65 0
64 66 0
67 77 0
68 72 0
71 77 0
76 78 0
