700 902 0
1 638 0
2 547 0
3 93 0
3 568 0
3 596 0
4 616 0
5 264 0
6 241 0
7 262 0
8 129 0
8 248 0
8 288 0
8 577 0
8 640 0
9 598 0
10 174 0
10 295 0
10 487 0
10 665 0
11 462 0
12 596 0
13 185 0
13 449 0
13 491 0
13 596 0
13 669 0
14 453 0
15 62 0
15 143 0
15 174 0
15 399 0
16 365 0
16 435 0
16 692 0
17 130 0
17 198 0
17 215 0
17 359 0
18 71 0
18 81 0
18 153 0
18 512 0
18 664 0
19 37 0
19 78 0
19 248 0
19 317 0
19 543 0
20 27 0
21 561 0
22 552 0
23 119 0
23 140 0
23 226 0
23 586 0
24 30 0
24 59 0
24 342 0
24 485 0
25 356 0
26 111 0
27 145 0
27 190 0
27 508 0
27 630 0
28 319 0
28 402 0
28 530 0
28 630 0
28 687 0
28 691 0
29 116 0
29 299 0
29 426 0
29 444 0
31 103 0
31 428 0
31 626 0
31 667 0
32 346 0
32 524 0
32 641 0
32 693 0
33 166 0
34 576 0
35 559 0
36 189 0
36 363 0
36 662 0
37 608 0
37 664 0
38 87 0
38 187 0
38 252 0
38 309 0
39 79 0
40 55 0
40 198 0
40 349 0
40 370 0
40 379 0
40 412 0
40 564 0
40 683 0
41 115 0
41 520 0
41 621 0
42 108 0
42 144 0
42 373 0
42 654 0
43 598 0
44 138 0
44 180 0
44 670 0
45 79 0
46 124 0
47 53 0
47 61 0
47 173 0
47 431 0
47 467 0
48 423 0
49 54 0
49 57 0
49 68 0
49 226 0
49 361 0
49 687 0
50 92 0
50 335 0
50 423 0
50 425 0
51 496 0
52 613 0
52 655 0
52 664 0
53 158 0
53 368 0
53 678 0
54 56 0
54 129 0
54 144 0
54 667 0
55 105 0
55 700 0
56 350 0
56 470 0
56 522 0
56 591 0
57 100 0
57 462 0
57 570 0
58 629 0
60 139 0
60 165 0
60 565 0
61 115 0
61 597 0
63 100 0
64 351 0
64 456 0
64 625 0
65 85 0
65 123 0
65 185 0
65 188 0
65 394 0
65 510 0
65 582 0
66 138 0
67 163 0
68 115 0
68 343 0
68 365 0
69 467 0
70 555 0
71 245 0
71 395 0
71 480 0
71 514 0
72 79 0
73 284 0
73 330 0
73 523 0
74 248 0
74 362 0
74 520 0
75 114 0
75 162 0
75 458 0
75 660 0
76 124 0
77 376 0
78 173 0
78 397 0
78 528 0
79 350 0
80 192 0
80 284 0
80 296 0
80 572 0
80 680 0
81 162 0
81 444 0
81 580 0
82 629 0
83 182 0
83 435 0
83 485 0
83 700 0
84 589 0
85 274 0
85 405 0
86 170 0
86 552 0
86 655 0
88 472 0
88 490 0
88 508 0
88 668 0
89 123 0
89 201 0
89 417 0
90 457 0
91 457 0
92 176 0
92 633 0
92 647 0
93 103 0
93 252 0
93 313 0
93 407 0
93 692 0
94 254 0
95 637 0
96 166 0
97 241 0
98 570 0
99 443 0
100 117 0
100 177 0
100 331 0
100 696 0
101 393 0
101 471 0
101 522 0
101 535 0
102 604 0
103 173 0
103 479 0
104 259 0
104 304 0
104 318 0
104 605 0
104 631 0
105 191 0
105 219 0
105 226 0
105 311 0
105 326 0
106 449 0
107 466 0
108 387 0
108 440 0
108 445 0
109 344 0
109 420 0
109 443 0
109 592 0
110 443 0
111 155 0
111 171 0
111 591 0
111 613 0
112 131 0
112 170 0
112 409 0
113 137 0
113 419 0
113 460 0
113 489 0
115 464 0
117 241 0
117 506 0
117 549 0
118 324 0
119 383 0
119 670 0
120 186 0
120 521 0
120 560 0
121 186 0
121 297 0
121 453 0
121 561 0
122 637 0
123 349 0
123 612 0
124 213 0
124 566 0
125 365 0
126 215 0
127 131 0
128 215 0
129 244 0
129 584 0
130 255 0
130 377 0
130 386 0
130 422 0
131 168 0
131 218 0
132 159 0
132 395 0
132 470 0
132 653 0
133 552 0
134 576 0
135 258 0
136 380 0
136 393 0
136 484 0
136 588 0
136 658 0
137 517 0
137 533 0
137 565 0
137 595 0
138 329 0
138 442 0
138 470 0
139 325 0
139 361 0
139 450 0
139 480 0
139 507 0
139 672 0
141 638 0
142 285 0
144 249 0
144 393 0
146 243 0
146 375 0
146 507 0
146 663 0
147 313 0
147 434 0
147 447 0
147 613 0
148 322 0
148 491 0
148 664 0
149 335 0
149 568 0
149 667 0
149 669 0
150 526 0
151 659 0
152 208 0
152 219 0
152 284 0
152 401 0
152 650 0
153 271 0
153 544 0
153 685 0
153 692 0
154 337 0
154 428 0
154 682 0
156 289 0
157 467 0
160 376 0
161 455 0
162 621 0
162 625 0
163 281 0
163 486 0
163 515 0
163 579 0
163 609 0
164 373 0
164 640 0
164 682 0
165 420 0
165 466 0
165 531 0
165 662 0
166 450 0
166 507 0
166 524 0
167 201 0
168 335 0
168 463 0
168 478 0
168 551 0
169 264 0
170 202 0
170 334 0
170 569 0
171 241 0
171 324 0
172 206 0
172 220 0
172 428 0
172 537 0
173 563 0
173 566 0
174 258 0
174 537 0
174 619 0
175 491 0
177 365 0
177 469 0
178 337 0
178 356 0
178 582 0
179 267 0
180 230 0
180 293 0
180 350 0
181 671 0
182 195 0
182 233 0
182 247 0
182 348 0
182 556 0
183 240 0
183 242 0
183 256 0
183 367 0
183 488 0
184 330 0
185 425 0
186 214 0
186 510 0
188 297 0
188 362 0
188 546 0
188 688 0
189 288 0
189 430 0
189 499 0
189 648 0
193 656 0
194 597 0
196 397 0
197 520 0
198 592 0
199 351 0
200 264 0
201 414 0
201 566 0
203 622 0
204 262 0
205 260 0
206 359 0
206 507 0
206 587 0
207 358 0
209 254 0
210 666 0
211 473 0
212 453 0
215 244 0
215 468 0
215 613 0
216 621 0
217 482 0
219 592 0
220 396 0
220 412 0
220 469 0
221 330 0
221 413 0
221 443 0
221 682 0
222 365 0
223 666 0
224 561 0
225 419 0
226 416 0
226 699 0
227 467 0
228 655 0
229 369 0
231 473 0
231 523 0
231 622 0
232 234 0
232 501 0
232 529 0
232 550 0
232 610 0
233 287 0
233 645 0
235 411 0
235 417 0
235 598 0
236 688 0
237 620 0
238 478 0
239 473 0
241 396 0
244 254 0
244 297 0
244 308 0
244 610 0
245 568 0
245 631 0
246 523 0
248 523 0
249 264 0
249 316 0
249 376 0
249 459 0
250 449 0
251 528 0
252 655 0
252 659 0
253 589 0
254 477 0
255 435 0
255 653 0
256 382 0
256 528 0
256 584 0
257 655 0
258 360 0
258 406 0
258 573 0
260 286 0
260 367 0
260 502 0
260 593 0
261 362 0
262 417 0
262 557 0
263 308 0
264 640 0
265 638 0
266 358 0
267 314 0
267 332 0
267 530 0
268 500 0
269 416 0
269 560 0
269 656 0
270 307 0
272 364 0
273 671 0
274 313 0
274 578 0
274 674 0
275 372 0
276 307 0
277 688 0
278 478 0
279 662 0
280 662 0
281 303 0
281 522 0
282 322 0
283 289 0
284 479 0
284 500 0
285 421 0
285 587 0
285 601 0
286 303 0
286 512 0
287 355 0
287 497 0
287 652 0
288 457 0
288 517 0
288 537 0
289 353 0
289 489 0
290 388 0
291 616 0
292 531 0
294 491 0
297 580 0
298 457 0
300 700 0
301 306 0
302 362 0
303 317 0
303 439 0
303 587 0
305 620 0
306 504 0
306 550 0
306 626 0
307 310 0
307 489 0
308 441 0
308 635 0
312 349 0
312 587 0
312 598 0
313 555 0
315 359 0
315 540 0
315 618 0
315 649 0
316 392 0
316 410 0
316 646 0
317 382 0
318 469 0
318 551 0
320 554 0
321 528 0
322 342 0
322 452 0
322 492 0
323 343 0
324 349 0
324 393 0
324 603 0
327 341 0
327 521 0
327 560 0
327 622 0
328 415 0
330 409 0
330 612 0
330 639 0
333 552 0
334 358 0
334 479 0
334 656 0
335 508 0
336 620 0
337 418 0
337 530 0
337 564 0
337 630 0
338 376 0
339 424 0
340 671 0
341 442 0
341 500 0
341 670 0
342 372 0
342 474 0
342 669 0
342 689 0
343 347 0
343 448 0
344 463 0
344 583 0
344 590 0
344 645 0
345 453 0
348 383 0
348 420 0
348 638 0
348 671 0
349 671 0
350 351 0
350 361 0
351 427 0
351 438 0
352 526 0
354 600 0
356 585 0
356 612 0
357 520 0
358 436 0
359 523 0
359 700 0
362 623 0
363 380 0
363 587 0
363 695 0
363 697 0
364 631 0
364 675 0
364 676 0
365 383 0
365 459 0
366 411 0
367 460 0
367 637 0
369 503 0
369 652 0
369 689 0
371 491 0
372 432 0
372 495 0
373 511 0
373 642 0
374 570 0
376 619 0
377 479 0
377 571 0
377 598 0
377 685 0
378 423 0
380 550 0
381 425 0
382 419 0
382 449 0
382 555 0
383 664 0
384 559 0
385 637 0
388 545 0
388 550 0
388 686 0
389 473 0
390 397 0
391 555 0
393 689 0
395 662 0
396 547 0
396 552 0
396 633 0
396 692 0
397 606 0
398 654 0
400 625 0
403 565 0
404 416 0
404 600 0
404 616 0
405 456 0
405 462 0
405 591 0
406 554 0
406 560 0
407 411 0
407 589 0
407 682 0
408 629 0
409 530 0
409 664 0
411 442 0
411 679 0
412 424 0
412 473 0
413 491 0
413 510 0
413 560 0
415 538 0
415 591 0
415 634 0
416 607 0
416 627 0
417 521 0
417 568 0
417 576 0
419 509 0
419 512 0
420 428 0
423 684 0
424 476 0
424 610 0
425 680 0
428 460 0
428 601 0
429 571 0
431 525 0
431 581 0
431 687 0
433 682 0
435 512 0
435 558 0
435 653 0
435 693 0
437 654 0
444 601 0
444 629 0
444 666 0
446 600 0
451 496 0
454 570 0
455 508 0
455 651 0
455 699 0
456 460 0
456 480 0
456 482 0
456 520 0
456 560 0
459 670 0
461 530 0
461 580 0
461 612 0
461 652 0
462 661 0
463 551 0
465 550 0
465 564 0
465 571 0
466 505 0
466 541 0
467 485 0
469 597 0
469 600 0
469 608 0
470 546 0
470 604 0
472 664 0
472 670 0
474 479 0
474 670 0
475 621 0
478 481 0
479 653 0
482 527 0
482 624 0
483 506 0
484 654 0
484 666 0
489 554 0
491 626 0
493 659 0
494 659 0
496 515 0
496 609 0
496 699 0
498 521 0
500 595 0
500 698 0
503 608 0
503 622 0
505 565 0
505 637 0
506 612 0
506 617 0
506 643 0
513 547 0
515 568 0
515 670 0
516 625 0
517 547 0
518 571 0
519 551 0
521 562 0
522 662 0
523 534 0
524 597 0
526 566 0
526 677 0
531 567 0
531 685 0
532 654 0
536 600 0
537 693 0
539 554 0
542 554 0
546 622 0
547 563 0
548 682 0
549 596 0
549 693 0
550 669 0
551 615 0
553 608 0
555 619 0
559 584 0
559 652 0
560 694 0
561 606 0
561 632 0
563 613 0
564 664 0
565 657 0
568 631 0
570 595 0
574 662 0
575 656 0
576 636 0
580 582 0
580 667 0
582 682 0
589 645 0
591 616 0
592 611 0
594 688 0
597 628 0
597 673 0
599 622 0
600 645 0
602 616 0
604 614 0
604 681 0
606 621 0
608 690 0
609 669 0
620 693 0
621 644 0
622 631 0
633 659 0
640 667 0
680 700 0
