250 321 0
1 110 0
1 136 0
1 162 0
1 170 0
2 46 0
3 94 0
3 126 0
3 127 0
3 182 0
4 33 0
4 82 0
5 122 0
6 31 0
6 123 0
6 181 0
6 211 0
7 19 0
8 212 0
8 224 0
9 95 0
9 146 0
9 160 0
9 223 0
10 26 0
11 112 0
12 113 0
12 128 0
13 42 0
13 67 0
13 126 0
14 99 0
14 134 0
14 203 0
14 243 0
15 45 0
15 74 0
16 92 0
17 91 0
17 103 0
17 154 0
17 242 0
18 37 0
18 76 0
18 107 0
18 154 0
18 181 0
19 134 0
19 197 0
19 198 0
19 219 0
20 71 0
20 72 0
20 86 0
20 154 0
20 164 0
20 191 0
21 52 0
22 52 0
22 214 0
23 166 0
23 190 0
23 221 0
23 232 0
24 204 0
25 54 0
25 71 0
26 33 0
26 205 0
26 206 0
27 122 0
27 241 0
28 106 0
28 130 0
28 148 0
28 242 0
29 45 0
29 66 0
30 101 0
32 46 0
33 65 0
33 81 0
33 128 0
33 199 0
34 213 0
35 138 0
36 55 0
37 83 0
38 141 0
39 82 0
39 177 0
40 153 0
41 230 0
42 122 0
42 131 0
43 249 0
44 52 0
45 88 0
45 235 0
46 154 0
46 159 0
47 49 0
48 81 0
49 75 0
49 95 0
49 147 0
49 195 0
49 232 0
50 104 0
50 151 0
50 190 0
50 233 0
51 116 0
51 201 0
52 215 0
53 81 0
54 250 0
55 75 0
55 149 0
55 196 0
55 243 0
56 58 0
56 66 0
56 161 0
56 203 0
56 222 0
57 63 0
59 151 0
59 186 0
60 63 0
60 117 0
61 97 0
62 231 0
63 117 0
63 217 0
63 242 0
64 141 0
65 201 0
66 87 0
66 135 0
66 186 0
66 202 0
67 68 0
67 168 0
67 185 0
67 190 0
69 227 0
70 101 0
71 119 0
71 123 0
71 155 0
73 111 0
73 173 0
74 139 0
77 166 0
77 184 0
78 98 0
79 135 0
79 140 0
79 203 0
79 208 0
80 91 0
80 158 0
81 152 0
81 240 0
81 244 0
82 91 0
82 171 0
83 93 0
83 160 0
84 199 0
85 90 0
85 200 0
87 95 0
87 99 0
87 132 0
87 215 0
88 166 0
88 172 0
88 213 0
89 92 0
89 94 0
90 184 0
91 141 0
91 158 0
92 118 0
92 133 0
92 174 0
92 242 0
93 194 0
93 221 0
93 248 0
95 184 0
95 231 0
96 230 0
97 125 0
97 232 0
97 239 0
98 127 0
98 147 0
98 175 0
99 103 0
99 128 0
99 133 0
100 172 0
100 220 0
101 108 0
101 203 0
101 206 0
101 216 0
101 230 0
102 163 0
103 166 0
105 200 0
106 215 0
108 204 0
109 184 0
111 230 0
112 134 0
112 177 0
112 240 0
113 156 0
113 210 0
113 215 0
114 121 0
115 250 0
116 174 0
116 242 0
118 213 0
120 199 0
121 136 0
121 176 0
121 192 0
122 243 0
123 128 0
123 212 0
124 200 0
124 246 0
125 205 0
127 128 0
127 153 0
128 164 0
129 153 0
131 163 0
132 138 0
132 167 0
134 230 0
135 169 0
136 177 0
136 197 0
136 227 0
137 141 0
138 226 0
138 236 0
139 168 0
139 221 0
139 225 0
142 202 0
143 229 0
144 174 0
144 229 0
145 202 0
145 242 0
150 153 0
150 203 0
157 231 0
157 250 0
158 167 0
158 238 0
161 213 0
162 197 0
163 169 0
163 221 0
164 173 0
165 199 0
166 197 0
169 230 0
169 250 0
171 221 0
172 214 0
172 217 0
173 237 0
173 243 0
174 228 0
174 246 0
178 204 0
179 201 0
180 249 0
183 186 0
185 190 0
186 188 0
187 212 0
189 232 0
189 250 0
190 229 0
191 214 0
191 218 0
193 229 0
194 210 0
195 206 0
196 228 0
197 236 0
197 246 0
200 232 0
200 244 0
201 203 0
202 218 0
203 210 0
204 236 0
207 227 0
208 239 0
209 212 0
213 220 0
214 246 0
215 249 0
224 249 0
227 234 0
229 241 0
231 247 0
236 250 0
238 249 0
245 246 0
