250 297 0
1 143 0
1 154 0
2 81 0
2 115 0
2 144 0
2 247 0
3 45 0
3 162 0
3 192 0
3 236 0
4 107 0
5 199 0
6 113 0
7 187 0
8 32 0
8 155 0
9 105 0
9 170 0
10 141 0
10 221 0
11 98 0
12 151 0
13 212 0
14 75 0
14 90 0
14 91 0
14 183 0
14 226 0
15 89 0
15 218 0
16 24 0
17 120 0
17 138 0
17 147 0
17 198 0
18 126 0
18 145 0
18 209 0
18 216 0
19 29 0
19 78 0
19 114 0
19 206 0
20 23 0
20 25 0
20 121 0
20 122 0
20 130 0
20 239 0
20 244 0
21 58 0
22 24 0
22 95 0
24 52 0
24 80 0
25 119 0
25 235 0
26 128 0
27 61 0
27 150 0
28 212 0
30 50 0
30 75 0
30 87 0
30 101 0
30 217 0
31 143 0
32 104 0
32 185 0
32 228 0
33 62 0
33 92 0
34 209 0
34 221 0
35 44 0
35 90 0
35 96 0
35 154 0
36 151 0
36 219 0
37 180 0
37 192 0
38 107 0
39 109 0
40 53 0
40 62 0
40 63 0
40 93 0
40 173 0
41 88 0
41 242 0
42 92 0
43 83 0
43 99 0
43 230 0
43 244 0
45 57 0
45 122 0
45 140 0
46 144 0
46 236 0
47 95 0
47 160 0
47 177 0
47 200 0
48 81 0
49 58 0
49 74 0
49 150 0
50 98 0
50 136 0
50 213 0
51 127 0
52 64 0
52 65 0
52 162 0
54 68 0
54 245 0
55 243 0
56 144 0
58 74 0
58 78 0
58 222 0
59 127 0
60 124 0
60 142 0
61 133 0
61 184 0
61 234 0
62 161 0
64 66 0
64 116 0
64 135 0
65 72 0
65 208 0
65 238 0
67 224 0
68 133 0
68 146 0
68 153 0
69 102 0
69 115 0
69 136 0
69 178 0
69 185 0
70 204 0
71 187 0
71 227 0
73 105 0
73 127 0
73 175 0
73 178 0
76 146 0
76 242 0
77 213 0
78 172 0
78 187 0
79 128 0
81 158 0
81 240 0
82 105 0
84 176 0
85 176 0
85 214 0
85 227 0
86 124 0
88 106 0
88 111 0
88 141 0
88 186 0
88 191 0
88 204 0
89 131 0
89 165 0
89 198 0
90 136 0
90 223 0
91 144 0
92 171 0
92 191 0
93 162 0
93 176 0
93 178 0
93 221 0
94 227 0
95 115 0
95 199 0
95 224 0
97 119 0
98 155 0
98 248 0
100 124 0
100 139 0
102 172 0
102 214 0
103 117 0
103 133 0
103 180 0
103 218 0
105 108 0
105 169 0
106 150 0
107 188 0
107 212 0
109 137 0
109 207 0
109 244 0
110 113 0
110 136 0
110 143 0
110 242 0
112 224 0
113 157 0
113 229 0
114 138 0
115 156 0
118 204 0
119 168 0
119 209 0
123 204 0
124 156 0
125 175 0
126 166 0
127 211 0
128 209 0
128 229 0
128 233 0
129 142 0
129 202 0
132 150 0
133 148 0
133 159 0
134 242 0
139 227 0
142 152 0
142 210 0
142 237 0
143 225 0
144 197 0
146 168 0
148 247 0
149 175 0
150 191 0
150 217 0
151 164 0
151 198 0
151 238 0
152 161 0
152 178 0
152 231 0
156 170 0
156 204 0
159 212 0
159 214 0
159 244 0
161 174 0
161 186 0
162 214 0
163 223 0
166 236 0
167 236 0
170 190 0
170 196 0
171 206 0
172 191 0
172 198 0
175 201 0
175 229 0
176 219 0
178 185 0
179 231 0
181 199 0
182 243 0
185 227 0
185 243 0
187 193 0
189 227 0
192 203 0
192 249 0
194 199 0
195 243 0
198 223 0
202 221 0
205 224 0
209 214 0
212 226 0
213 215 0
213 232 0
213 235 0
220 236 0
223 235 0
223 241 0
230 237 0
231 245 0
231 246 0
239 247 0
247 250 0
