100 159 0
1 32 0
1 37 0
1 44 0
2 24 0
2 43 0
2 89 0
2 93 0
3 28 0
3 40 0
3 48 0
3 52 0
3 55 0
3 58 0
3 77 0
4 7 0
4 47 0
5 24 0
5 43 0
6 33 0
6 38 0
6 41 0
6 54 0
6 93 0
7 86 0
8 12 0
8 58 0
8 61 0
8 65 0
8 69 0
8 83 0
8 96 0
9 12 0
9 19 0
9 52 0
9 56 0
9 100 0
10 23 0
10 33 0
10 76 0
11 74 0
12 36 0
12 45 0
12 74 0
12 100 0
13 29 0
13 30 0
13 57 0
13 93 0
13 94 0
14 34 0
14 35 0
14 40 0
14 65 0
15 57 0
16 40 0
16 63 0
16 91 0
17 27 0
17 64 0
17 66 0
17 81 0
17 82 0
17 88 0
18 73 0
18 79 0
19 49 0
19 74 0
20 26 0
20 45 0
20 51 0
20 69 0
20 72 0
21 36 0
21 65 0
22 44 0
23 26 0
23 32 0
23 60 0
23 66 0
24 61 0
24 64 0
24 71 0
24 89 0
25 26 0
26 49 0
26 61 0
26 68 0
26 100 0
30 83 0
30 90 0
31 62 0
32 37 0
32 45 0
32 46 0
32 62 0
34 43 0
35 83 0
36 43 0
36 53 0
36 96 0
36 98 0
37 50 0
37 87 0
39 62 0
40 45 0
40 63 0
40 67 0
41 63 0
42 44 0
42 88 0
43 79 0
44 47 0
44 72 0
44 84 0
46 88 0
47 67 0
47 76 0
47 90 0
48 68 0
50 59 0
50 96 0
51 61 0
51 64 0
51 81 0
51 90 0
55 74 0
55 85 0
56 70 0
57 64 0
57 70 0
57 98 0
58 98 0
59 79 0
59 82 0
60 65 0
62 85 0
62 91 0
63 75 0
63 98 0
64 88 0
67 79 0
67 80 0
69 86 0
71 91 0
72 78 0
72 93 0
73 79 0
74 99 0
78 85 0
78 92 0
78 97 0
79 90 0
80 88 0
82 83 0
86 90 0
86 99 0
88 93 0
88 95 0
94 97 0
