80 106 0
1 17 0
1 41 0
2 30 0
2 49 0
3 69 0
4 8 0
5 28 0
5 59 0
5 66 0
6 44 0
6 54 0
6 64 0
6 69 0
7 54 0
7 58 0
7 66 0
7 78 0
8 9 0
8 20 0
8 26 0
8 47 0
8 65 0
9 17 0
9 36 0
9 54 0
9 56 0
10 12 0
10 34 0
10 59 0
10 68 0
11 12 0
11 37 0
11 43 0
11 49 0
11 73 0
12 54 0
13 17 0
13 36 0
13 59 0
14 18 0
14 43 0
15 28 0
15 37 0
15 42 0
15 62 0
15 69 0
16 20 0
16 30 0
17 23 0
17 74 0
19 44 0
21 26 0
21 46 0
22 42 0
22 58 0
24 68 0
25 34 0
26 27 0
26 37 0
26 41 0
26 80 0
27 69 0
29 49 0
30 43 0
30 77 0
31 34 0
32 59 0
32 73 0
33 78 0
34 56 0
35 69 0
36 40 0
36 76 0
37 50 0
37 80 0
38 45 0
38 64 0
39 43 0
39 66 0
40 50 0
43 54 0
44 53 0
44 72 0
45 49 0
46 64 0
47 54 0
47 68 0
48 68 0
48 78 0
49 52 0
50 66 0
51 78 0
55 66 0
57 58 0
58 75 0
59 63 0
59 70 0
60 80 0
61 64 0
62 79 0
67 73 0
67 80 0
69 73 0
71 78 0
73 74 0
79 80 0
