900 1079 0
1 810 0
2 89 0
3 29 0
3 427 0
3 487 0
3 822 0
4 345 0
5 470 0
5 557 0
5 666 0
5 702 0
5 856 0
6 390 0
7 733 0
7 753 0
7 800 0
7 845 0
8 208 0
8 268 0
8 489 0
8 518 0
9 888 0
10 274 0
10 667 0
10 696 0
10 880 0
11 274 0
11 322 0
11 421 0
11 620 0
12 750 0
13 379 0
14 16 0
14 269 0
14 536 0
14 626 0
14 646 0
15 142 0
15 304 0
15 309 0
15 487 0
17 181 0
17 199 0
17 276 0
17 471 0
17 808 0
18 297 0
19 81 0
19 470 0
19 799 0
20 98 0
21 150 0
21 617 0
21 754 0
22 295 0
22 450 0
22 654 0
22 713 0
23 597 0
24 715 0
25 157 0
25 324 0
25 405 0
26 56 0
27 153 0
27 517 0
27 733 0
27 755 0
28 36 0
28 199 0
28 510 0
30 840 0
31 181 0
32 848 0
33 56 0
33 405 0
33 552 0
33 754 0
34 60 0
34 127 0
34 244 0
34 430 0
34 707 0
34 841 0
35 194 0
36 110 0
36 441 0
36 684 0
36 811 0
36 865 0
37 633 0
38 39 0
39 230 0
39 521 0
39 753 0
40 163 0
40 399 0
40 405 0
40 433 0
40 691 0
41 227 0
42 411 0
42 443 0
42 453 0
42 480 0
42 835 0
43 324 0
43 606 0
43 835 0
44 871 0
45 336 0
45 449 0
45 663 0
46 460 0
47 282 0
48 92 0
48 210 0
48 311 0
48 375 0
48 401 0
49 198 0
49 231 0
49 287 0
49 644 0
49 660 0
50 118 0
51 596 0
52 686 0
53 67 0
53 122 0
53 596 0
53 769 0
54 840 0
55 240 0
55 361 0
55 367 0
55 436 0
56 284 0
56 865 0
57 274 0
57 518 0
57 548 0
57 585 0
57 607 0
58 796 0
59 219 0
60 63 0
60 432 0
60 637 0
60 721 0
61 449 0
62 471 0
63 170 0
63 606 0
63 608 0
63 759 0
64 292 0
64 520 0
64 682 0
64 770 0
65 77 0
65 107 0
65 480 0
65 657 0
65 831 0
66 203 0
67 536 0
67 575 0
67 669 0
67 748 0
67 783 0
68 291 0
68 326 0
68 635 0
68 813 0
69 128 0
70 398 0
71 622 0
72 499 0
73 98 0
74 862 0
75 841 0
76 712 0
78 275 0
78 340 0
78 608 0
78 692 0
79 226 0
79 568 0
79 787 0
79 826 0
80 137 0
80 288 0
80 335 0
80 690 0
81 286 0
81 295 0
81 431 0
81 474 0
81 698 0
82 105 0
83 259 0
84 118 0
84 212 0
84 308 0
84 371 0
84 860 0
85 278 0
85 291 0
85 442 0
85 701 0
86 755 0
87 188 0
87 527 0
87 725 0
87 864 0
88 89 0
88 203 0
88 272 0
88 510 0
89 121 0
89 601 0
90 253 0
91 114 0
93 156 0
93 703 0
93 730 0
93 892 0
94 355 0
95 301 0
96 370 0
97 207 0
97 224 0
97 228 0
97 414 0
98 251 0
98 330 0
99 153 0
99 404 0
99 512 0
99 611 0
100 499 0
100 638 0
100 723 0
101 355 0
101 643 0
101 692 0
102 809 0
103 258 0
104 336 0
105 283 0
105 330 0
105 861 0
106 281 0
108 317 0
109 581 0
111 856 0
112 529 0
113 888 0
114 116 0
114 518 0
114 776 0
115 203 0
117 227 0
118 328 0
118 342 0
118 759 0
119 577 0
120 754 0
121 472 0
121 796 0
122 389 0
122 540 0
122 621 0
123 661 0
123 681 0
123 848 0
123 883 0
123 891 0
124 294 0
125 134 0
126 134 0
127 331 0
127 346 0
127 486 0
127 537 0
128 374 0
128 388 0
128 650 0
129 206 0
130 393 0
131 495 0
132 227 0
133 141 0
133 439 0
133 677 0
133 828 0
134 432 0
134 743 0
135 546 0
136 339 0
137 193 0
137 799 0
137 814 0
138 379 0
139 173 0
139 319 0
139 611 0
139 661 0
140 841 0
143 317 0
144 690 0
145 360 0
145 370 0
145 533 0
145 818 0
146 423 0
147 392 0
147 415 0
147 455 0
148 529 0
149 252 0
149 315 0
149 631 0
149 846 0
150 453 0
150 468 0
150 588 0
150 746 0
151 852 0
152 308 0
153 332 0
153 385 0
154 360 0
155 174 0
155 645 0
155 860 0
157 483 0
157 817 0
157 870 0
158 188 0
158 423 0
158 434 0
159 451 0
160 219 0
161 294 0
162 581 0
164 517 0
165 183 0
166 292 0
166 410 0
166 556 0
166 805 0
167 711 0
168 636 0
169 633 0
170 198 0
170 531 0
170 595 0
171 572 0
172 666 0
174 385 0
174 439 0
174 452 0
174 512 0
174 624 0
175 465 0
176 498 0
176 586 0
176 700 0
176 736 0
176 800 0
177 334 0
178 357 0
179 181 0
180 470 0
181 721 0
182 841 0
183 328 0
183 385 0
183 647 0
183 654 0
183 844 0
184 750 0
185 275 0
186 681 0
187 842 0
188 261 0
188 887 0
189 454 0
189 625 0
189 693 0
189 849 0
190 750 0
191 297 0
191 346 0
191 474 0
192 208 0
192 336 0
192 451 0
192 714 0
192 858 0
193 377 0
193 455 0
193 872 0
194 404 0
194 507 0
194 668 0
195 279 0
195 639 0
195 810 0
196 438 0
197 377 0
198 337 0
198 578 0
198 581 0
199 260 0
199 291 0
199 472 0
199 487 0
199 671 0
200 856 0
201 848 0
202 379 0
203 576 0
203 684 0
204 894 0
205 285 0
205 362 0
205 656 0
205 814 0
206 273 0
206 439 0
206 778 0
206 782 0
208 874 0
209 539 0
209 593 0
209 738 0
209 753 0
210 241 0
210 495 0
211 755 0
212 341 0
212 484 0
212 512 0
212 526 0
212 579 0
213 769 0
214 384 0
214 476 0
214 645 0
215 244 0
215 297 0
215 474 0
216 259 0
216 742 0
216 858 0
217 605 0
218 275 0
218 544 0
218 818 0
219 544 0
219 760 0
219 825 0
220 336 0
221 297 0
222 249 0
222 294 0
222 504 0
222 557 0
222 619 0
223 391 0
224 345 0
224 702 0
224 871 0
225 369 0
226 249 0
226 592 0
226 890 0
227 321 0
227 434 0
229 355 0
229 652 0
229 712 0
229 896 0
232 242 0
232 289 0
232 320 0
232 452 0
232 873 0
232 878 0
233 253 0
234 528 0
235 499 0
236 596 0
237 565 0
237 748 0
237 761 0
238 511 0
239 592 0
241 440 0
241 554 0
241 624 0
243 852 0
244 319 0
244 488 0
244 570 0
244 651 0
245 589 0
246 335 0
247 302 0
248 348 0
248 420 0
248 607 0
248 683 0
248 734 0
248 735 0
249 367 0
249 835 0
250 350 0
250 405 0
250 447 0
250 749 0
252 500 0
252 724 0
252 896 0
253 352 0
253 484 0
254 686 0
255 293 0
256 333 0
256 514 0
256 762 0
256 895 0
257 308 0
258 506 0
258 531 0
258 591 0
259 291 0
259 534 0
260 527 0
260 806 0
262 302 0
262 432 0
262 864 0
263 435 0
264 731 0
265 390 0
266 528 0
267 438 0
270 300 0
270 559 0
270 600 0
270 691 0
271 643 0
272 585 0
272 611 0
272 746 0
274 669 0
274 757 0
275 516 0
275 566 0
275 644 0
275 721 0
276 408 0
276 612 0
276 704 0
276 756 0
277 860 0
279 292 0
279 507 0
279 575 0
279 870 0
280 872 0
281 341 0
281 428 0
281 536 0
282 484 0
282 598 0
282 889 0
288 329 0
288 545 0
288 706 0
290 754 0
292 430 0
292 572 0
293 395 0
293 461 0
293 742 0
293 795 0
294 573 0
295 437 0
295 707 0
296 643 0
297 493 0
297 526 0
298 459 0
299 652 0
300 412 0
300 862 0
301 305 0
301 365 0
301 786 0
302 739 0
302 773 0
302 845 0
303 523 0
306 592 0
307 707 0
308 659 0
310 509 0
312 768 0
313 643 0
314 838 0
316 871 0
317 720 0
317 821 0
318 834 0
319 404 0
319 844 0
320 500 0
320 643 0
320 696 0
321 398 0
321 645 0
322 747 0
322 852 0
323 325 0
323 530 0
323 718 0
323 870 0
323 893 0
324 341 0
324 472 0
324 585 0
324 799 0
327 471 0
328 465 0
328 579 0
330 413 0
330 750 0
331 504 0
331 818 0
334 368 0
334 595 0
334 833 0
335 343 0
335 671 0
335 879 0
336 552 0
337 369 0
337 595 0
338 454 0
338 575 0
338 600 0
338 865 0
339 366 0
339 434 0
339 863 0
340 392 0
340 640 0
340 820 0
344 856 0
345 486 0
345 897 0
346 367 0
346 583 0
346 851 0
347 871 0
348 546 0
348 712 0
349 408 0
349 452 0
349 732 0
349 742 0
349 857 0
351 664 0
353 663 0
354 508 0
355 491 0
355 783 0
356 475 0
356 544 0
356 673 0
356 784 0
357 584 0
357 836 0
357 870 0
358 769 0
359 578 0
360 653 0
360 866 0
363 731 0
364 838 0
365 565 0
365 702 0
365 731 0
367 645 0
369 411 0
369 684 0
369 696 0
370 505 0
370 740 0
371 533 0
371 572 0
372 390 0
373 725 0
374 533 0
374 622 0
374 793 0
375 412 0
375 529 0
375 783 0
375 891 0
376 405 0
376 645 0
376 840 0
377 501 0
377 632 0
378 455 0
379 748 0
380 391 0
381 779 0
382 455 0
383 796 0
384 730 0
384 744 0
384 804 0
384 876 0
386 768 0
387 728 0
390 526 0
391 518 0
391 727 0
392 690 0
392 766 0
393 507 0
393 560 0
393 669 0
394 549 0
395 413 0
395 549 0
395 771 0
395 844 0
396 686 0
397 460 0
398 432 0
398 469 0
398 490 0
400 888 0
402 438 0
403 508 0
404 810 0
405 608 0
405 636 0
406 838 0
407 636 0
408 529 0
409 806 0
411 416 0
411 547 0
411 768 0
411 775 0
412 426 0
412 464 0
412 558 0
413 472 0
413 544 0
415 453 0
415 723 0
415 766 0
415 872 0
416 465 0
416 829 0
417 840 0
418 510 0
418 589 0
418 800 0
419 474 0
419 557 0
419 794 0
419 829 0
422 890 0
423 437 0
423 453 0
423 748 0
424 806 0
425 639 0
429 883 0
430 883 0
432 465 0
434 533 0
434 657 0
434 899 0
435 445 0
435 607 0
435 855 0
437 654 0
438 439 0
439 488 0
439 874 0
443 449 0
443 577 0
443 638 0
443 651 0
444 848 0
446 723 0
448 707 0
449 613 0
451 488 0
451 551 0
451 641 0
452 459 0
454 686 0
454 752 0
454 862 0
456 724 0
457 634 0
458 834 0
459 534 0
459 709 0
459 745 0
460 481 0
460 611 0
462 731 0
463 474 0
463 611 0
463 894 0
466 666 0
467 818 0
470 609 0
470 759 0
471 492 0
472 891 0
473 796 0
474 796 0
474 858 0
476 535 0
476 590 0
476 734 0
476 881 0
477 781 0
478 652 0
479 587 0
480 499 0
480 838 0
481 535 0
481 778 0
481 894 0
482 725 0
484 534 0
484 810 0
485 538 0
486 754 0
487 511 0
493 509 0
493 781 0
494 597 0
495 519 0
495 753 0
495 760 0
496 510 0
497 627 0
499 812 0
500 716 0
500 752 0
502 666 0
503 781 0
504 542 0
504 599 0
504 708 0
507 617 0
508 814 0
508 886 0
509 532 0
509 730 0
509 839 0
510 616 0
511 780 0
511 832 0
512 527 0
512 606 0
513 565 0
514 527 0
514 754 0
514 809 0
515 818 0
517 850 0
517 875 0
522 768 0
523 525 0
523 526 0
523 819 0
524 617 0
526 566 0
527 789 0
528 670 0
528 814 0
529 615 0
530 842 0
530 894 0
531 723 0
531 779 0
533 734 0
533 799 0
535 692 0
536 715 0
537 658 0
537 694 0
537 720 0
538 618 0
538 637 0
538 736 0
538 767 0
541 546 0
543 771 0
544 643 0
546 611 0
546 626 0
547 771 0
547 890 0
548 549 0
548 890 0
549 797 0
550 577 0
552 724 0
553 617 0
555 757 0
561 883 0
562 638 0
563 779 0
564 697 0
565 644 0
566 638 0
567 761 0
569 645 0
571 864 0
572 676 0
574 652 0
575 606 0
577 752 0
577 882 0
578 695 0
578 792 0
579 619 0
580 617 0
581 687 0
582 589 0
585 896 0
587 603 0
587 688 0
587 865 0
589 637 0
589 873 0
592 816 0
594 775 0
595 663 0
595 806 0
596 737 0
596 760 0
597 614 0
597 720 0
600 605 0
600 894 0
602 809 0
604 664 0
605 751 0
605 802 0
607 842 0
608 730 0
610 859 0
619 790 0
619 808 0
622 837 0
622 867 0
623 894 0
624 761 0
624 859 0
626 834 0
627 691 0
627 765 0
627 789 0
627 885 0
628 771 0
629 723 0
630 663 0
633 674 0
633 746 0
633 778 0
634 800 0
634 900 0
636 675 0
637 664 0
637 747 0
639 746 0
639 801 0
642 859 0
648 724 0
649 810 0
651 814 0
652 895 0
654 834 0
654 858 0
655 872 0
657 793 0
661 844 0
662 728 0
663 699 0
664 742 0
665 810 0
666 895 0
671 690 0
672 864 0
678 890 0
679 899 0
680 723 0
681 736 0
681 747 0
685 725 0
689 771 0
690 777 0
692 843 0
697 710 0
697 778 0
697 789 0
702 799 0
705 712 0
707 829 0
707 884 0
711 791 0
711 824 0
711 881 0
712 747 0
712 785 0
714 741 0
714 764 0
714 874 0
714 898 0
715 726 0
715 772 0
715 808 0
717 769 0
719 859 0
720 896 0
722 899 0
724 847 0
728 789 0
728 874 0
729 761 0
733 835 0
733 858 0
742 766 0
748 827 0
748 852 0
754 788 0
755 766 0
757 803 0
757 815 0
758 860 0
759 827 0
761 807 0
763 862 0
774 793 0
775 827 0
775 853 0
779 823 0
781 845 0
793 798 0
800 829 0
809 830 0
814 873 0
840 881 0
842 877 0
845 888 0
852 869 0
854 899 0
862 868 0
881 891 0
