900 944 0
1 35 0
2 310 0
2 665 0
2 690 0
2 700 0
3 576 0
4 398 0
5 33 0
5 146 0
5 350 0
5 561 0
5 608 0
6 172 0
7 146 0
8 35 0
9 448 0
10 813 0
11 283 0
11 407 0
11 605 0
11 858 0
12 516 0
13 146 0
14 502 0
15 786 0
16 862 0
17 218 0
18 814 0
19 622 0
20 160 0
20 297 0
20 427 0
20 637 0
21 671 0
22 654 0
23 442 0
24 258 0
24 328 0
24 640 0
25 285 0
25 406 0
25 794 0
25 798 0
26 90 0
26 130 0
26 307 0
26 811 0
27 238 0
28 252 0
29 744 0
30 870 0
31 742 0
32 498 0
32 522 0
32 668 0
32 714 0
33 95 0
33 120 0
33 451 0
34 138 0
35 302 0
35 378 0
36 111 0
37 152 0
38 114 0
38 220 0
38 370 0
38 467 0
39 403 0
40 170 0
40 236 0
40 285 0
40 647 0
41 68 0
42 424 0
42 498 0
42 820 0
43 209 0
44 49 0
45 96 0
46 180 0
46 614 0
46 759 0
46 888 0
47 60 0
48 370 0
48 488 0
48 704 0
49 156 0
49 400 0
49 693 0
50 66 0
50 134 0
50 226 0
50 249 0
50 379 0
51 729 0
52 200 0
53 431 0
53 571 0
53 611 0
53 861 0
54 409 0
55 291 0
55 466 0
55 529 0
55 764 0
56 680 0
57 309 0
58 365 0
59 211 0
60 154 0
60 322 0
60 691 0
61 157 0
61 513 0
61 793 0
61 893 0
62 744 0
63 202 0
63 660 0
63 809 0
63 891 0
64 314 0
64 543 0
64 831 0
64 841 0
65 173 0
65 299 0
65 338 0
65 737 0
67 216 0
68 132 0
68 352 0
68 427 0
69 290 0
69 499 0
69 501 0
69 862 0
70 133 0
70 223 0
70 543 0
70 557 0
71 317 0
72 164 0
73 515 0
73 768 0
73 792 0
73 889 0
74 100 0
74 593 0
74 683 0
74 752 0
75 152 0
75 334 0
75 363 0
75 775 0
76 163 0
76 643 0
76 693 0
76 763 0
77 203 0
78 480 0
79 676 0
80 119 0
80 514 0
80 517 0
80 547 0
81 599 0
82 814 0
83 649 0
84 137 0
84 542 0
84 545 0
85 671 0
86 359 0
87 741 0
88 420 0
89 127 0
91 761 0
92 699 0
93 130 0
93 295 0
93 818 0
93 878 0
94 243 0
94 582 0
94 588 0
96 150 0
96 543 0
96 565 0
97 448 0
98 392 0
99 112 0
99 276 0
99 345 0
99 375 0
101 354 0
102 293 0
102 298 0
102 384 0
102 718 0
103 109 0
104 117 0
105 832 0
106 386 0
106 735 0
106 806 0
106 825 0
107 485 0
108 214 0
109 121 0
109 342 0
109 387 0
110 164 0
111 388 0
111 585 0
111 853 0
113 560 0
115 588 0
116 424 0
116 432 0
116 608 0
116 725 0
117 474 0
117 495 0
117 691 0
118 226 0
118 235 0
118 367 0
118 650 0
122 344 0
123 869 0
124 318 0
125 213 0
125 247 0
125 580 0
125 748 0
126 382 0
127 331 0
127 412 0
127 453 0
127 458 0
128 609 0
129 179 0
129 414 0
129 458 0
129 885 0
130 278 0
130 569 0
130 579 0
130 587 0
131 165 0
135 755 0
136 599 0
137 354 0
137 659 0
137 725 0
137 786 0
138 329 0
138 366 0
138 429 0
139 417 0
140 234 0
141 218 0
142 354 0
143 216 0
144 201 0
144 453 0
144 543 0
144 784 0
144 791 0
145 417 0
146 534 0
147 601 0
148 201 0
148 332 0
148 396 0
148 706 0
149 899 0
151 673 0
152 596 0
152 886 0
153 797 0
155 446 0
155 656 0
155 772 0
155 812 0
157 286 0
157 417 0
157 502 0
158 510 0
159 206 0
161 212 0
161 499 0
161 503 0
161 544 0
162 603 0
164 364 0
164 630 0
165 263 0
165 515 0
165 810 0
166 290 0
167 262 0
168 350 0
169 284 0
169 319 0
169 438 0
169 759 0
169 872 0
171 654 0
172 303 0
172 445 0
172 461 0
174 548 0
175 883 0
176 701 0
177 425 0
178 884 0
181 349 0
181 623 0
181 718 0
181 749 0
182 587 0
182 692 0
182 794 0
182 843 0
183 799 0
184 734 0
185 335 0
186 257 0
186 567 0
186 627 0
186 842 0
187 579 0
188 659 0
189 481 0
190 490 0
190 538 0
190 556 0
190 803 0
191 844 0
192 551 0
193 742 0
194 410 0
195 239 0
195 325 0
195 414 0
195 434 0
195 581 0
196 601 0
197 576 0
198 603 0
199 636 0
200 489 0
200 631 0
200 733 0
201 408 0
201 837 0
203 249 0
203 269 0
203 294 0
203 389 0
204 729 0
205 248 0
205 418 0
205 470 0
205 805 0
206 221 0
206 364 0
206 773 0
207 558 0
208 417 0
209 402 0
209 506 0
209 514 0
210 257 0
210 309 0
210 342 0
210 530 0
211 342 0
211 450 0
211 632 0
212 355 0
212 628 0
212 679 0
214 563 0
214 589 0
214 683 0
215 501 0
216 577 0
216 613 0
217 480 0
218 260 0
218 670 0
219 488 0
222 870 0
224 757 0
225 426 0
226 337 0
226 548 0
227 503 0
228 546 0
229 673 0
230 356 0
230 479 0
230 528 0
230 567 0
231 481 0
232 654 0
233 337 0
233 363 0
233 769 0
233 820 0
234 253 0
234 457 0
234 562 0
234 809 0
237 680 0
238 249 0
238 333 0
238 505 0
240 309 0
241 304 0
242 258 0
243 305 0
243 584 0
243 606 0
244 734 0
245 544 0
246 347 0
250 875 0
251 273 0
251 301 0
251 306 0
251 709 0
252 370 0
252 815 0
252 839 0
254 875 0
255 582 0
256 856 0
258 522 0
258 796 0
258 868 0
259 419 0
261 582 0
262 437 0
262 631 0
262 727 0
264 551 0
265 797 0
266 419 0
267 502 0
267 594 0
267 869 0
268 799 0
269 382 0
269 539 0
269 542 0
270 306 0
271 394 0
272 879 0
273 388 0
273 405 0
273 594 0
274 442 0
275 525 0
276 401 0
276 472 0
276 797 0
277 654 0
277 691 0
277 777 0
278 588 0
278 736 0
279 512 0
280 731 0
281 420 0
282 516 0
283 363 0
283 601 0
283 649 0
285 576 0
285 762 0
286 338 0
286 431 0
286 494 0
286 594 0
287 761 0
288 869 0
289 761 0
290 669 0
290 717 0
292 542 0
296 383 0
296 419 0
296 676 0
296 875 0
300 394 0
301 559 0
301 678 0
301 719 0
304 351 0
304 514 0
304 871 0
306 573 0
306 684 0
308 469 0
309 378 0
309 455 0
311 697 0
311 736 0
311 816 0
311 869 0
312 512 0
313 421 0
313 764 0
313 833 0
313 892 0
315 510 0
316 649 0
317 388 0
317 492 0
317 770 0
318 323 0
318 791 0
318 865 0
319 558 0
319 681 0
320 879 0
321 710 0
324 709 0
326 328 0
327 564 0
328 369 0
328 683 0
329 546 0
329 574 0
329 710 0
330 485 0
332 681 0
332 809 0
333 510 0
333 569 0
333 701 0
334 362 0
334 689 0
334 860 0
335 338 0
335 441 0
335 572 0
336 436 0
336 681 0
336 687 0
336 725 0
337 378 0
337 514 0
338 742 0
339 545 0
340 442 0
341 897 0
342 462 0
342 780 0
343 804 0
344 364 0
344 705 0
344 866 0
346 546 0
347 521 0
347 570 0
347 807 0
348 398 0
348 432 0
348 622 0
348 832 0
350 800 0
350 840 0
353 837 0
354 486 0
357 837 0
358 816 0
359 407 0
359 452 0
359 655 0
359 688 0
360 472 0
361 481 0
363 691 0
364 608 0
365 482 0
365 612 0
365 829 0
368 814 0
370 758 0
370 802 0
371 373 0
372 852 0
373 380 0
373 427 0
373 449 0
374 598 0
376 434 0
376 553 0
376 696 0
376 738 0
377 751 0
378 402 0
378 731 0
381 484 0
381 566 0
381 690 0
381 854 0
382 468 0
382 591 0
383 406 0
383 759 0
383 812 0
385 560 0
388 751 0
390 401 0
390 424 0
390 462 0
390 499 0
391 609 0
392 532 0
392 691 0
392 760 0
393 743 0
394 748 0
394 787 0
395 491 0
397 512 0
398 586 0
398 672 0
399 599 0
401 427 0
401 809 0
402 463 0
403 494 0
403 497 0
403 518 0
404 799 0
405 732 0
405 824 0
405 870 0
406 730 0
406 820 0
407 674 0
408 507 0
408 642 0
408 679 0
408 857 0
409 443 0
409 463 0
409 847 0
410 682 0
410 805 0
410 896 0
411 436 0
413 558 0
413 769 0
413 844 0
413 856 0
414 462 0
415 699 0
416 649 0
419 447 0
420 690 0
420 851 0
422 428 0
423 622 0
424 784 0
425 577 0
425 592 0
425 745 0
426 471 0
426 646 0
426 670 0
428 458 0
428 465 0
428 663 0
430 816 0
431 621 0
431 879 0
432 764 0
432 805 0
433 659 0
434 636 0
434 758 0
435 709 0
436 537 0
436 823 0
439 681 0
440 780 0
442 522 0
444 460 0
444 500 0
444 641 0
444 782 0
448 620 0
448 670 0
453 588 0
454 830 0
456 862 0
457 522 0
457 588 0
458 499 0
459 777 0
461 574 0
461 671 0
461 755 0
462 463 0
462 690 0
463 830 0
463 883 0
464 704 0
469 500 0
469 554 0
469 715 0
472 527 0
472 648 0
473 729 0
475 622 0
476 503 0
477 530 0
478 731 0
480 538 0
480 750 0
481 714 0
483 545 0
485 688 0
485 723 0
487 844 0
488 561 0
488 635 0
488 720 0
488 764 0
491 538 0
491 850 0
491 863 0
493 671 0
494 741 0
496 558 0
498 569 0
498 594 0
500 594 0
500 884 0
501 626 0
501 695 0
502 662 0
502 698 0
503 528 0
503 724 0
504 701 0
508 830 0
509 895 0
510 867 0
511 870 0
512 807 0
515 516 0
515 574 0
516 675 0
518 588 0
518 849 0
518 899 0
519 598 0
520 762 0
522 895 0
523 603 0
524 757 0
525 779 0
525 785 0
525 798 0
526 781 0
528 539 0
530 688 0
530 754 0
531 802 0
533 743 0
535 897 0
536 636 0
538 569 0
539 666 0
539 674 0
539 693 0
540 780 0
541 813 0
542 767 0
544 604 0
544 783 0
545 686 0
545 794 0
546 597 0
548 822 0
548 882 0
549 879 0
550 576 0
551 653 0
551 668 0
552 742 0
555 564 0
558 848 0
560 631 0
560 645 0
561 837 0
564 617 0
564 798 0
567 673 0
567 769 0
568 736 0
574 666 0
575 881 0
577 730 0
577 734 0
578 731 0
579 739 0
579 898 0
582 778 0
582 812 0
583 736 0
584 744 0
584 777 0
584 849 0
587 744 0
590 734 0
595 884 0
598 713 0
598 794 0
599 693 0
600 899 0
601 826 0
602 710 0
603 805 0
607 751 0
608 718 0
609 771 0
609 807 0
610 751 0
612 729 0
612 741 0
612 849 0
615 674 0
615 766 0
615 819 0
615 835 0
616 701 0
618 741 0
619 781 0
621 633 0
621 638 0
621 702 0
624 762 0
625 659 0
629 755 0
631 697 0
634 709 0
636 703 0
639 881 0
640 798 0
640 827 0
640 828 0
640 834 0
644 895 0
651 832 0
652 757 0
654 791 0
657 884 0
658 852 0
661 881 0
664 802 0
666 820 0
666 849 0
667 899 0
668 757 0
668 799 0
670 730 0
673 790 0
674 699 0
674 852 0
676 685 0
676 894 0
677 883 0
679 883 0
680 825 0
680 838 0
681 712 0
683 730 0
687 707 0
687 708 0
687 733 0
687 765 0
688 725 0
694 775 0
697 784 0
697 825 0
699 876 0
704 718 0
704 874 0
710 722 0
711 777 0
714 781 0
714 804 0
716 775 0
721 786 0
726 804 0
728 856 0
733 814 0
740 775 0
741 877 0
743 789 0
743 809 0
744 873 0
746 786 0
747 897 0
748 758 0
748 761 0
753 830 0
755 864 0
756 875 0
758 784 0
759 897 0
762 845 0
769 807 0
774 802 0
776 813 0
780 821 0
781 808 0
788 804 0
791 813 0
795 862 0
797 887 0
801 883 0
812 814 0
816 859 0
817 852 0
824 836 0
824 855 0
825 881 0
832 890 0
844 846 0
856 880 0
895 900 0
