400 519 0
1 6 0
1 58 0
1 79 0
1 158 0
1 176 0
2 262 0
3 90 0
3 113 0
3 155 0
4 40 0
4 289 0
4 364 0
4 381 0
5 101 0
5 117 0
5 193 0
5 321 0
6 351 0
7 169 0
7 257 0
7 296 0
7 315 0
8 219 0
9 133 0
9 198 0
9 285 0
9 373 0
9 377 0
10 163 0
10 363 0
11 277 0
12 48 0
12 126 0
12 208 0
12 260 0
13 27 0
13 189 0
14 36 0
14 306 0
14 376 0
15 237 0
16 55 0
16 174 0
17 118 0
17 148 0
18 342 0
19 224 0
20 105 0
20 156 0
20 328 0
20 378 0
20 396 0
21 166 0
21 264 0
21 269 0
21 280 0
21 346 0
22 227 0
22 348 0
23 110 0
23 129 0
23 157 0
23 248 0
24 363 0
25 154 0
25 215 0
25 240 0
25 318 0
26 82 0
26 94 0
26 112 0
26 324 0
27 55 0
28 39 0
28 312 0
29 52 0
29 86 0
29 183 0
29 298 0
30 33 0
30 183 0
30 227 0
30 243 0
30 346 0
30 373 0
31 117 0
31 188 0
31 190 0
31 247 0
32 305 0
32 345 0
32 374 0
33 135 0
33 340 0
34 102 0
34 319 0
35 73 0
35 191 0
35 247 0
35 351 0
36 69 0
36 91 0
36 258 0
36 262 0
36 271 0
36 374 0
37 395 0
38 67 0
38 99 0
38 157 0
38 234 0
38 347 0
38 359 0
39 122 0
39 304 0
39 325 0
40 129 0
41 348 0
42 336 0
43 49 0
43 62 0
43 301 0
43 329 0
44 50 0
44 176 0
44 195 0
44 379 0
45 262 0
46 140 0
47 277 0
48 138 0
49 366 0
50 137 0
50 165 0
50 177 0
50 367 0
51 101 0
52 275 0
52 352 0
52 376 0
53 59 0
53 74 0
53 137 0
53 333 0
53 393 0
54 199 0
55 274 0
55 389 0
56 185 0
57 112 0
57 118 0
57 140 0
57 183 0
57 288 0
59 96 0
59 194 0
59 366 0
60 222 0
61 111 0
61 131 0
61 206 0
61 284 0
63 325 0
63 395 0
64 98 0
64 116 0
64 207 0
64 249 0
64 255 0
64 256 0
65 326 0
65 369 0
66 193 0
66 205 0
67 106 0
68 133 0
68 180 0
68 272 0
68 343 0
70 171 0
71 84 0
71 324 0
72 73 0
73 183 0
73 365 0
73 399 0
75 390 0
76 363 0
77 306 0
78 282 0
79 196 0
80 395 0
81 301 0
81 305 0
81 354 0
82 172 0
82 181 0
82 254 0
82 316 0
83 101 0
84 99 0
84 198 0
84 323 0
84 392 0
85 121 0
85 133 0
85 158 0
85 192 0
87 132 0
87 151 0
87 259 0
87 389 0
88 390 0
89 151 0
89 167 0
89 321 0
90 127 0
90 315 0
90 371 0
91 226 0
92 183 0
92 276 0
92 323 0
92 349 0
93 376 0
94 113 0
94 159 0
94 314 0
95 143 0
95 260 0
95 301 0
95 340 0
96 102 0
96 155 0
96 197 0
96 210 0
97 130 0
99 256 0
99 324 0
100 282 0
101 164 0
101 165 0
103 168 0
104 140 0
105 179 0
105 191 0
105 230 0
105 311 0
105 327 0
105 384 0
106 321 0
106 373 0
107 360 0
108 222 0
109 300 0
112 129 0
112 340 0
114 361 0
115 319 0
116 354 0
117 156 0
117 389 0
118 152 0
118 267 0
118 335 0
118 337 0
119 265 0
119 284 0
119 286 0
119 310 0
120 148 0
120 189 0
120 400 0
121 162 0
121 190 0
121 322 0
122 130 0
122 162 0
122 368 0
122 387 0
123 394 0
124 164 0
124 172 0
124 179 0
124 275 0
124 373 0
125 194 0
125 324 0
128 253 0
129 345 0
129 376 0
130 238 0
130 379 0
132 177 0
133 348 0
134 291 0
135 291 0
136 143 0
136 287 0
136 295 0
136 375 0
137 322 0
137 369 0
137 394 0
138 183 0
138 207 0
138 340 0
138 381 0
139 279 0
139 377 0
140 229 0
141 392 0
142 183 0
142 187 0
142 195 0
142 211 0
142 292 0
142 381 0
143 168 0
143 191 0
143 392 0
144 245 0
145 187 0
145 230 0
145 397 0
146 348 0
147 306 0
147 342 0
147 360 0
147 366 0
148 185 0
149 313 0
150 224 0
151 255 0
152 191 0
153 290 0
155 297 0
156 222 0
156 291 0
157 173 0
158 206 0
158 224 0
158 279 0
160 194 0
160 215 0
161 351 0
162 179 0
162 240 0
163 187 0
163 353 0
164 279 0
167 297 0
168 175 0
168 382 0
170 226 0
171 230 0
171 231 0
171 284 0
172 237 0
172 279 0
173 251 0
173 360 0
174 369 0
174 398 0
178 209 0
178 319 0
179 202 0
180 394 0
182 280 0
182 308 0
184 232 0
184 240 0
184 268 0
184 352 0
185 192 0
185 212 0
185 383 0
186 372 0
187 218 0
187 388 0
188 256 0
188 271 0
188 284 0
188 366 0
189 283 0
189 347 0
190 304 0
190 340 0
191 261 0
191 355 0
192 226 0
192 277 0
193 246 0
193 365 0
193 370 0
194 335 0
194 400 0
196 300 0
199 207 0
199 216 0
199 250 0
200 261 0
200 280 0
201 306 0
202 256 0
202 265 0
202 338 0
202 366 0
202 380 0
202 398 0
203 222 0
204 324 0
205 282 0
207 237 0
207 349 0
209 342 0
212 343 0
213 294 0
214 345 0
215 304 0
217 288 0
218 271 0
218 294 0
218 300 0
219 220 0
219 303 0
219 380 0
221 390 0
223 236 0
223 321 0
224 391 0
225 288 0
226 242 0
228 385 0
233 372 0
234 394 0
235 291 0
235 303 0
236 306 0
237 299 0
237 330 0
239 361 0
240 297 0
241 354 0
242 315 0
243 381 0
244 313 0
244 373 0
245 270 0
245 271 0
245 307 0
247 303 0
247 347 0
251 342 0
252 345 0
253 303 0
253 344 0
253 351 0
253 357 0
260 335 0
260 361 0
260 363 0
262 264 0
262 383 0
263 376 0
264 322 0
264 395 0
266 368 0
270 342 0
273 351 0
277 326 0
278 372 0
279 341 0
279 353 0
280 305 0
280 389 0
281 368 0
282 303 0
285 392 0
287 332 0
288 293 0
290 317 0
290 334 0
290 397 0
292 376 0
294 350 0
294 362 0
295 380 0
296 335 0
297 339 0
300 302 0
301 336 0
301 354 0
306 316 0
308 385 0
309 336 0
309 357 0
312 336 0
313 332 0
313 347 0
315 322 0
315 372 0
315 400 0
319 334 0
320 368 0
322 344 0
323 340 0
329 364 0
331 385 0
334 366 0
334 390 0
341 350 0
356 361 0
358 369 0
359 389 0
360 387 0
362 383 0
381 385 0
386 394 0
