200 312 0
1 78 0
1 85 0
1 105 0
1 120 0
2 33 0
2 102 0
2 143 0
2 195 0
3 86 0
3 170 0
4 87 0
4 129 0
5 62 0
5 107 0
5 124 0
5 191 0
6 109 0
7 162 0
8 76 0
8 151 0
9 28 0
9 53 0
9 147 0
10 30 0
10 129 0
10 150 0
10 156 0
10 159 0
10 168 0
10 182 0
11 177 0
11 190 0
12 56 0
12 76 0
12 96 0
12 104 0
12 122 0
12 134 0
12 177 0
13 47 0
13 121 0
13 124 0
13 182 0
13 199 0
14 17 0
14 45 0
14 197 0
15 23 0
15 37 0
16 42 0
17 83 0
17 116 0
17 164 0
17 188 0
18 127 0
19 86 0
19 142 0
20 126 0
20 159 0
21 77 0
21 110 0
21 137 0
21 146 0
21 177 0
21 190 0
22 105 0
22 128 0
22 130 0
22 184 0
23 179 0
23 186 0
24 45 0
24 67 0
24 76 0
24 92 0
24 152 0
25 125 0
25 130 0
26 54 0
26 98 0
26 134 0
26 185 0
26 194 0
27 65 0
27 122 0
28 57 0
28 93 0
28 151 0
28 155 0
29 82 0
29 83 0
29 180 0
30 127 0
31 33 0
31 95 0
32 43 0
32 122 0
32 157 0
32 161 0
32 177 0
32 196 0
33 93 0
33 153 0
33 154 0
34 36 0
34 154 0
35 42 0
36 95 0
36 146 0
37 49 0
37 71 0
37 84 0
37 117 0
37 146 0
37 182 0
37 196 0
38 126 0
39 50 0
39 59 0
39 63 0
39 77 0
39 88 0
39 100 0
39 198 0
40 75 0
40 161 0
41 135 0
42 49 0
42 61 0
42 68 0
42 97 0
42 183 0
44 55 0
44 105 0
45 66 0
45 74 0
45 148 0
45 168 0
46 137 0
46 141 0
46 142 0
46 179 0
46 184 0
48 186 0
49 93 0
49 97 0
49 176 0
51 118 0
52 109 0
53 146 0
54 181 0
55 61 0
55 74 0
55 82 0
55 100 0
55 145 0
55 185 0
56 63 0
56 81 0
56 93 0
57 79 0
57 149 0
57 167 0
58 87 0
59 185 0
59 197 0
60 91 0
60 116 0
62 161 0
62 193 0
63 64 0
63 100 0
63 124 0
64 86 0
64 95 0
64 118 0
65 122 0
65 139 0
65 175 0
65 187 0
68 119 0
69 135 0
70 115 0
71 194 0
72 170 0
72 171 0
73 131 0
73 146 0
74 142 0
75 87 0
75 126 0
75 161 0
75 192 0
76 109 0
76 135 0
77 112 0
77 118 0
77 125 0
77 155 0
77 159 0
78 133 0
78 151 0
78 170 0
78 192 0
79 174 0
80 136 0
80 142 0
80 195 0
81 87 0
81 137 0
81 192 0
82 176 0
83 180 0
84 112 0
85 88 0
86 172 0
87 169 0
88 92 0
88 109 0
89 153 0
90 106 0
90 162 0
91 181 0
91 184 0
93 190 0
94 115 0
94 164 0
95 101 0
95 153 0
95 171 0
96 136 0
96 188 0
97 154 0
99 137 0
99 146 0
99 163 0
100 130 0
100 160 0
101 180 0
103 176 0
104 150 0
104 154 0
105 170 0
106 116 0
106 127 0
106 137 0
106 186 0
108 116 0
110 142 0
110 195 0
111 127 0
113 190 0
114 141 0
115 168 0
115 178 0
117 148 0
118 119 0
118 173 0
118 198 0
119 121 0
119 129 0
121 188 0
122 165 0
122 180 0
123 127 0
124 162 0
126 179 0
128 151 0
128 175 0
129 186 0
130 159 0
131 140 0
131 142 0
131 163 0
132 190 0
133 138 0
133 163 0
133 200 0
134 136 0
134 194 0
135 175 0
136 148 0
136 157 0
136 158 0
137 156 0
137 179 0
138 192 0
139 152 0
140 161 0
141 174 0
141 181 0
144 153 0
151 177 0
151 183 0
152 157 0
152 161 0
153 197 0
157 170 0
160 184 0
161 164 0
162 199 0
163 171 0
165 184 0
166 194 0
168 170 0
168 192 0
169 180 0
170 193 0
171 200 0
176 189 0
183 188 0
188 194 0
