200 267 0
1 54 0
1 60 0
1 83 0
1 159 0
2 10 0
2 40 0
3 44 0
3 99 0
3 179 0
4 74 0
4 82 0
4 111 0
4 117 0
4 173 0
5 30 0
5 40 0
5 158 0
5 164 0
5 199 0
6 26 0
6 40 0
6 47 0
6 131 0
7 106 0
7 111 0
7 115 0
7 126 0
7 176 0
8 16 0
8 42 0
8 113 0
8 171 0
9 104 0
9 139 0
9 159 0
10 19 0
10 32 0
10 172 0
11 34 0
11 36 0
12 37 0
12 58 0
12 143 0
12 148 0
13 31 0
14 19 0
14 50 0
14 151 0
14 152 0
14 186 0
14 198 0
15 51 0
17 85 0
17 112 0
17 123 0
17 155 0
17 199 0
18 81 0
18 159 0
19 31 0
19 55 0
19 64 0
20 147 0
21 31 0
21 140 0
22 56 0
22 61 0
22 118 0
22 162 0
23 72 0
24 101 0
24 175 0
25 182 0
26 69 0
26 129 0
26 131 0
27 83 0
28 96 0
29 59 0
29 60 0
31 52 0
31 133 0
31 166 0
33 83 0
34 78 0
34 114 0
34 116 0
34 117 0
35 73 0
35 85 0
35 113 0
35 172 0
36 58 0
36 84 0
36 92 0
36 154 0
37 46 0
37 56 0
37 141 0
37 161 0
37 165 0
38 44 0
38 67 0
38 70 0
39 98 0
39 147 0
39 186 0
41 74 0
41 199 0
42 48 0
43 51 0
43 91 0
43 114 0
43 157 0
43 183 0
44 131 0
44 150 0
45 59 0
46 77 0
46 110 0
46 170 0
46 187 0
47 56 0
47 112 0
47 177 0
47 184 0
48 176 0
49 75 0
49 145 0
49 146 0
49 148 0
49 169 0
49 200 0
51 70 0
51 192 0
52 107 0
52 178 0
53 59 0
53 197 0
54 75 0
54 78 0
54 131 0
54 133 0
55 100 0
55 103 0
55 196 0
56 64 0
56 68 0
57 60 0
57 192 0
58 147 0
58 173 0
59 75 0
59 105 0
59 119 0
60 125 0
62 183 0
63 175 0
64 78 0
64 111 0
65 92 0
65 132 0
66 140 0
67 107 0
67 158 0
68 96 0
70 79 0
71 181 0
72 86 0
72 138 0
72 169 0
73 185 0
73 197 0
73 198 0
74 157 0
74 194 0
75 78 0
75 97 0
75 176 0
76 173 0
79 88 0
79 102 0
79 131 0
79 136 0
80 91 0
80 177 0
81 182 0
82 98 0
83 89 0
83 172 0
84 200 0
87 143 0
90 160 0
91 93 0
91 104 0
92 110 0
94 158 0
95 96 0
95 114 0
95 147 0
95 160 0
96 195 0
97 99 0
97 109 0
97 121 0
101 110 0
101 168 0
101 180 0
107 176 0
108 175 0
110 117 0
110 132 0
111 140 0
111 181 0
114 154 0
116 169 0
116 198 0
116 199 0
117 122 0
117 171 0
119 147 0
120 158 0
121 140 0
122 182 0
123 127 0
124 181 0
126 179 0
127 132 0
128 164 0
128 188 0
130 143 0
132 179 0
133 159 0
133 191 0
134 178 0
135 140 0
137 175 0
138 155 0
139 188 0
142 173 0
143 171 0
143 180 0
144 183 0
148 160 0
149 162 0
149 178 0
151 160 0
151 165 0
153 159 0
154 175 0
154 190 0
156 181 0
158 199 0
160 195 0
163 183 0
167 190 0
169 188 0
171 182 0
174 176 0
178 183 0
178 198 0
184 192 0
188 193 0
188 200 0
189 190 0
190 191 0
190 197 0
