400 459 0
1 14 0
1 190 0
1 206 0
1 339 0
2 7 0
2 81 0
2 153 0
2 182 0
3 186 0
3 316 0
4 109 0
5 48 0
5 195 0
5 273 0
5 341 0
6 331 0
7 51 0
7 79 0
7 355 0
8 111 0
9 75 0
9 76 0
9 250 0
9 286 0
9 364 0
10 19 0
10 113 0
10 167 0
10 248 0
11 102 0
11 178 0
12 386 0
13 387 0
14 357 0
15 297 0
16 108 0
16 254 0
16 263 0
16 289 0
17 353 0
18 82 0
19 154 0
19 374 0
19 382 0
20 141 0
20 142 0
20 259 0
20 367 0
21 189 0
21 341 0
21 356 0
21 371 0
22 91 0
22 92 0
22 208 0
22 234 0
22 310 0
23 380 0
24 124 0
24 205 0
24 241 0
24 260 0
24 325 0
25 74 0
25 151 0
25 169 0
25 296 0
26 119 0
26 278 0
26 323 0
26 350 0
27 59 0
27 151 0
27 320 0
27 384 0
28 205 0
28 346 0
29 366 0
30 35 0
30 80 0
30 336 0
30 381 0
31 397 0
32 222 0
32 232 0
32 321 0
32 324 0
33 167 0
34 131 0
34 187 0
34 216 0
34 248 0
35 40 0
35 150 0
35 389 0
36 171 0
37 211 0
38 39 0
38 84 0
39 300 0
40 46 0
40 303 0
40 348 0
41 171 0
42 183 0
43 197 0
44 245 0
45 60 0
45 121 0
45 131 0
45 159 0
45 230 0
47 87 0
47 175 0
47 205 0
47 281 0
48 293 0
49 132 0
50 302 0
51 121 0
51 268 0
51 400 0
52 149 0
53 122 0
53 207 0
53 280 0
53 283 0
54 133 0
54 142 0
54 209 0
54 341 0
54 379 0
55 107 0
55 117 0
55 151 0
55 210 0
55 381 0
56 62 0
57 70 0
58 150 0
59 78 0
59 154 0
59 194 0
59 383 0
60 165 0
60 277 0
60 360 0
61 111 0
61 263 0
62 93 0
62 324 0
62 375 0
63 193 0
64 67 0
64 179 0
64 230 0
64 352 0
65 388 0
66 221 0
66 233 0
66 287 0
66 337 0
66 350 0
68 114 0
68 224 0
68 264 0
69 121 0
69 199 0
69 224 0
69 255 0
69 300 0
69 341 0
70 138 0
70 168 0
70 217 0
70 257 0
71 110 0
71 261 0
72 83 0
73 88 0
77 178 0
78 214 0
78 219 0
78 290 0
78 382 0
79 204 0
79 282 0
79 357 0
82 176 0
82 180 0
82 267 0
83 129 0
83 145 0
83 199 0
83 313 0
84 133 0
84 265 0
84 323 0
84 370 0
85 167 0
86 261 0
86 282 0
87 321 0
88 116 0
88 139 0
88 323 0
89 366 0
90 305 0
91 213 0
94 143 0
95 294 0
96 218 0
96 243 0
97 149 0
98 205 0
98 338 0
98 359 0
98 377 0
99 166 0
100 225 0
101 110 0
101 231 0
101 309 0
101 320 0
101 345 0
102 194 0
103 145 0
103 256 0
104 283 0
104 291 0
104 372 0
104 399 0
105 386 0
106 183 0
108 138 0
108 145 0
108 166 0
109 272 0
109 328 0
109 400 0
111 190 0
111 365 0
112 306 0
113 235 0
113 322 0
113 351 0
114 161 0
114 241 0
114 378 0
114 400 0
115 126 0
115 180 0
115 205 0
115 384 0
118 213 0
120 128 0
120 256 0
120 308 0
120 388 0
120 395 0
121 187 0
123 194 0
124 330 0
125 165 0
126 193 0
126 323 0
126 331 0
126 397 0
127 143 0
127 197 0
127 244 0
127 385 0
130 305 0
130 379 0
131 138 0
131 244 0
131 337 0
132 148 0
132 190 0
132 226 0
133 152 0
133 292 0
134 245 0
135 279 0
136 183 0
136 243 0
137 392 0
138 315 0
140 355 0
143 247 0
143 349 0
144 242 0
145 215 0
145 249 0
146 225 0
147 314 0
148 394 0
149 158 0
149 268 0
150 251 0
150 269 0
151 300 0
152 316 0
154 298 0
155 387 0
156 380 0
157 281 0
157 354 0
159 178 0
159 242 0
159 245 0
159 280 0
160 360 0
162 211 0
163 299 0
164 346 0
165 342 0
165 398 0
166 227 0
166 368 0
167 361 0
168 237 0
168 286 0
168 288 0
168 376 0
170 299 0
171 180 0
171 192 0
172 316 0
173 302 0
174 213 0
177 193 0
178 188 0
180 366 0
181 197 0
181 259 0
183 283 0
184 242 0
185 243 0
186 383 0
187 384 0
189 395 0
190 216 0
191 355 0
193 203 0
194 343 0
195 312 0
196 388 0
197 260 0
198 250 0
198 360 0
199 311 0
199 380 0
200 353 0
201 277 0
202 235 0
202 383 0
205 352 0
211 253 0
211 286 0
212 353 0
213 320 0
216 324 0
216 367 0
218 236 0
218 274 0
218 337 0
220 311 0
223 397 0
224 306 0
225 284 0
225 367 0
228 279 0
229 261 0
230 249 0
230 297 0
230 346 0
233 280 0
234 353 0
234 388 0
234 389 0
235 339 0
238 297 0
239 315 0
240 319 0
240 334 0
240 363 0
240 396 0
242 318 0
242 320 0
243 255 0
243 258 0
243 276 0
244 283 0
244 308 0
245 317 0
246 309 0
246 383 0
248 319 0
248 323 0
249 282 0
250 380 0
250 389 0
252 294 0
255 314 0
255 387 0
261 268 0
262 314 0
262 334 0
263 387 0
264 385 0
266 392 0
268 386 0
270 354 0
271 302 0
274 343 0
275 366 0
277 347 0
277 369 0
279 327 0
279 337 0
285 297 0
286 389 0
290 386 0
292 392 0
293 311 0
293 386 0
294 358 0
294 400 0
295 300 0
298 387 0
299 324 0
299 344 0
300 391 0
301 306 0
302 320 0
304 311 0
305 319 0
305 340 0
306 367 0
307 385 0
308 316 0
308 392 0
312 354 0
314 333 0
315 390 0
315 393 0
319 354 0
326 360 0
329 331 0
330 346 0
331 335 0
332 386 0
345 385 0
348 396 0
355 373 0
362 388 0
384 389 0
394 397 0
