600 712 0
1 109 0
2 161 0
3 151 0
3 184 0
3 190 0
3 569 0
4 110 0
5 115 0
6 54 0
6 202 0
6 221 0
6 333 0
7 26 0
7 89 0
7 136 0
7 296 0
7 589 0
8 229 0
8 284 0
8 460 0
9 11 0
10 43 0
10 458 0
10 462 0
10 499 0
11 91 0
11 190 0
11 538 0
12 212 0
13 536 0
14 428 0
15 565 0
16 200 0
16 237 0
16 597 0
16 598 0
17 186 0
18 569 0
19 229 0
20 115 0
20 279 0
20 313 0
20 440 0
21 62 0
21 141 0
21 443 0
21 467 0
21 561 0
22 383 0
23 592 0
24 122 0
25 34 0
25 43 0
25 597 0
26 320 0
26 351 0
27 388 0
28 307 0
29 164 0
29 456 0
29 515 0
29 537 0
29 590 0
30 37 0
31 284 0
32 277 0
33 35 0
34 145 0
34 320 0
34 549 0
35 245 0
35 252 0
35 263 0
36 182 0
37 153 0
37 187 0
37 259 0
38 521 0
39 166 0
40 77 0
40 126 0
40 167 0
40 322 0
40 435 0
40 510 0
41 332 0
42 246 0
42 331 0
42 569 0
42 581 0
43 236 0
43 329 0
43 396 0
44 410 0
44 565 0
44 575 0
45 58 0
45 141 0
45 482 0
45 552 0
46 268 0
47 418 0
48 70 0
48 141 0
48 217 0
48 325 0
48 329 0
48 519 0
49 213 0
49 233 0
49 271 0
49 365 0
50 198 0
50 328 0
50 382 0
50 434 0
50 439 0
51 131 0
51 475 0
51 592 0
52 248 0
53 316 0
55 59 0
55 361 0
55 376 0
55 397 0
56 327 0
57 432 0
58 347 0
58 453 0
58 572 0
59 107 0
59 326 0
59 407 0
60 337 0
61 215 0
63 125 0
63 394 0
63 433 0
63 513 0
64 332 0
65 183 0
66 131 0
67 326 0
68 489 0
69 118 0
70 78 0
70 151 0
70 236 0
71 153 0
71 305 0
71 329 0
71 496 0
72 573 0
73 89 0
73 178 0
73 453 0
74 83 0
74 301 0
74 324 0
74 328 0
74 406 0
74 494 0
75 79 0
76 229 0
78 110 0
78 183 0
78 215 0
78 497 0
79 411 0
79 556 0
79 594 0
80 183 0
81 98 0
81 115 0
81 537 0
82 168 0
82 170 0
82 225 0
82 392 0
84 572 0
85 379 0
86 185 0
86 208 0
86 390 0
86 479 0
87 153 0
87 276 0
87 378 0
87 455 0
88 172 0
89 98 0
89 279 0
89 481 0
90 247 0
91 364 0
91 414 0
91 426 0
92 519 0
93 233 0
93 304 0
93 484 0
93 535 0
93 578 0
94 149 0
94 154 0
94 191 0
94 203 0
94 503 0
94 516 0
95 401 0
96 440 0
97 98 0
98 384 0
99 217 0
100 481 0
101 542 0
102 212 0
103 325 0
104 236 0
104 289 0
104 290 0
104 304 0
105 489 0
106 306 0
107 227 0
107 257 0
107 398 0
108 248 0
109 200 0
109 341 0
109 380 0
110 137 0
110 160 0
110 584 0
111 134 0
112 509 0
113 342 0
114 542 0
115 170 0
115 294 0
115 449 0
116 165 0
116 178 0
116 228 0
116 529 0
117 239 0
118 319 0
118 495 0
118 598 0
119 158 0
119 366 0
119 507 0
119 511 0
120 290 0
121 135 0
122 241 0
122 377 0
122 574 0
123 429 0
124 250 0
125 246 0
125 289 0
125 334 0
125 433 0
126 434 0
126 530 0
127 325 0
128 214 0
129 581 0
130 184 0
131 188 0
131 510 0
132 393 0
133 196 0
133 204 0
133 225 0
133 353 0
134 299 0
134 349 0
134 425 0
134 442 0
134 477 0
135 201 0
135 278 0
135 357 0
137 268 0
137 429 0
138 432 0
139 214 0
140 428 0
142 389 0
143 500 0
144 306 0
145 362 0
145 507 0
145 561 0
145 577 0
146 487 0
147 500 0
148 151 0
148 412 0
148 502 0
148 524 0
150 207 0
150 425 0
150 498 0
150 534 0
150 537 0
151 290 0
151 298 0
151 416 0
152 416 0
153 170 0
153 549 0
155 393 0
155 565 0
155 592 0
156 466 0
157 166 0
159 418 0
161 375 0
161 437 0
161 531 0
162 536 0
163 189 0
163 468 0
163 545 0
163 596 0
163 598 0
166 203 0
166 404 0
166 537 0
167 178 0
167 195 0
169 230 0
170 255 0
171 367 0
172 288 0
172 317 0
172 371 0
172 518 0
173 481 0
174 487 0
175 316 0
176 383 0
177 302 0
178 205 0
178 462 0
178 500 0
179 367 0
180 572 0
181 583 0
182 385 0
182 505 0
182 531 0
183 501 0
184 330 0
184 357 0
184 567 0
186 237 0
186 296 0
186 397 0
186 474 0
186 476 0
190 561 0
191 389 0
191 597 0
192 211 0
192 219 0
192 280 0
192 312 0
192 438 0
193 391 0
194 239 0
195 309 0
195 351 0
195 371 0
195 447 0
197 414 0
199 572 0
200 327 0
200 579 0
203 429 0
205 541 0
205 551 0
205 587 0
206 363 0
206 405 0
206 424 0
206 473 0
206 497 0
209 256 0
209 531 0
209 565 0
210 242 0
211 252 0
211 268 0
211 389 0
211 424 0
212 286 0
212 515 0
214 233 0
214 550 0
215 298 0
215 322 0
216 242 0
217 318 0
217 371 0
217 543 0
218 452 0
219 320 0
219 383 0
219 393 0
220 233 0
220 389 0
220 486 0
221 279 0
221 302 0
221 573 0
222 240 0
223 232 0
223 296 0
223 328 0
223 446 0
223 574 0
224 250 0
225 389 0
225 426 0
226 440 0
229 424 0
229 516 0
230 244 0
230 269 0
230 361 0
230 407 0
230 471 0
231 364 0
233 320 0
233 349 0
234 342 0
235 275 0
236 279 0
236 423 0
237 410 0
237 417 0
238 565 0
239 434 0
239 465 0
240 494 0
240 518 0
240 528 0
240 539 0
242 339 0
242 421 0
242 527 0
243 379 0
245 342 0
245 429 0
245 549 0
246 406 0
246 597 0
247 274 0
247 517 0
247 560 0
248 582 0
248 598 0
249 583 0
250 457 0
250 477 0
251 254 0
251 362 0
251 514 0
251 547 0
251 577 0
251 588 0
253 256 0
255 334 0
255 509 0
256 454 0
256 551 0
256 556 0
258 586 0
260 417 0
261 391 0
262 381 0
264 391 0
265 440 0
266 313 0
267 444 0
268 518 0
269 304 0
269 563 0
270 417 0
272 347 0
272 432 0
272 521 0
272 583 0
273 277 0
275 442 0
275 490 0
275 560 0
277 311 0
277 405 0
281 388 0
282 540 0
283 302 0
284 471 0
284 556 0
284 588 0
285 487 0
286 367 0
286 381 0
286 407 0
287 429 0
289 373 0
289 463 0
289 548 0
290 430 0
291 521 0
292 432 0
293 481 0
295 393 0
297 579 0
298 574 0
300 364 0
302 409 0
303 579 0
306 357 0
306 450 0
307 339 0
307 362 0
307 374 0
307 387 0
308 416 0
310 460 0
313 596 0
313 599 0
314 414 0
315 581 0
316 345 0
316 561 0
317 322 0
317 469 0
320 531 0
321 581 0
322 406 0
322 547 0
323 332 0
325 532 0
326 338 0
326 595 0
327 512 0
327 515 0
327 564 0
331 369 0
331 485 0
331 555 0
332 351 0
332 538 0
334 348 0
334 449 0
334 486 0
334 492 0
335 522 0
336 579 0
337 469 0
337 506 0
337 546 0
339 423 0
339 586 0
340 352 0
340 459 0
340 477 0
340 525 0
342 478 0
343 509 0
344 536 0
346 452 0
347 396 0
347 518 0
349 521 0
350 586 0
351 428 0
351 436 0
354 522 0
355 475 0
356 475 0
357 458 0
358 508 0
359 367 0
360 466 0
361 549 0
364 397 0
364 431 0
368 540 0
370 583 0
372 391 0
372 475 0
372 486 0
372 499 0
379 434 0
379 504 0
381 493 0
381 514 0
381 596 0
382 500 0
382 556 0
383 448 0
386 453 0
388 553 0
388 574 0
391 406 0
395 489 0
396 407 0
396 426 0
399 452 0
400 592 0
401 568 0
401 571 0
401 591 0
402 414 0
403 569 0
405 418 0
405 436 0
406 509 0
408 530 0
410 425 0
410 470 0
410 491 0
410 558 0
411 414 0
411 592 0
412 518 0
412 598 0
413 423 0
413 444 0
413 489 0
413 536 0
415 530 0
416 447 0
416 562 0
417 420 0
418 547 0
418 570 0
419 586 0
422 508 0
423 574 0
426 537 0
427 508 0
428 445 0
432 433 0
434 462 0
436 471 0
436 477 0
436 597 0
441 573 0
442 574 0
443 462 0
443 497 0
444 451 0
444 544 0
447 542 0
449 592 0
452 577 0
453 554 0
458 469 0
458 516 0
460 561 0
460 566 0
460 600 0
461 522 0
462 560 0
464 516 0
464 523 0
464 526 0
464 527 0
466 479 0
466 483 0
469 487 0
469 540 0
472 520 0
475 568 0
479 508 0
479 549 0
480 565 0
481 514 0
486 538 0
486 569 0
487 527 0
488 519 0
489 551 0
494 575 0
497 592 0
499 510 0
499 556 0
499 568 0
500 588 0
507 520 0
507 575 0
510 522 0
519 576 0
520 559 0
520 585 0
530 577 0
531 565 0
533 573 0
540 580 0
542 557 0
542 568 0
560 592 0
575 593 0
