60 71 0
1 8 0
1 26 0
1 37 0
1 47 0
2 12 0
2 27 0
2 29 0
2 30 0
2 35 0
2 42 0
3 16 0
3 29 0
3 42 0
3 55 0
4 30 0
5 17 0
5 27 0
5 51 0
6 42 0
7 11 0
7 22 0
7 29 0
7 47 0
9 35 0
10 42 0
10 59 0
11 39 0
11 41 0
11 51 0
12 22 0
12 38 0
12 45 0
12 53 0
13 42 0
14 41 0
15 27 0
17 45 0
17 58 0
18 41 0
19 34 0
20 24 0
20 30 0
21 35 0
22 24 0
22 59 0
23 51 0
24 43 0
24 48 0
25 51 0
26 29 0
26 34 0
26 49 0
26 58 0
27 54 0
27 60 0
28 30 0
30 32 0
31 59 0
32 33 0
33 41 0
34 40 0
34 52 0
35 44 0
36 58 0
39 49 0
39 50 0
39 56 0
46 51 0
47 57 0
57 58 0
59 60 0
