1000 1095 0
1 232 0
1 383 0
1 635 0
2 992 0
3 489 0
4 26 0
4 311 0
4 641 0
4 701 0
5 281 0
5 590 0
5 663 0
5 899 0
6 79 0
7 105 0
8 812 0
9 113 0
10 497 0
10 502 0
10 745 0
10 918 0
11 65 0
12 556 0
12 704 0
12 782 0
12 786 0
12 886 0
13 504 0
13 546 0
13 994 0
14 517 0
15 859 0
16 476 0
17 459 0
17 529 0
17 551 0
17 780 0
18 717 0
19 461 0
20 777 0
21 476 0
22 569 0
23 415 0
23 519 0
23 881 0
23 920 0
24 217 0
25 417 0
27 338 0
28 594 0
29 270 0
30 205 0
30 491 0
30 966 0
30 984 0
31 627 0
31 692 0
31 761 0
31 808 0
31 831 0
32 322 0
32 607 0
32 640 0
32 642 0
33 113 0
34 594 0
35 349 0
36 555 0
37 108 0
38 882 0
39 243 0
40 96 0
40 380 0
40 479 0
40 501 0
41 593 0
41 667 0
41 714 0
41 843 0
42 694 0
43 287 0
44 80 0
44 107 0
44 746 0
44 955 0
45 978 0
46 568 0
47 381 0
48 145 0
48 347 0
48 966 0
49 589 0
50 474 0
51 58 0
52 71 0
52 543 0
52 822 0
53 152 0
53 627 0
53 884 0
53 927 0
54 602 0
55 714 0
56 540 0
57 246 0
57 384 0
57 542 0
57 894 0
58 388 0
58 409 0
58 426 0
59 89 0
59 153 0
59 185 0
59 215 0
59 627 0
60 255 0
61 613 0
62 165 0
62 269 0
62 286 0
62 688 0
63 699 0
64 570 0
65 102 0
65 319 0
65 926 0
66 842 0
67 571 0
68 147 0
68 169 0
68 608 0
68 773 0
69 148 0
70 670 0
71 248 0
71 567 0
71 751 0
71 836 0
72 830 0
73 581 0
74 195 0
75 506 0
76 331 0
77 123 0
78 447 0
79 336 0
79 363 0
79 623 0
79 837 0
81 306 0
82 849 0
83 340 0
84 671 0
85 830 0
86 563 0
87 256 0
88 102 0
88 328 0
88 469 0
88 847 0
89 233 0
89 902 0
90 283 0
91 886 0
92 761 0
93 325 0
94 474 0
95 282 0
96 437 0
96 648 0
96 673 0
97 884 0
98 521 0
99 193 0
99 337 0
99 665 0
99 917 0
100 671 0
101 903 0
102 255 0
102 703 0
103 763 0
104 231 0
104 434 0
104 603 0
104 622 0
104 679 0
105 441 0
105 559 0
105 716 0
106 506 0
108 258 0
108 278 0
108 377 0
108 379 0
108 393 0
108 971 0
109 120 0
109 375 0
109 454 0
109 580 0
110 187 0
111 447 0
112 700 0
113 276 0
113 463 0
114 229 0
114 507 0
114 610 0
115 416 0
116 305 0
117 584 0
118 578 0
118 746 0
118 964 0
118 969 0
119 502 0
119 546 0
119 761 0
121 943 0
122 617 0
123 269 0
123 353 0
123 983 0
124 452 0
125 927 0
126 136 0
127 656 0
127 664 0
127 730 0
127 907 0
128 212 0
128 709 0
128 915 0
128 922 0
129 295 0
130 695 0
131 645 0
132 667 0
133 259 0
133 495 0
133 574 0
133 659 0
134 901 0
135 513 0
136 805 0
136 909 0
136 950 0
136 967 0
137 569 0
138 714 0
139 755 0
140 644 0
141 522 0
142 205 0
142 383 0
142 739 0
142 799 0
143 412 0
143 458 0
143 882 0
143 999 0
144 343 0
145 172 0
145 820 0
145 925 0
146 248 0
148 463 0
148 579 0
148 891 0
149 992 0
150 574 0
150 625 0
150 962 0
150 995 0
151 699 0
152 345 0
152 520 0
152 870 0
153 348 0
153 691 0
153 796 0
154 343 0
155 484 0
155 490 0
155 622 0
155 857 0
156 584 0
157 895 0
158 355 0
158 532 0
158 635 0
158 740 0
159 301 0
159 347 0
159 412 0
159 768 0
160 836 0
161 807 0
162 651 0
163 882 0
164 224 0
164 642 0
164 820 0
164 852 0
166 343 0
167 245 0
167 357 0
167 890 0
167 980 0
168 256 0
169 333 0
169 721 0
169 737 0
170 282 0
171 965 0
172 556 0
172 590 0
172 626 0
173 641 0
173 674 0
173 757 0
174 330 0
175 424 0
176 571 0
177 354 0
177 642 0
177 660 0
177 987 0
178 340 0
179 943 0
180 205 0
180 462 0
180 546 0
180 789 0
181 316 0
182 884 0
183 697 0
183 723 0
183 727 0
183 770 0
183 942 0
184 232 0
184 419 0
184 460 0
184 718 0
185 453 0
185 500 0
185 629 0
185 647 0
186 811 0
187 420 0
187 488 0
187 583 0
188 462 0
189 218 0
190 953 0
191 409 0
192 558 0
194 430 0
194 431 0
194 471 0
194 550 0
195 481 0
195 742 0
195 949 0
196 399 0
196 464 0
196 481 0
196 775 0
197 595 0
198 651 0
199 423 0
199 685 0
199 708 0
199 973 0
199 991 0
200 724 0
201 308 0
201 406 0
201 758 0
201 819 0
202 595 0
203 735 0
204 782 0
205 423 0
205 636 0
205 820 0
206 291 0
207 798 0
208 228 0
208 700 0
208 793 0
208 856 0
208 897 0
209 662 0
210 879 0
211 428 0
213 761 0
214 381 0
215 292 0
215 643 0
215 810 0
216 465 0
217 709 0
217 725 0
217 767 0
218 498 0
218 867 0
218 916 0
219 886 0
220 507 0
221 458 0
222 468 0
222 602 0
222 621 0
222 651 0
223 256 0
223 522 0
223 646 0
224 543 0
224 549 0
224 646 0
225 619 0
225 802 0
225 898 0
225 967 0
226 243 0
226 379 0
226 808 0
227 329 0
227 338 0
227 569 0
227 918 0
227 948 0
228 420 0
228 531 0
228 936 0
229 307 0
229 395 0
229 557 0
229 654 0
229 930 0
230 791 0
232 476 0
232 486 0
232 694 0
233 243 0
233 724 0
233 729 0
233 996 0
234 721 0
235 799 0
236 316 0
236 474 0
236 754 0
236 849 0
237 692 0
238 267 0
238 710 0
238 764 0
238 852 0
239 281 0
240 281 0
240 423 0
240 920 0
241 868 0
242 465 0
242 486 0
242 735 0
243 405 0
243 733 0
243 972 0
244 648 0
245 522 0
245 814 0
245 885 0
247 786 0
248 492 0
248 900 0
249 581 0
250 715 0
251 383 0
252 885 0
253 277 0
253 297 0
253 822 0
253 921 0
254 808 0
255 309 0
255 378 0
256 986 0
256 990 0
257 700 0
258 340 0
258 410 0
260 525 0
260 614 0
260 720 0
260 802 0
260 880 0
261 331 0
262 465 0
263 570 0
264 669 0
265 782 0
266 409 0
266 462 0
266 638 0
268 489 0
269 301 0
269 954 0
270 415 0
270 547 0
270 976 0
271 868 0
272 901 0
273 948 0
274 305 0
275 507 0
275 550 0
275 645 0
278 694 0
278 927 0
279 356 0
280 295 0
280 489 0
280 549 0
281 696 0
282 681 0
282 709 0
283 502 0
283 585 0
283 979 0
284 481 0
284 534 0
284 680 0
284 869 0
285 513 0
287 672 0
287 704 0
287 752 0
287 771 0
287 930 0
288 999 0
289 634 0
290 798 0
291 559 0
291 706 0
291 741 0
293 899 0
294 715 0
295 672 0
295 817 0
296 724 0
298 927 0
299 709 0
299 819 0
299 820 0
299 904 0
300 931 0
301 610 0
301 907 0
302 807 0
303 859 0
304 663 0
305 689 0
305 752 0
306 499 0
306 837 0
306 936 0
306 988 0
307 395 0
307 617 0
307 662 0
307 703 0
307 880 0
310 589 0
312 418 0
312 459 0
312 679 0
312 816 0
312 925 0
313 321 0
314 591 0
315 836 0
316 362 0
316 778 0
317 548 0
318 461 0
320 456 0
321 421 0
321 451 0
321 816 0
323 591 0
324 468 0
324 489 0
324 570 0
324 707 0
324 842 0
325 397 0
325 622 0
325 919 0
326 906 0
327 843 0
329 409 0
329 604 0
329 769 0
330 727 0
330 838 0
330 904 0
331 459 0
331 539 0
332 669 0
333 478 0
333 641 0
333 731 0
334 374 0
334 617 0
334 943 0
335 872 0
337 374 0
337 567 0
337 992 0
338 467 0
338 494 0
339 737 0
340 904 0
340 958 0
341 410 0
342 343 0
342 435 0
342 513 0
342 754 0
344 581 0
346 575 0
347 531 0
347 731 0
349 478 0
349 480 0
349 1000 0
350 491 0
351 846 0
352 541 0
356 610 0
356 702 0
356 914 0
356 920 0
358 505 0
358 805 0
358 863 0
358 944 0
359 886 0
360 452 0
361 485 0
363 814 0
363 895 0
363 968 0
364 885 0
365 724 0
366 996 0
367 751 0
368 897 0
369 558 0
370 374 0
371 694 0
372 671 0
373 899 0
374 392 0
374 616 0
376 682 0
379 485 0
379 703 0
379 905 0
381 599 0
381 642 0
382 546 0
383 400 0
385 941 0
386 877 0
387 507 0
387 735 0
387 814 0
387 982 0
389 521 0
389 590 0
389 757 0
389 877 0
390 670 0
391 974 0
393 531 0
393 739 0
394 757 0
395 662 0
396 807 0
398 970 0
401 489 0
402 617 0
403 474 0
404 789 0
407 842 0
408 667 0
409 846 0
410 678 0
410 762 0
411 634 0
412 550 0
412 564 0
413 563 0
414 638 0
415 510 0
415 699 0
416 502 0
416 577 0
416 612 0
417 674 0
417 803 0
417 883 0
418 541 0
418 902 0
418 931 0
420 447 0
420 581 0
422 757 0
423 584 0
424 444 0
424 523 0
424 636 0
425 905 0
427 721 0
428 524 0
428 819 0
428 963 0
429 699 0
432 994 0
433 596 0
435 912 0
435 939 0
435 989 0
436 843 0
437 674 0
437 835 0
437 913 0
438 941 0
439 994 0
440 633 0
440 765 0
440 822 0
440 860 0
442 978 0
443 751 0
445 855 0
446 777 0
447 892 0
448 799 0
449 843 0
450 751 0
452 834 0
452 852 0
453 458 0
453 897 0
454 670 0
454 671 0
454 826 0
455 663 0
456 470 0
456 637 0
456 794 0
456 893 0
457 549 0
458 472 0
458 937 0
459 777 0
461 478 0
461 788 0
462 756 0
462 873 0
463 754 0
463 766 0
465 802 0
466 648 0
468 731 0
468 986 0
470 510 0
470 638 0
470 855 0
473 550 0
473 588 0
473 797 0
473 821 0
474 794 0
475 968 0
476 582 0
477 638 0
478 669 0
481 768 0
482 589 0
483 836 0
485 609 0
485 698 0
486 762 0
486 822 0
486 835 0
487 504 0
491 636 0
491 988 0
493 872 0
496 722 0
496 831 0
496 887 0
496 932 0
496 997 0
502 768 0
502 988 0
503 812 0
504 576 0
504 641 0
504 650 0
504 991 0
505 602 0
505 905 0
506 515 0
506 550 0
507 815 0
508 512 0
508 668 0
508 858 0
508 894 0
509 846 0
510 622 0
510 630 0
510 731 0
511 584 0
513 933 0
514 812 0
516 555 0
517 828 0
517 904 0
517 910 0
518 968 0
521 592 0
521 783 0
522 537 0
522 993 0
526 717 0
527 596 0
528 877 0
530 543 0
531 729 0
531 826 0
533 846 0
535 766 0
536 996 0
538 877 0
540 587 0
540 657 0
540 845 0
541 732 0
541 878 0
543 959 0
544 903 0
545 855 0
548 559 0
548 794 0
548 862 0
549 597 0
549 600 0
552 739 0
553 644 0
554 856 0
555 610 0
555 998 0
556 635 0
556 997 0
558 635 0
558 975 0
559 593 0
560 953 0
561 737 0
562 755 0
563 606 0
563 867 0
564 645 0
564 755 0
564 859 0
565 905 0
566 791 0
567 604 0
567 608 0
567 689 0
568 686 0
568 719 0
568 936 0
569 809 0
570 861 0
571 762 0
571 795 0
572 714 0
573 715 0
574 729 0
574 868 0
575 630 0
575 631 0
575 685 0
575 920 0
584 657 0
586 954 0
589 852 0
590 672 0
591 635 0
591 748 0
593 657 0
593 925 0
594 657 0
594 711 0
595 790 0
595 986 0
596 652 0
596 746 0
598 662 0
601 791 0
602 772 0
602 804 0
604 627 0
604 966 0
605 786 0
608 791 0
610 798 0
611 849 0
613 639 0
613 685 0
613 726 0
613 727 0
615 965 0
618 970 0
620 868 0
621 774 0
621 787 0
621 960 0
624 769 0
626 697 0
626 805 0
626 894 0
628 902 0
630 906 0
632 982 0
634 641 0
634 840 0
636 974 0
644 690 0
644 863 0
644 867 0
645 806 0
646 785 0
646 923 0
648 744 0
648 793 0
649 692 0
651 956 0
653 695 0
655 755 0
658 782 0
661 856 0
663 677 0
666 786 0
667 716 0
667 749 0
669 940 0
670 734 0
672 717 0
673 705 0
673 924 0
673 947 0
674 830 0
674 879 0
675 872 0
676 739 0
679 974 0
682 907 0
682 934 0
682 945 0
683 811 0
684 954 0
685 826 0
687 929 0
689 715 0
689 811 0
692 784 0
693 830 0
694 865 0
695 822 0
695 880 0
697 837 0
697 906 0
697 953 0
697 969 0
700 827 0
703 835 0
704 739 0
707 807 0
707 885 0
709 748 0
712 982 0
713 859 0
716 859 0
717 985 0
721 935 0
728 999 0
729 867 0
735 824 0
735 991 0
736 999 0
737 832 0
738 948 0
743 899 0
746 826 0
746 969 0
747 849 0
748 838 0
748 929 0
750 895 0
752 762 0
753 895 0
754 966 0
759 941 0
760 879 0
761 829 0
762 994 0
763 805 0
763 831 0
763 928 0
766 823 0
766 871 0
768 802 0
769 866 0
769 952 0
776 879 0
777 946 0
779 811 0
781 882 0
789 850 0
789 888 0
791 997 0
792 953 0
793 948 0
798 874 0
799 801 0
799 972 0
800 906 0
807 986 0
808 864 0
812 894 0
813 897 0
814 925 0
816 901 0
816 970 0
818 992 0
819 978 0
825 943 0
831 967 0
833 994 0
835 966 0
838 927 0
839 905 0
841 906 0
842 981 0
844 970 0
848 974 0
851 978 0
853 968 0
854 902 0
855 984 0
856 972 0
863 931 0
872 913 0
875 903 0
876 954 0
882 930 0
884 957 0
889 982 0
896 931 0
901 977 0
903 907 0
908 996 0
911 929 0
913 929 0
913 965 0
918 966 0
920 984 0
929 938 0
931 961 0
936 941 0
943 997 0
951 965 0
