160 198 0
1 37 0
1 66 0
2 9 0
2 49 0
2 102 0
2 152 0
3 38 0
3 50 0
3 75 0
3 123 0
4 25 0
4 40 0
4 105 0
4 124 0
5 57 0
6 7 0
6 62 0
6 84 0
6 99 0
8 130 0
9 25 0
9 74 0
9 115 0
9 148 0
10 22 0
11 78 0
12 14 0
13 27 0
13 62 0
13 65 0
14 28 0
14 107 0
14 109 0
15 95 0
16 51 0
16 69 0
16 76 0
16 91 0
16 119 0
17 18 0
17 56 0
17 62 0
17 160 0
18 146 0
19 65 0
19 83 0
19 139 0
19 154 0
20 89 0
21 134 0
22 39 0
22 98 0
22 104 0
22 119 0
23 115 0
24 73 0
24 119 0
24 144 0
24 157 0
25 36 0
26 73 0
26 139 0
27 52 0
27 111 0
27 113 0
27 120 0
27 129 0
29 55 0
29 57 0
29 81 0
29 110 0
29 159 0
30 54 0
30 126 0
31 115 0
32 66 0
32 71 0
32 98 0
32 100 0
33 128 0
34 136 0
35 115 0
36 89 0
37 53 0
37 70 0
37 135 0
38 133 0
40 65 0
40 111 0
40 152 0
41 95 0
42 83 0
42 114 0
42 125 0
42 143 0
43 111 0
44 86 0
44 108 0
44 143 0
44 155 0
45 148 0
46 50 0
46 89 0
47 114 0
47 148 0
48 111 0
49 93 0
49 153 0
50 57 0
51 128 0
52 67 0
52 132 0
52 152 0
53 129 0
54 82 0
55 89 0
55 93 0
55 130 0
57 92 0
57 96 0
57 106 0
57 134 0
57 156 0
58 82 0
58 131 0
58 136 0
59 130 0
60 121 0
61 97 0
62 93 0
62 136 0
63 136 0
64 75 0
64 106 0
64 116 0
64 147 0
64 154 0
65 110 0
65 112 0
65 145 0
66 94 0
66 126 0
66 153 0
68 82 0
72 78 0
73 143 0
74 80 0
74 122 0
74 158 0
75 146 0
75 153 0
76 140 0
77 111 0
78 131 0
78 152 0
79 97 0
82 86 0
82 92 0
82 140 0
82 143 0
85 146 0
86 118 0
86 121 0
87 148 0
88 94 0
88 95 0
89 154 0
90 94 0
92 95 0
92 102 0
93 143 0
94 118 0
94 140 0
95 116 0
96 121 0
97 107 0
97 137 0
101 139 0
102 119 0
102 135 0
103 136 0
103 158 0
107 121 0
107 153 0
110 114 0
114 143 0
117 126 0
121 151 0
126 149 0
127 146 0
128 142 0
128 143 0
130 141 0
133 134 0
134 135 0
134 138 0
135 139 0
146 150 0
