600 674 0
1 321 0
1 355 0
1 488 0
1 560 0
2 229 0
3 40 0
3 129 0
3 155 0
3 434 0
4 287 0
5 416 0
6 411 0
7 87 0
7 132 0
7 142 0
7 184 0
7 342 0
7 394 0
8 176 0
8 405 0
8 466 0
9 194 0
9 228 0
9 558 0
9 582 0
9 595 0
10 546 0
11 136 0
12 318 0
13 377 0
13 505 0
13 529 0
14 512 0
15 77 0
16 569 0
17 596 0
18 106 0
19 58 0
20 352 0
21 420 0
22 139 0
23 187 0
23 307 0
23 379 0
23 444 0
23 486 0
24 532 0
25 436 0
25 454 0
25 600 0
26 396 0
27 119 0
27 133 0
27 360 0
27 592 0
28 178 0
28 487 0
28 543 0
28 600 0
29 32 0
29 100 0
29 277 0
29 588 0
30 377 0
31 165 0
31 206 0
31 360 0
31 411 0
33 505 0
34 151 0
34 329 0
34 567 0
35 65 0
36 364 0
37 136 0
38 195 0
39 482 0
41 117 0
41 293 0
41 314 0
41 543 0
42 59 0
43 505 0
44 509 0
45 49 0
45 184 0
45 220 0
45 464 0
45 593 0
46 304 0
47 412 0
48 405 0
49 152 0
49 336 0
49 422 0
50 327 0
51 146 0
52 511 0
53 399 0
54 191 0
55 244 0
56 399 0
57 418 0
58 182 0
58 280 0
58 408 0
58 550 0
59 374 0
59 386 0
59 451 0
60 414 0
61 157 0
62 173 0
62 275 0
62 445 0
62 473 0
62 553 0
63 448 0
64 116 0
65 142 0
65 209 0
65 252 0
65 459 0
66 529 0
67 158 0
67 228 0
67 504 0
67 598 0
68 206 0
69 249 0
69 322 0
69 420 0
69 546 0
70 169 0
71 352 0
72 229 0
73 414 0
74 528 0
75 152 0
76 413 0
77 308 0
77 321 0
77 433 0
78 392 0
79 484 0
80 157 0
81 139 0
82 396 0
83 115 0
83 307 0
83 344 0
83 501 0
84 180 0
85 552 0
86 160 0
86 352 0
86 510 0
88 107 0
88 159 0
88 248 0
88 328 0
89 96 0
89 248 0
89 436 0
89 572 0
90 165 0
91 142 0
91 187 0
91 491 0
91 501 0
92 96 0
92 257 0
92 262 0
92 507 0
93 160 0
94 187 0
94 240 0
94 306 0
94 474 0
95 99 0
96 108 0
96 116 0
97 170 0
97 325 0
97 505 0
97 529 0
98 150 0
98 294 0
98 313 0
98 320 0
98 441 0
99 205 0
99 447 0
99 586 0
100 367 0
100 371 0
100 479 0
101 364 0
101 377 0
101 406 0
101 568 0
101 571 0
102 269 0
103 448 0
104 331 0
104 360 0
104 410 0
104 563 0
105 411 0
106 167 0
106 278 0
106 487 0
108 217 0
108 293 0
108 380 0
108 402 0
109 585 0
110 176 0
111 529 0
112 563 0
113 374 0
113 503 0
113 531 0
114 545 0
116 288 0
116 335 0
118 571 0
119 236 0
119 347 0
119 387 0
119 494 0
120 231 0
121 176 0
121 287 0
121 414 0
122 274 0
123 327 0
124 272 0
125 236 0
125 418 0
125 548 0
126 154 0
127 156 0
127 274 0
127 293 0
128 227 0
130 163 0
130 191 0
130 448 0
130 479 0
130 598 0
131 154 0
133 161 0
133 212 0
133 455 0
134 512 0
135 154 0
136 285 0
136 499 0
137 171 0
137 254 0
137 281 0
137 495 0
138 585 0
139 487 0
139 526 0
140 515 0
141 567 0
142 585 0
143 385 0
144 177 0
145 531 0
146 215 0
146 353 0
146 492 0
147 450 0
148 540 0
149 193 0
150 410 0
150 596 0
152 198 0
152 339 0
152 415 0
153 338 0
154 370 0
155 325 0
155 405 0
155 412 0
156 162 0
156 203 0
156 248 0
157 263 0
157 449 0
160 166 0
160 219 0
160 250 0
160 343 0
163 192 0
163 259 0
163 517 0
163 555 0
163 556 0
164 532 0
165 291 0
165 430 0
165 595 0
168 399 0
169 215 0
169 222 0
169 273 0
169 504 0
170 284 0
170 359 0
170 409 0
171 268 0
171 297 0
171 381 0
171 494 0
172 337 0
173 254 0
173 420 0
174 545 0
175 482 0
176 258 0
176 266 0
176 425 0
176 591 0
177 182 0
177 239 0
177 403 0
178 318 0
178 442 0
178 596 0
179 385 0
180 477 0
180 541 0
180 548 0
181 244 0
182 244 0
183 367 0
184 531 0
185 515 0
186 256 0
187 466 0
187 478 0
188 417 0
189 255 0
190 321 0
190 382 0
190 506 0
190 534 0
191 394 0
191 565 0
193 200 0
193 427 0
193 480 0
195 237 0
195 275 0
195 537 0
195 599 0
196 552 0
197 410 0
199 552 0
201 367 0
202 392 0
204 234 0
205 283 0
205 391 0
205 392 0
206 295 0
206 523 0
207 442 0
208 327 0
210 281 0
211 589 0
213 392 0
214 341 0
215 251 0
215 336 0
215 417 0
216 326 0
216 482 0
216 503 0
216 532 0
218 304 0
219 231 0
219 337 0
221 413 0
223 302 0
223 324 0
223 361 0
223 421 0
224 438 0
225 350 0
225 375 0
225 458 0
225 544 0
226 318 0
227 431 0
227 472 0
227 547 0
228 338 0
228 495 0
229 285 0
229 368 0
230 546 0
231 390 0
231 441 0
231 500 0
232 420 0
233 260 0
233 542 0
233 550 0
233 554 0
234 267 0
234 548 0
234 561 0
235 569 0
236 300 0
236 411 0
236 454 0
237 454 0
237 460 0
237 574 0
238 510 0
241 482 0
242 529 0
243 305 0
243 325 0
243 428 0
243 454 0
244 403 0
244 564 0
245 410 0
246 388 0
247 377 0
248 394 0
248 450 0
249 370 0
249 436 0
249 550 0
250 283 0
250 418 0
250 512 0
251 322 0
251 585 0
252 407 0
252 589 0
253 438 0
254 316 0
254 366 0
255 275 0
255 348 0
255 373 0
256 370 0
256 429 0
256 522 0
261 563 0
263 327 0
263 443 0
263 479 0
264 299 0
264 370 0
264 398 0
264 478 0
265 466 0
266 338 0
266 491 0
269 324 0
269 461 0
269 513 0
270 405 0
271 309 0
271 332 0
271 346 0
271 435 0
272 310 0
272 539 0
272 543 0
274 389 0
274 502 0
274 572 0
275 305 0
275 556 0
276 503 0
279 357 0
281 456 0
281 476 0
282 292 0
282 309 0
282 519 0
282 559 0
283 302 0
283 403 0
285 305 0
285 352 0
286 510 0
287 358 0
287 501 0
289 384 0
290 484 0
291 331 0
292 361 0
292 371 0
293 377 0
296 338 0
298 528 0
300 352 0
300 548 0
301 391 0
302 336 0
302 454 0
303 484 0
304 365 0
304 550 0
305 309 0
307 443 0
309 552 0
311 585 0
312 571 0
315 417 0
317 354 0
318 401 0
319 592 0
321 326 0
322 498 0
322 549 0
323 496 0
324 515 0
324 545 0
325 427 0
326 424 0
326 436 0
330 569 0
331 551 0
331 574 0
333 416 0
334 496 0
336 548 0
337 427 0
337 467 0
339 406 0
339 416 0
339 504 0
340 524 0
341 350 0
341 475 0
341 483 0
345 404 0
347 438 0
347 552 0
349 417 0
350 388 0
350 495 0
351 422 0
354 374 0
354 516 0
354 583 0
356 412 0
357 465 0
357 469 0
357 548 0
360 600 0
361 385 0
361 413 0
361 589 0
362 567 0
363 442 0
364 433 0
364 538 0
364 597 0
367 566 0
369 592 0
371 520 0
371 535 0
371 580 0
372 450 0
374 406 0
374 528 0
376 450 0
378 413 0
383 422 0
384 547 0
384 579 0
384 581 0
384 587 0
385 577 0
388 439 0
388 462 0
391 437 0
391 457 0
392 595 0
392 598 0
393 396 0
395 418 0
396 424 0
397 410 0
399 547 0
400 511 0
403 460 0
404 518 0
404 572 0
404 594 0
405 568 0
405 578 0
406 425 0
406 491 0
407 425 0
407 494 0
407 570 0
411 579 0
412 481 0
414 424 0
414 573 0
416 487 0
417 555 0
419 563 0
420 440 0
421 509 0
421 511 0
421 540 0
422 432 0
423 509 0
424 484 0
425 569 0
426 438 0
427 531 0
428 441 0
428 547 0
428 567 0
433 550 0
438 441 0
442 497 0
443 463 0
443 527 0
443 568 0
446 540 0
448 521 0
452 532 0
453 589 0
454 491 0
456 494 0
456 512 0
460 468 0
460 557 0
460 579 0
466 584 0
470 589 0
471 596 0
478 495 0
479 491 0
480 571 0
480 572 0
485 546 0
489 496 0
490 528 0
493 540 0
495 600 0
496 572 0
501 524 0
503 536 0
505 556 0
508 511 0
509 562 0
510 543 0
512 555 0
514 524 0
515 530 0
524 590 0
525 545 0
531 576 0
533 571 0
543 574 0
575 592 0
