40 71 0
1 3 0
1 10 0
1 15 0
1 25 0
1 28 0
1 36 0
2 7 0
2 15 0
2 17 0
2 37 0
2 38 0
3 16 0
3 17 0
3 31 0
4 28 0
4 29 0
4 31 0
5 25 0
5 30 0
6 15 0
6 21 0
6 33 0
6 34 0
7 25 0
8 23 0
8 35 0
8 38 0
9 17 0
9 27 0
9 29 0
9 31 0
9 36 0
10 14 0
11 22 0
11 37 0
11 38 0
12 25 0
12 32 0
12 36 0
13 14 0
14 18 0
14 31 0
14 35 0
15 29 0
15 39 0
16 32 0
16 35 0
16 37 0
16 38 0
18 20 0
18 24 0
19 28 0
19 38 0
20 30 0
20 32 0
21 23 0
21 29 0
21 30 0
21 31 0
22 32 0
23 29 0
23 30 0
23 34 0
24 37 0
25 33 0
26 37 0
28 33 0
29 35 0
32 34 0
35 38 0
38 40 0
