1000 1143 0
1 54 0
1 266 0
1 350 0
1 670 0
1 950 0
2 767 0
3 609 0
4 149 0
4 269 0
4 336 0
5 126 0
6 130 0
6 539 0
6 616 0
6 838 0
6 950 0
7 214 0
7 281 0
7 359 0
7 461 0
7 808 0
8 624 0
9 136 0
9 511 0
9 630 0
10 241 0
10 361 0
10 709 0
10 750 0
10 834 0
11 585 0
12 921 0
13 30 0
13 84 0
13 183 0
13 811 0
14 43 0
14 393 0
14 631 0
14 920 0
15 802 0
16 495 0
16 558 0
16 655 0
16 737 0
17 418 0
18 802 0
19 902 0
20 378 0
20 582 0
20 589 0
20 783 0
20 877 0
20 900 0
21 639 0
22 269 0
23 234 0
24 79 0
25 43 0
25 192 0
25 577 0
25 595 0
26 533 0
27 446 0
28 309 0
29 142 0
29 524 0
29 621 0
29 928 0
30 210 0
30 241 0
30 435 0
31 420 0
32 661 0
33 638 0
34 953 0
35 321 0
36 475 0
36 740 0
36 768 0
36 845 0
36 906 0
37 958 0
38 224 0
38 727 0
38 864 0
38 965 0
39 201 0
39 339 0
39 830 0
39 960 0
40 710 0
41 363 0
42 109 0
42 795 0
42 846 0
43 244 0
43 507 0
44 570 0
45 263 0
46 336 0
47 721 0
47 775 0
47 838 0
47 974 0
48 301 0
48 481 0
48 974 0
49 218 0
49 317 0
49 333 0
49 797 0
50 241 0
51 794 0
52 435 0
53 249 0
53 739 0
53 844 0
54 56 0
54 959 0
55 913 0
56 360 0
56 401 0
56 491 0
56 644 0
56 688 0
57 426 0
58 814 0
59 663 0
60 268 0
60 426 0
60 489 0
61 127 0
62 964 0
63 814 0
64 478 0
64 632 0
64 953 0
64 985 0
65 194 0
66 295 0
67 175 0
68 463 0
69 111 0
69 247 0
69 744 0
69 989 0
70 985 0
71 400 0
72 342 0
73 467 0
74 669 0
75 244 0
75 268 0
75 505 0
75 508 0
75 804 0
75 974 0
76 959 0
77 224 0
77 248 0
77 593 0
77 596 0
77 634 0
78 98 0
78 327 0
78 969 0
78 982 0
79 173 0
79 254 0
79 640 0
80 170 0
80 386 0
80 419 0
80 459 0
81 680 0
82 348 0
83 616 0
84 175 0
84 269 0
84 309 0
85 188 0
86 244 0
86 292 0
86 395 0
86 817 0
87 990 0
88 108 0
89 188 0
90 215 0
91 179 0
91 283 0
91 591 0
91 994 0
92 679 0
93 422 0
93 503 0
93 515 0
93 819 0
94 714 0
94 749 0
94 791 0
95 160 0
96 235 0
96 775 0
96 791 0
96 959 0
97 303 0
97 398 0
97 624 0
99 398 0
99 488 0
99 561 0
99 861 0
100 280 0
101 828 0
102 145 0
103 458 0
104 138 0
104 139 0
104 259 0
104 503 0
104 955 0
105 398 0
106 346 0
106 509 0
106 520 0
106 877 0
107 152 0
107 180 0
107 211 0
107 713 0
108 155 0
108 216 0
108 873 0
109 156 0
109 197 0
109 670 0
110 774 0
111 167 0
111 480 0
111 609 0
112 374 0
113 494 0
113 680 0
113 771 0
113 878 0
113 983 0
114 221 0
114 426 0
114 492 0
114 576 0
115 220 0
116 702 0
117 417 0
117 722 0
117 829 0
117 835 0
117 900 0
118 486 0
119 300 0
119 322 0
119 397 0
119 670 0
120 794 0
121 252 0
122 295 0
123 879 0
124 795 0
125 126 0
126 195 0
126 389 0
126 560 0
127 134 0
127 430 0
127 948 0
128 983 0
129 172 0
129 516 0
129 636 0
129 786 0
130 201 0
130 328 0
130 352 0
130 500 0
130 594 0
131 276 0
131 417 0
131 608 0
131 640 0
132 800 0
133 342 0
135 620 0
136 158 0
136 566 0
136 589 0
136 949 0
137 669 0
138 576 0
138 710 0
140 153 0
140 246 0
140 354 0
140 627 0
141 463 0
142 739 0
142 791 0
143 312 0
143 410 0
143 523 0
143 569 0
144 458 0
145 284 0
145 469 0
145 598 0
146 851 0
147 681 0
148 361 0
148 432 0
148 788 0
148 923 0
149 575 0
149 860 0
149 924 0
150 726 0
151 680 0
152 241 0
152 842 0
153 511 0
153 543 0
153 902 0
154 777 0
155 529 0
155 676 0
155 757 0
157 305 0
157 628 0
157 698 0
157 710 0
159 252 0
160 384 0
160 390 0
160 442 0
161 221 0
161 507 0
161 669 0
162 286 0
162 319 0
162 674 0
162 912 0
163 353 0
163 358 0
163 719 0
163 766 0
164 221 0
165 297 0
165 442 0
165 470 0
165 901 0
166 926 0
167 168 0
167 466 0
167 629 0
168 320 0
168 358 0
168 481 0
168 494 0
168 513 0
169 817 0
170 266 0
170 735 0
171 330 0
172 761 0
172 822 0
172 889 0
172 944 0
174 757 0
175 356 0
175 604 0
176 875 0
177 466 0
177 830 0
177 841 0
177 850 0
178 221 0
181 710 0
182 646 0
183 301 0
183 308 0
183 511 0
183 698 0
184 270 0
184 274 0
184 674 0
184 991 0
185 492 0
186 714 0
187 276 0
187 282 0
187 643 0
187 736 0
188 622 0
188 924 0
189 446 0
189 745 0
189 861 0
189 877 0
190 729 0
191 448 0
193 516 0
194 282 0
194 524 0
194 733 0
194 942 0
195 505 0
195 630 0
195 964 0
196 467 0
198 533 0
199 732 0
200 331 0
201 936 0
202 300 0
202 349 0
202 503 0
202 674 0
202 816 0
203 280 0
204 686 0
205 420 0
206 457 0
207 457 0
208 909 0
209 412 0
209 682 0
209 797 0
209 891 0
209 966 0
210 530 0
210 890 0
210 968 0
212 343 0
212 421 0
212 485 0
212 610 0
212 773 0
213 888 0
214 576 0
214 828 0
215 487 0
215 514 0
215 782 0
217 985 0
219 561 0
220 251 0
220 603 0
220 934 0
221 255 0
222 263 0
223 437 0
224 992 0
225 810 0
226 784 0
227 484 0
227 915 0
227 924 0
228 749 0
229 307 0
230 757 0
231 972 0
232 375 0
232 644 0
232 806 0
232 930 0
233 492 0
234 514 0
234 521 0
234 824 0
235 268 0
235 776 0
235 845 0
235 858 0
236 371 0
236 560 0
236 696 0
236 997 0
237 532 0
238 609 0
239 315 0
239 676 0
239 838 0
240 755 0
241 302 0
241 473 0
242 256 0
242 370 0
242 416 0
242 748 0
243 564 0
244 689 0
245 280 0
245 467 0
245 514 0
249 284 0
249 438 0
249 703 0
249 763 0
250 761 0
250 812 0
250 916 0
250 957 0
252 316 0
252 813 0
253 663 0
256 298 0
256 620 0
256 697 0
257 518 0
258 786 0
260 709 0
261 272 0
261 405 0
261 418 0
261 508 0
262 557 0
263 512 0
263 589 0
264 290 0
264 403 0
264 639 0
265 483 0
265 522 0
265 932 0
265 980 0
266 517 0
266 585 0
267 489 0
268 613 0
268 907 0
268 956 0
269 349 0
269 455 0
271 517 0
272 445 0
272 546 0
272 832 0
273 330 0
275 542 0
276 638 0
276 961 0
277 653 0
278 305 0
279 676 0
280 506 0
280 640 0
281 601 0
281 771 0
282 616 0
284 485 0
284 533 0
284 838 0
285 543 0
287 446 0
288 453 0
289 573 0
290 394 0
290 419 0
290 703 0
290 747 0
291 542 0
292 311 0
292 692 0
292 758 0
293 887 0
294 648 0
295 452 0
295 778 0
295 830 0
296 850 0
298 377 0
298 501 0
298 937 0
299 706 0
300 301 0
300 576 0
301 608 0
303 541 0
303 579 0
303 948 0
304 777 0
305 954 0
305 962 0
306 583 0
307 382 0
307 442 0
307 841 0
307 996 0
308 636 0
308 679 0
309 372 0
309 662 0
310 532 0
313 583 0
314 489 0
314 576 0
314 703 0
314 706 0
314 810 0
315 490 0
315 618 0
315 844 0
318 646 0
320 591 0
320 644 0
320 982 0
321 367 0
321 474 0
321 768 0
322 342 0
322 486 0
322 999 0
323 732 0
324 624 0
325 630 0
326 457 0
328 706 0
328 731 0
329 683 0
330 789 0
330 864 0
331 360 0
331 371 0
331 617 0
332 573 0
334 695 0
335 985 0
336 409 0
336 734 0
336 889 0
337 559 0
337 660 0
337 807 0
337 982 0
338 729 0
340 507 0
341 767 0
342 513 0
343 400 0
343 526 0
343 529 0
343 770 0
344 760 0
345 795 0
346 505 0
346 513 0
346 887 0
346 892 0
347 413 0
347 554 0
347 935 0
347 978 0
348 503 0
348 677 0
348 904 0
349 613 0
351 583 0
353 471 0
353 624 0
353 765 0
355 878 0
357 926 0
358 482 0
359 374 0
359 532 0
359 861 0
360 907 0
361 488 0
362 639 0
363 456 0
363 619 0
363 735 0
364 471 0
364 476 0
364 909 0
364 958 0
365 936 0
366 959 0
368 765 0
369 903 0
371 721 0
371 875 0
373 784 0
374 451 0
374 572 0
376 586 0
376 683 0
376 802 0
376 866 0
379 661 0
380 543 0
381 714 0
383 597 0
385 651 0
385 697 0
385 750 0
385 846 0
387 651 0
388 418 0
391 902 0
392 755 0
395 752 0
395 770 0
395 831 0
395 848 0
396 926 0
397 685 0
397 755 0
397 828 0
398 499 0
398 807 0
398 871 0
399 548 0
399 552 0
399 634 0
399 668 0
399 801 0
400 756 0
400 841 0
402 651 0
403 852 0
403 963 0
403 977 0
403 982 0
404 624 0
405 771 0
405 856 0
405 988 0
406 636 0
407 435 0
408 613 0
411 586 0
414 448 0
415 1000 0
417 646 0
417 760 0
418 859 0
419 714 0
419 866 0
420 720 0
420 934 0
423 570 0
424 702 0
425 850 0
426 785 0
427 732 0
428 532 0
429 597 0
431 646 0
433 463 0
434 587 0
434 678 0
434 790 0
434 945 0
435 917 0
436 663 0
437 563 0
437 644 0
437 647 0
437 707 0
437 991 0
439 749 0
440 613 0
441 533 0
442 614 0
443 742 0
444 601 0
446 659 0
446 844 0
446 865 0
447 499 0
447 724 0
447 816 0
447 874 0
447 971 0
448 761 0
448 872 0
449 817 0
450 518 0
453 671 0
453 896 0
453 975 0
454 652 0
454 811 0
454 826 0
454 943 0
455 461 0
455 676 0
457 558 0
458 950 0
458 979 0
460 471 0
460 481 0
460 614 0
460 931 0
461 516 0
461 610 0
461 689 0
462 645 0
462 649 0
462 816 0
462 855 0
463 735 0
464 958 0
465 750 0
466 613 0
466 745 0
466 798 0
467 889 0
468 842 0
471 830 0
472 539 0
474 639 0
474 703 0
476 699 0
476 728 0
476 759 0
477 526 0
478 811 0
478 884 0
478 941 0
479 510 0
479 538 0
479 811 0
479 876 0
480 641 0
480 947 0
480 952 0
481 822 0
482 557 0
482 698 0
482 702 0
482 879 0
484 608 0
484 713 0
484 788 0
484 853 0
485 731 0
486 556 0
486 664 0
488 805 0
488 898 0
488 918 0
489 738 0
489 823 0
489 944 0
492 803 0
492 807 0
492 834 0
493 507 0
494 569 0
494 948 0
496 964 0
497 653 0
498 953 0
499 526 0
502 851 0
504 516 0
505 548 0
505 732 0
505 833 0
508 768 0
508 790 0
511 813 0
511 975 0
514 838 0
514 888 0
516 801 0
516 900 0
517 611 0
517 813 0
517 970 0
518 672 0
518 929 0
519 961 0
522 681 0
522 729 0
522 931 0
524 661 0
524 931 0
525 794 0
526 535 0
526 684 0
527 760 0
528 847 0
529 634 0
529 822 0
529 991 0
531 888 0
534 726 0
536 676 0
537 851 0
539 580 0
539 911 0
540 791 0
542 778 0
542 924 0
543 821 0
544 679 0
545 795 0
547 714 0
548 586 0
549 784 0
550 958 0
551 683 0
553 847 0
555 581 0
557 715 0
557 845 0
557 966 0
558 564 0
558 614 0
560 729 0
561 712 0
561 725 0
561 783 0
562 755 0
564 615 0
564 781 0
565 964 0
567 921 0
568 620 0
569 739 0
569 936 0
570 599 0
570 790 0
571 798 0
573 894 0
573 948 0
574 887 0
576 934 0
578 887 0
581 711 0
581 768 0
581 910 0
583 689 0
583 778 0
584 609 0
585 629 0
585 886 0
585 995 0
586 642 0
588 909 0
589 614 0
590 706 0
591 695 0
591 953 0
592 817 0
597 764 0
597 979 0
599 695 0
599 809 0
600 695 0
601 674 0
601 723 0
602 638 0
605 961 0
606 709 0
607 628 0
608 866 0
609 610 0
612 630 0
613 941 0
614 966 0
616 883 0
616 967 0
620 687 0
623 818 0
625 818 0
626 915 0
628 868 0
628 951 0
629 731 0
629 903 0
632 749 0
632 817 0
633 750 0
634 774 0
635 888 0
636 666 0
636 940 0
637 842 0
638 939 0
639 934 0
640 800 0
647 983 0
647 999 0
648 820 0
648 893 0
648 979 0
650 663 0
650 775 0
650 926 0
650 972 0
651 899 0
653 804 0
653 864 0
654 774 0
656 879 0
657 983 0
658 846 0
659 683 0
659 838 0
661 770 0
665 798 0
666 702 0
666 964 0
667 686 0
669 735 0
669 927 0
670 795 0
673 760 0
675 879 0
676 998 0
679 691 0
679 929 0
680 718 0
681 862 0
681 987 0
685 833 0
685 854 0
685 869 0
686 797 0
686 993 0
689 709 0
689 847 0
690 726 0
693 814 0
694 1000 0
695 895 0
697 833 0
697 956 0
697 974 0
697 979 0
698 935 0
700 903 0
701 818 0
704 972 0
705 828 0
708 936 0
709 769 0
713 742 0
713 913 0
716 983 0
717 765 0
721 844 0
721 924 0
726 788 0
729 863 0
730 731 0
731 754 0
731 941 0
732 783 0
735 775 0
739 762 0
739 809 0
739 885 0
739 933 0
741 953 0
742 908 0
742 944 0
743 791 0
745 753 0
745 867 0
746 800 0
749 771 0
749 975 0
751 936 0
757 780 0
760 856 0
761 985 0
765 799 0
767 796 0
767 844 0
772 999 0
774 827 0
777 905 0
777 935 0
779 842 0
784 856 0
784 889 0
786 787 0
786 938 0
788 851 0
790 992 0
792 802 0
793 992 0
794 853 0
797 931 0
798 976 0
800 882 0
801 909 0
804 931 0
809 959 0
809 982 0
810 919 0
810 973 0
813 842 0
814 975 0
815 847 0
816 921 0
818 853 0
822 861 0
825 990 0
828 880 0
830 1000 0
834 875 0
836 961 0
837 913 0
839 999 0
840 846 0
843 992 0
846 870 0
849 992 0
850 853 0
857 990 0
861 929 0
864 866 0
875 984 0
878 914 0
878 986 0
879 906 0
881 902 0
897 915 0
903 981 0
906 909 0
907 909 0
907 926 0
913 946 0
915 935 0
921 956 0
922 972 0
925 1000 0
929 990 0
