160 237 0
1 21 0
1 30 0
1 87 0
1 129 0
1 141 0
2 34 0
2 41 0
2 70 0
2 104 0
3 62 0
4 14 0
4 42 0
4 74 0
4 97 0
4 122 0
4 158 0
5 40 0
6 40 0
6 69 0
7 17 0
7 47 0
7 112 0
7 145 0
7 149 0
8 12 0
8 117 0
8 128 0
8 148 0
9 33 0
9 55 0
9 65 0
9 81 0
9 96 0
9 132 0
9 156 0
10 107 0
11 135 0
11 146 0
12 34 0
12 98 0
12 148 0
12 155 0
13 104 0
14 65 0
15 17 0
15 107 0
15 127 0
16 103 0
16 159 0
17 83 0
17 92 0
17 102 0
17 123 0
17 149 0
18 44 0
18 76 0
18 118 0
18 124 0
19 41 0
19 135 0
19 156 0
20 62 0
21 157 0
22 33 0
22 93 0
22 128 0
22 157 0
23 47 0
23 81 0
24 107 0
25 104 0
25 156 0
26 64 0
26 72 0
26 125 0
26 143 0
26 153 0
27 28 0
27 68 0
28 65 0
28 112 0
29 66 0
31 101 0
32 157 0
33 46 0
33 90 0
33 109 0
33 112 0
34 51 0
34 122 0
34 140 0
35 78 0
36 98 0
37 145 0
38 49 0
38 135 0
39 146 0
40 56 0
40 123 0
40 144 0
41 50 0
41 52 0
41 67 0
41 94 0
42 156 0
43 68 0
43 78 0
43 81 0
43 157 0
45 69 0
45 93 0
45 126 0
47 48 0
47 59 0
49 82 0
49 159 0
50 99 0
51 63 0
51 87 0
51 113 0
51 123 0
51 140 0
51 149 0
52 65 0
52 107 0
53 88 0
53 113 0
53 138 0
54 96 0
54 100 0
54 101 0
55 56 0
55 76 0
55 140 0
56 82 0
56 89 0
56 138 0
57 70 0
57 111 0
58 120 0
59 147 0
60 65 0
61 145 0
62 87 0
62 142 0
63 103 0
64 67 0
64 135 0
64 140 0
64 159 0
65 76 0
66 81 0
66 114 0
66 137 0
67 104 0
68 85 0
68 130 0
69 157 0
70 86 0
70 94 0
70 128 0
71 159 0
72 80 0
72 95 0
72 128 0
72 154 0
72 158 0
73 98 0
73 145 0
74 125 0
75 148 0
76 105 0
77 88 0
77 145 0
78 79 0
78 84 0
78 126 0
80 91 0
80 134 0
81 121 0
81 132 0
81 140 0
82 112 0
82 127 0
84 148 0
85 118 0
86 111 0
87 103 0
87 149 0
88 155 0
89 96 0
89 104 0
91 155 0
92 159 0
93 122 0
93 147 0
95 106 0
96 113 0
96 133 0
97 99 0
98 152 0
99 159 0
100 107 0
100 121 0
101 131 0
101 158 0
102 116 0
103 150 0
104 134 0
105 106 0
105 119 0
105 136 0
107 121 0
107 142 0
108 138 0
110 155 0
111 156 0
115 121 0
115 150 0
116 146 0
117 146 0
118 144 0
119 152 0
120 122 0
120 151 0
120 160 0
121 136 0
122 140 0
123 131 0
124 130 0
125 158 0
128 137 0
132 138 0
137 138 0
139 156 0
146 158 0
149 158 0
