140 175 0
1 28 0
2 130 0
3 22 0
3 134 0
4 27 0
4 87 0
5 15 0
5 55 0
5 58 0
5 60 0
5 120 0
6 41 0
6 130 0
7 41 0
7 115 0
7 117 0
7 136 0
8 57 0
9 45 0
9 73 0
9 74 0
9 90 0
9 138 0
10 71 0
10 85 0
10 107 0
10 128 0
10 135 0
11 26 0
11 83 0
11 88 0
11 122 0
12 32 0
12 119 0
12 131 0
12 137 0
13 25 0
14 40 0
14 42 0
14 64 0
14 75 0
14 104 0
15 59 0
15 86 0
15 95 0
15 133 0
16 41 0
16 44 0
16 52 0
16 75 0
16 88 0
16 96 0
17 35 0
17 61 0
18 98 0
19 63 0
19 99 0
20 75 0
21 31 0
22 60 0
22 65 0
22 89 0
22 112 0
22 113 0
23 80 0
23 83 0
23 134 0
24 126 0
25 60 0
25 108 0
25 127 0
26 58 0
27 59 0
27 66 0
28 41 0
28 56 0
28 70 0
28 136 0
29 75 0
30 54 0
31 51 0
31 95 0
31 118 0
33 69 0
34 73 0
35 69 0
36 38 0
36 48 0
36 52 0
36 69 0
36 129 0
36 130 0
36 135 0
37 48 0
37 121 0
38 42 0
38 48 0
38 138 0
39 45 0
40 47 0
40 114 0
40 140 0
41 48 0
42 50 0
42 111 0
42 119 0
43 54 0
45 103 0
45 116 0
46 66 0
47 88 0
48 71 0
49 98 0
50 87 0
53 73 0
53 77 0
54 62 0
54 119 0
57 59 0
57 71 0
57 91 0
57 97 0
59 135 0
60 138 0
61 78 0
61 86 0
61 95 0
61 107 0
63 76 0
63 102 0
63 110 0
64 82 0
64 84 0
64 90 0
66 102 0
66 104 0
66 115 0
67 129 0
68 74 0
69 99 0
71 87 0
72 74 0
72 89 0
72 115 0
73 81 0
74 79 0
75 77 0
80 112 0
83 120 0
87 113 0
88 98 0
88 111 0
88 126 0
92 134 0
93 94 0
93 100 0
94 100 0
95 138 0
98 124 0
100 102 0
100 105 0
101 121 0
102 111 0
106 121 0
109 118 0
109 129 0
110 115 0
111 134 0
112 117 0
113 115 0
119 121 0
123 129 0
125 126 0
126 139 0
130 132 0
