120 136 0
1 11 0
1 85 0
2 45 0
3 18 0
3 61 0
3 77 0
3 86 0
4 67 0
4 87 0
5 29 0
5 32 0
5 35 0
5 39 0
6 55 0
6 76 0
6 110 0
6 120 0
7 76 0
8 73 0
9 92 0
10 44 0
11 30 0
11 33 0
11 56 0
11 94 0
12 42 0
12 93 0
13 110 0
14 47 0
14 57 0
14 82 0
14 96 0
15 22 0
15 54 0
15 69 0
15 88 0
15 100 0
16 66 0
17 79 0
18 42 0
18 103 0
18 116 0
19 44 0
20 92 0
21 22 0
21 33 0
22 67 0
22 76 0
23 89 0
24 33 0
25 119 0
26 79 0
27 56 0
27 116 0
27 120 0
28 33 0
30 64 0
30 78 0
30 95 0
31 37 0
31 97 0
31 101 0
31 109 0
33 47 0
34 94 0
35 66 0
35 106 0
35 116 0
36 66 0
36 100 0
37 67 0
37 75 0
37 116 0
38 42 0
40 79 0
41 76 0
42 70 0
42 74 0
43 46 0
43 75 0
44 69 0
44 71 0
45 62 0
45 102 0
45 114 0
46 55 0
48 73 0
49 89 0
50 68 0
50 73 0
50 89 0
50 120 0
51 68 0
52 119 0
53 103 0
53 120 0
55 108 0
55 117 0
55 120 0
56 62 0
56 69 0
58 68 0
59 119 0
60 104 0
62 79 0
62 86 0
62 104 0
63 73 0
65 85 0
66 98 0
67 111 0
68 90 0
69 92 0
72 103 0
74 92 0
74 112 0
75 81 0
75 107 0
76 83 0
80 106 0
81 87 0
84 104 0
85 96 0
85 113 0
86 90 0
87 110 0
91 103 0
93 94 0
94 115 0
96 119 0
96 120 0
99 104 0
105 110 0
105 117 0
106 112 0
106 118 0
