450 614 0
1 94 0
1 136 0
1 202 0
1 284 0
1 446 0
2 284 0
2 355 0
3 419 0
4 80 0
5 132 0
5 243 0
6 341 0
6 353 0
7 229 0
7 308 0
7 354 0
7 435 0
8 158 0
8 334 0
9 157 0
10 59 0
10 106 0
10 316 0
10 360 0
11 102 0
11 209 0
11 293 0
11 404 0
12 330 0
13 70 0
13 248 0
13 274 0
13 338 0
13 373 0
13 450 0
14 173 0
15 159 0
16 272 0
16 296 0
16 321 0
16 374 0
16 447 0
17 63 0
18 67 0
18 175 0
18 271 0
18 331 0
18 354 0
19 38 0
19 411 0
20 146 0
20 408 0
21 216 0
22 152 0
22 196 0
22 296 0
22 376 0
23 144 0
23 159 0
24 394 0
24 409 0
25 294 0
26 278 0
26 340 0
26 353 0
26 360 0
26 417 0
27 69 0
27 444 0
28 204 0
28 387 0
28 392 0
28 413 0
28 423 0
29 434 0
30 368 0
31 48 0
31 173 0
32 193 0
32 268 0
32 347 0
32 393 0
33 104 0
33 269 0
33 393 0
34 74 0
34 228 0
34 341 0
34 364 0
35 130 0
35 253 0
36 376 0
37 59 0
37 157 0
37 376 0
37 421 0
38 195 0
38 220 0
38 311 0
38 380 0
39 159 0
39 230 0
39 316 0
39 444 0
40 131 0
40 138 0
40 255 0
40 287 0
41 274 0
41 409 0
42 63 0
42 161 0
42 437 0
43 50 0
43 95 0
43 99 0
43 176 0
44 69 0
44 96 0
44 214 0
44 279 0
45 85 0
45 185 0
46 59 0
46 97 0
46 275 0
46 276 0
46 352 0
47 168 0
47 262 0
47 272 0
47 350 0
47 357 0
47 362 0
48 83 0
48 85 0
48 202 0
49 119 0
49 242 0
49 277 0
49 348 0
49 425 0
50 109 0
50 164 0
50 390 0
51 368 0
51 417 0
52 80 0
52 155 0
53 123 0
53 127 0
53 366 0
54 266 0
55 415 0
56 116 0
57 146 0
57 315 0
58 123 0
59 69 0
59 388 0
60 144 0
60 289 0
60 379 0
61 90 0
61 221 0
61 234 0
61 406 0
62 105 0
63 163 0
63 182 0
63 240 0
63 382 0
63 439 0
64 355 0
65 126 0
66 369 0
66 414 0
68 149 0
68 208 0
68 241 0
68 396 0
69 229 0
70 103 0
70 133 0
70 167 0
70 205 0
70 276 0
71 132 0
72 215 0
73 141 0
73 263 0
74 276 0
75 186 0
75 286 0
75 336 0
75 367 0
76 318 0
76 372 0
77 140 0
78 191 0
78 202 0
78 293 0
78 312 0
78 440 0
79 92 0
79 101 0
79 129 0
79 265 0
80 138 0
80 147 0
80 379 0
81 117 0
81 174 0
82 105 0
83 112 0
84 153 0
84 415 0
85 123 0
85 124 0
85 426 0
86 250 0
87 399 0
88 441 0
89 144 0
90 188 0
90 261 0
90 437 0
91 437 0
92 114 0
92 117 0
92 237 0
93 267 0
93 368 0
94 210 0
94 274 0
95 201 0
96 126 0
96 326 0
96 414 0
97 174 0
97 358 0
97 433 0
98 121 0
99 165 0
99 175 0
99 258 0
99 316 0
99 359 0
100 408 0
101 198 0
103 107 0
104 185 0
105 306 0
105 396 0
106 288 0
106 423 0
106 435 0
107 116 0
108 178 0
108 255 0
108 338 0
109 113 0
109 118 0
109 408 0
110 435 0
110 444 0
111 391 0
112 273 0
113 138 0
113 193 0
113 312 0
114 152 0
114 301 0
114 344 0
115 194 0
116 228 0
116 321 0
117 153 0
117 197 0
117 309 0
118 135 0
118 397 0
118 436 0
120 172 0
121 122 0
121 169 0
121 198 0
123 138 0
123 313 0
124 448 0
125 275 0
126 226 0
126 319 0
126 387 0
127 218 0
127 419 0
128 230 0
130 146 0
130 305 0
130 318 0
130 392 0
132 175 0
132 338 0
132 355 0
132 407 0
134 441 0
136 264 0
137 201 0
139 145 0
140 224 0
140 357 0
140 377 0
140 384 0
141 195 0
141 254 0
141 281 0
142 215 0
143 443 0
144 314 0
144 374 0
145 282 0
145 302 0
145 388 0
146 279 0
146 350 0
146 388 0
146 390 0
148 437 0
150 159 0
150 352 0
150 361 0
150 423 0
150 438 0
151 274 0
154 172 0
155 320 0
155 351 0
155 384 0
156 194 0
156 282 0
157 333 0
157 345 0
157 374 0
158 193 0
158 200 0
158 339 0
158 389 0
159 235 0
159 349 0
159 428 0
160 174 0
160 421 0
161 232 0
161 245 0
161 335 0
161 359 0
162 177 0
162 217 0
162 399 0
163 330 0
166 338 0
169 326 0
169 355 0
169 441 0
170 340 0
170 358 0
171 245 0
172 238 0
172 240 0
172 249 0
172 291 0
173 211 0
173 236 0
173 353 0
173 361 0
173 365 0
173 439 0
175 188 0
176 230 0
176 364 0
177 244 0
177 257 0
177 283 0
178 185 0
179 210 0
179 343 0
179 422 0
179 435 0
180 225 0
181 203 0
182 405 0
183 364 0
183 417 0
184 363 0
185 326 0
185 396 0
186 278 0
186 305 0
186 307 0
187 248 0
187 340 0
187 341 0
187 434 0
188 205 0
188 360 0
188 387 0
189 379 0
190 317 0
190 418 0
190 423 0
190 429 0
191 203 0
191 330 0
191 351 0
192 307 0
193 294 0
194 278 0
194 322 0
195 215 0
195 352 0
195 403 0
195 405 0
196 220 0
196 226 0
196 231 0
196 277 0
198 212 0
198 282 0
199 266 0
201 205 0
201 218 0
202 339 0
202 363 0
203 239 0
203 242 0
203 299 0
203 342 0
203 420 0
204 394 0
204 426 0
205 266 0
205 350 0
205 411 0
206 273 0
206 448 0
207 232 0
207 368 0
208 315 0
208 351 0
211 363 0
212 217 0
213 217 0
213 419 0
214 324 0
215 233 0
216 288 0
216 410 0
216 424 0
217 293 0
219 276 0
220 326 0
220 448 0
221 256 0
222 243 0
222 406 0
223 351 0
224 246 0
224 312 0
224 360 0
225 249 0
225 303 0
225 374 0
226 292 0
227 242 0
227 256 0
227 385 0
227 431 0
230 381 0
232 349 0
232 375 0
232 417 0
233 316 0
233 346 0
237 242 0
237 246 0
237 304 0
239 294 0
240 316 0
240 379 0
242 269 0
242 300 0
242 305 0
243 321 0
243 337 0
243 339 0
243 371 0
244 372 0
245 297 0
245 357 0
246 248 0
246 326 0
246 437 0
247 399 0
247 422 0
248 357 0
250 280 0
250 324 0
250 388 0
251 268 0
251 298 0
251 341 0
252 394 0
252 417 0
253 290 0
253 374 0
253 418 0
253 445 0
255 351 0
257 292 0
257 304 0
257 432 0
259 269 0
260 405 0
261 263 0
261 335 0
261 440 0
264 324 0
264 391 0
264 414 0
266 430 0
267 307 0
267 348 0
267 404 0
269 442 0
270 274 0
271 302 0
271 329 0
273 279 0
273 283 0
273 291 0
273 417 0
275 402 0
275 427 0
276 416 0
277 390 0
278 364 0
280 297 0
281 400 0
281 435 0
284 434 0
285 419 0
287 398 0
288 391 0
288 415 0
289 376 0
293 309 0
294 395 0
295 441 0
296 357 0
298 394 0
299 406 0
299 434 0
300 373 0
304 419 0
304 443 0
309 318 0
309 329 0
309 346 0
310 391 0
310 439 0
312 403 0
315 363 0
316 321 0
317 390 0
320 376 0
320 443 0
323 391 0
325 340 0
326 412 0
327 414 0
328 373 0
330 393 0
330 426 0
332 364 0
334 372 0
334 379 0
337 448 0
338 400 0
339 423 0
340 356 0
341 378 0
351 398 0
353 394 0
353 399 0
355 409 0
366 421 0
368 417 0
369 405 0
370 444 0
372 412 0
372 435 0
373 383 0
374 403 0
380 440 0
386 443 0
387 445 0
396 403 0
399 411 0
400 403 0
401 415 0
408 450 0
412 435 0
421 449 0
427 450 0
