140 211 0
1 103 0
1 118 0
1 133 0
2 22 0
2 23 0
2 26 0
2 79 0
2 94 0
2 132 0
2 136 0
3 11 0
3 48 0
3 49 0
3 71 0
3 73 0
3 120 0
4 17 0
4 88 0
5 44 0
5 79 0
5 110 0
5 126 0
6 88 0
6 89 0
6 116 0
6 123 0
7 38 0
7 39 0
7 85 0
7 89 0
7 126 0
8 128 0
9 25 0
9 28 0
9 54 0
9 56 0
9 62 0
10 13 0
10 80 0
10 89 0
10 138 0
11 53 0
12 66 0
12 96 0
12 120 0
14 118 0
14 126 0
14 134 0
15 73 0
16 50 0
16 133 0
17 35 0
17 70 0
17 87 0
17 95 0
18 137 0
19 50 0
19 75 0
20 47 0
20 125 0
21 56 0
21 70 0
21 97 0
21 101 0
22 38 0
22 65 0
22 82 0
24 34 0
24 48 0
24 60 0
24 88 0
24 108 0
24 122 0
25 64 0
25 74 0
25 89 0
26 50 0
26 75 0
26 93 0
26 126 0
26 134 0
27 55 0
27 93 0
28 106 0
28 123 0
29 59 0
29 62 0
29 69 0
29 73 0
29 135 0
30 43 0
30 75 0
30 91 0
31 79 0
32 84 0
32 87 0
32 108 0
33 79 0
34 69 0
35 124 0
35 134 0
36 87 0
36 129 0
37 120 0
38 92 0
38 95 0
38 102 0
38 124 0
39 71 0
39 82 0
39 85 0
40 84 0
40 110 0
41 121 0
42 129 0
43 57 0
43 83 0
44 48 0
44 57 0
44 90 0
44 103 0
45 134 0
46 93 0
46 108 0
47 54 0
47 55 0
47 85 0
47 87 0
49 68 0
49 72 0
49 107 0
50 61 0
50 104 0
51 121 0
52 120 0
53 64 0
53 85 0
53 100 0
53 112 0
55 60 0
55 84 0
56 58 0
58 74 0
58 84 0
58 128 0
60 62 0
60 66 0
60 71 0
60 83 0
60 93 0
63 66 0
63 96 0
63 105 0
63 126 0
65 66 0
65 98 0
65 136 0
65 140 0
66 77 0
66 115 0
67 108 0
69 82 0
69 118 0
69 128 0
70 71 0
70 106 0
71 84 0
72 97 0
72 104 0
73 77 0
73 102 0
73 109 0
75 78 0
76 137 0
77 88 0
78 129 0
79 99 0
81 83 0
81 93 0
82 111 0
83 99 0
83 130 0
84 105 0
84 106 0
85 137 0
86 118 0
90 134 0
90 138 0
91 129 0
93 114 0
96 110 0
96 115 0
96 117 0
98 121 0
102 119 0
105 137 0
106 113 0
108 111 0
108 113 0
108 139 0
109 124 0
110 131 0
110 133 0
111 121 0
111 129 0
113 137 0
115 121 0
118 125 0
118 140 0
119 128 0
127 137 0
