100 159 0
1 33 0
1 64 0
2 4 0
2 28 0
2 37 0
2 47 0
2 100 0
3 18 0
3 60 0
3 71 0
3 96 0
5 10 0
5 45 0
5 64 0
5 81 0
6 64 0
6 93 0
7 21 0
7 69 0
7 92 0
8 19 0
8 33 0
9 25 0
9 39 0
9 55 0
9 93 0
9 95 0
10 20 0
10 37 0
10 58 0
10 67 0
10 77 0
11 49 0
11 76 0
12 60 0
12 68 0
12 72 0
13 41 0
13 80 0
14 21 0
14 36 0
14 88 0
14 91 0
14 96 0
15 25 0
15 93 0
16 23 0
16 51 0
16 58 0
16 83 0
17 80 0
17 90 0
18 19 0
18 72 0
18 74 0
18 88 0
18 95 0
19 67 0
19 94 0
20 33 0
20 78 0
20 84 0
20 88 0
21 60 0
21 92 0
22 45 0
23 27 0
23 93 0
24 42 0
25 31 0
25 34 0
25 49 0
26 27 0
27 44 0
27 52 0
27 58 0
28 53 0
28 86 0
29 35 0
29 42 0
30 62 0
31 91 0
32 74 0
33 53 0
34 55 0
34 64 0
34 81 0
35 91 0
36 50 0
36 53 0
36 78 0
36 84 0
36 91 0
37 73 0
37 80 0
37 98 0
37 99 0
38 44 0
38 96 0
39 59 0
39 78 0
40 51 0
40 64 0
41 81 0
42 64 0
42 76 0
42 83 0
42 84 0
43 56 0
43 63 0
43 66 0
43 84 0
45 68 0
45 73 0
46 91 0
46 93 0
48 78 0
49 65 0
49 87 0
50 57 0
52 69 0
52 92 0
53 86 0
54 81 0
55 98 0
57 71 0
57 72 0
58 93 0
58 98 0
59 65 0
59 98 0
60 95 0
61 91 0
62 65 0
62 67 0
62 71 0
62 77 0
64 99 0
65 72 0
65 88 0
66 88 0
67 83 0
69 71 0
69 74 0
70 85 0
70 95 0
72 97 0
73 91 0
74 99 0
75 95 0
75 98 0
77 87 0
78 90 0
79 96 0
80 85 0
82 95 0
82 98 0
89 95 0
89 99 0
