160 198 0
1 5 0
1 14 0
1 17 0
1 84 0
1 145 0
2 84 0
3 129 0
3 146 0
4 95 0
5 69 0
5 97 0
5 130 0
6 141 0
7 68 0
8 25 0
8 55 0
8 146 0
9 13 0
9 89 0
10 67 0
10 98 0
10 120 0
10 154 0
11 71 0
12 42 0
12 63 0
13 21 0
13 150 0
14 40 0
14 50 0
14 146 0
15 71 0
15 81 0
15 95 0
15 111 0
16 96 0
17 66 0
17 119 0
17 127 0
18 36 0
18 48 0
18 102 0
19 47 0
19 114 0
20 66 0
20 84 0
21 89 0
22 48 0
23 35 0
23 158 0
24 45 0
24 92 0
24 97 0
25 38 0
25 146 0
25 148 0
26 53 0
26 133 0
26 137 0
26 145 0
26 155 0
27 158 0
28 123 0
29 111 0
30 45 0
31 142 0
32 61 0
32 123 0
33 105 0
34 73 0
35 67 0
35 80 0
35 100 0
35 104 0
35 108 0
36 47 0
36 65 0
36 154 0
36 156 0
37 96 0
39 102 0
39 110 0
39 112 0
39 139 0
40 47 0
40 89 0
40 140 0
41 51 0
42 44 0
42 60 0
42 132 0
42 146 0
43 61 0
43 103 0
45 46 0
45 110 0
47 100 0
48 63 0
48 74 0
48 126 0
49 150 0
50 65 0
50 81 0
51 76 0
51 124 0
51 126 0
51 130 0
52 149 0
53 142 0
54 125 0
55 74 0
55 79 0
55 92 0
55 103 0
56 141 0
57 68 0
58 129 0
58 132 0
59 123 0
60 71 0
60 124 0
60 146 0
61 78 0
61 91 0
61 115 0
62 95 0
63 133 0
64 122 0
65 74 0
65 88 0
65 155 0
67 125 0
67 126 0
68 88 0
68 94 0
68 144 0
70 93 0
70 121 0
70 138 0
70 141 0
70 155 0
71 143 0
72 123 0
73 99 0
73 114 0
73 146 0
74 122 0
74 158 0
75 125 0
77 89 0
78 140 0
81 113 0
81 126 0
82 105 0
82 115 0
83 142 0
84 101 0
85 111 0
86 149 0
87 113 0
87 123 0
87 129 0
87 141 0
88 105 0
88 142 0
90 140 0
94 96 0
95 134 0
96 155 0
98 116 0
100 108 0
100 117 0
105 160 0
106 158 0
107 109 0
107 122 0
109 137 0
110 113 0
110 149 0
110 150 0
111 151 0
113 115 0
115 137 0
115 150 0
116 149 0
117 137 0
118 124 0
118 160 0
122 131 0
124 156 0
124 157 0
125 153 0
128 141 0
129 152 0
135 150 0
136 140 0
137 159 0
142 147 0
