400 549 0
1 323 0
2 126 0
3 170 0
3 231 0
3 290 0
3 361 0
4 199 0
4 266 0
4 388 0
5 169 0
5 174 0
5 302 0
6 9 0
6 376 0
7 362 0
8 167 0
9 58 0
9 108 0
9 129 0
9 282 0
10 25 0
10 208 0
10 211 0
10 304 0
10 330 0
11 28 0
11 226 0
11 272 0
11 314 0
11 389 0
12 107 0
12 385 0
13 248 0
14 180 0
14 201 0
14 218 0
14 251 0
15 208 0
15 345 0
16 123 0
16 178 0
16 227 0
16 323 0
17 87 0
17 300 0
18 310 0
18 392 0
19 61 0
19 83 0
19 309 0
19 376 0
20 25 0
21 139 0
21 333 0
22 34 0
22 285 0
22 357 0
23 391 0
24 63 0
24 71 0
24 201 0
24 262 0
25 130 0
25 200 0
25 364 0
26 137 0
27 75 0
27 191 0
27 245 0
27 299 0
27 368 0
28 137 0
29 285 0
30 77 0
30 289 0
31 367 0
32 156 0
32 343 0
33 328 0
34 37 0
34 66 0
34 179 0
35 42 0
35 44 0
35 58 0
35 67 0
36 172 0
37 42 0
38 316 0
39 224 0
39 259 0
39 311 0
39 346 0
39 376 0
40 331 0
41 67 0
41 74 0
41 184 0
41 203 0
41 339 0
42 99 0
43 192 0
43 205 0
43 304 0
43 361 0
45 311 0
46 310 0
46 388 0
47 391 0
48 133 0
48 339 0
49 117 0
49 149 0
49 265 0
49 316 0
49 331 0
49 342 0
50 87 0
51 73 0
51 96 0
51 224 0
51 300 0
52 212 0
53 217 0
54 254 0
55 117 0
55 179 0
55 277 0
55 321 0
56 62 0
56 192 0
56 217 0
56 261 0
56 326 0
56 366 0
56 377 0
56 399 0
57 174 0
57 278 0
58 195 0
58 285 0
59 344 0
59 398 0
60 300 0
62 79 0
62 199 0
62 214 0
62 352 0
62 360 0
63 126 0
63 176 0
63 400 0
64 74 0
65 202 0
65 323 0
68 107 0
68 392 0
69 274 0
70 167 0
71 123 0
71 192 0
71 195 0
72 171 0
72 178 0
72 333 0
72 367 0
73 212 0
74 131 0
74 332 0
74 370 0
75 169 0
76 107 0
76 205 0
76 212 0
76 254 0
76 375 0
77 143 0
77 280 0
77 343 0
78 111 0
78 190 0
78 191 0
78 272 0
78 340 0
79 117 0
79 206 0
79 362 0
80 281 0
80 379 0
81 170 0
82 114 0
84 126 0
85 291 0
86 144 0
86 246 0
86 276 0
86 334 0
86 335 0
87 201 0
87 310 0
88 167 0
88 173 0
89 278 0
90 245 0
91 173 0
91 239 0
92 290 0
93 382 0
94 223 0
94 381 0
95 145 0
95 215 0
95 240 0
95 387 0
96 229 0
96 342 0
96 393 0
97 99 0
97 172 0
98 165 0
98 252 0
98 315 0
98 357 0
99 176 0
99 197 0
100 240 0
100 377 0
101 237 0
101 296 0
101 333 0
101 386 0
102 149 0
103 149 0
104 288 0
105 298 0
105 394 0
106 115 0
106 182 0
106 302 0
106 354 0
106 376 0
107 151 0
107 207 0
108 389 0
109 137 0
109 146 0
110 203 0
112 367 0
113 327 0
113 346 0
114 122 0
114 182 0
114 334 0
114 371 0
116 132 0
117 389 0
118 134 0
118 139 0
118 372 0
119 163 0
120 178 0
121 172 0
121 297 0
123 383 0
123 387 0
124 323 0
124 365 0
125 227 0
125 375 0
126 292 0
127 163 0
127 243 0
128 288 0
132 162 0
132 167 0
132 228 0
132 257 0
132 322 0
133 203 0
134 327 0
135 185 0
135 206 0
135 291 0
136 195 0
136 245 0
136 311 0
136 382 0
137 279 0
137 387 0
138 285 0
139 209 0
139 384 0
139 386 0
140 318 0
140 321 0
141 156 0
142 364 0
143 227 0
143 289 0
145 177 0
146 382 0
147 223 0
147 287 0
148 326 0
149 181 0
150 254 0
152 394 0
153 173 0
153 196 0
153 295 0
153 347 0
153 351 0
154 188 0
154 227 0
154 231 0
155 242 0
155 319 0
156 164 0
156 184 0
156 334 0
157 197 0
157 198 0
157 264 0
157 349 0
158 211 0
159 217 0
160 365 0
161 278 0
161 366 0
162 211 0
162 360 0
163 228 0
163 239 0
163 262 0
163 304 0
165 248 0
165 318 0
165 366 0
166 204 0
166 310 0
166 330 0
167 373 0
167 383 0
168 331 0
168 379 0
169 258 0
169 330 0
170 210 0
170 261 0
171 211 0
171 258 0
172 298 0
172 343 0
173 262 0
173 341 0
174 219 0
174 372 0
175 269 0
176 297 0
176 375 0
177 183 0
177 246 0
177 270 0
177 287 0
177 386 0
178 359 0
179 343 0
179 391 0
179 398 0
180 221 0
180 351 0
182 191 0
183 220 0
184 228 0
184 277 0
184 295 0
184 334 0
185 316 0
186 217 0
186 235 0
187 254 0
188 190 0
188 227 0
189 212 0
191 345 0
191 366 0
192 277 0
193 367 0
194 319 0
195 254 0
195 393 0
197 235 0
201 257 0
201 367 0
202 206 0
203 308 0
203 388 0
204 223 0
205 372 0
205 376 0
206 271 0
206 395 0
207 379 0
208 244 0
208 301 0
208 360 0
211 321 0
213 318 0
216 391 0
218 276 0
218 399 0
219 293 0
219 294 0
219 309 0
220 260 0
220 266 0
220 349 0
221 330 0
222 326 0
223 234 0
223 383 0
225 394 0
227 314 0
227 317 0
227 380 0
228 319 0
229 285 0
230 237 0
230 248 0
230 253 0
231 238 0
231 358 0
232 392 0
233 328 0
234 345 0
235 364 0
236 312 0
241 382 0
242 319 0
243 309 0
243 318 0
243 393 0
245 249 0
245 268 0
247 269 0
248 309 0
248 329 0
248 375 0
250 371 0
253 362 0
255 398 0
256 316 0
256 329 0
256 362 0
258 265 0
259 275 0
262 291 0
262 295 0
262 312 0
262 319 0
263 364 0
265 284 0
265 399 0
267 331 0
268 276 0
269 305 0
269 315 0
269 317 0
269 363 0
273 312 0
273 378 0
274 289 0
274 306 0
274 321 0
275 400 0
276 349 0
277 366 0
278 332 0
278 351 0
281 326 0
282 400 0
283 312 0
283 362 0
285 291 0
285 381 0
286 291 0
288 320 0
288 363 0
290 306 0
290 337 0
290 374 0
293 388 0
294 400 0
295 314 0
298 322 0
298 379 0
300 325 0
300 371 0
300 372 0
300 384 0
303 339 0
304 349 0
304 351 0
305 365 0
306 315 0
307 385 0
309 350 0
311 353 0
311 397 0
313 323 0
314 392 0
316 357 0
316 372 0
316 385 0
318 322 0
321 388 0
324 362 0
326 357 0
327 336 0
327 351 0
328 350 0
328 387 0
329 372 0
331 370 0
331 378 0
331 399 0
338 377 0
338 400 0
339 356 0
343 379 0
344 371 0
345 348 0
347 381 0
349 351 0
349 391 0
353 384 0
355 385 0
361 363 0
361 386 0
361 398 0
363 364 0
365 389 0
369 371 0
371 393 0
377 390 0
383 394 0
385 389 0
392 393 0
396 398 0
