300 407 0
1 172 0
1 179 0
1 182 0
2 196 0
3 250 0
4 43 0
4 55 0
4 149 0
4 294 0
5 112 0
5 260 0
6 117 0
7 225 0
8 196 0
9 103 0
9 128 0
9 192 0
9 208 0
9 265 0
9 278 0
10 299 0
11 227 0
12 97 0
12 215 0
12 286 0
13 165 0
14 190 0
15 117 0
16 231 0
17 188 0
17 281 0
18 80 0
18 107 0
18 113 0
18 249 0
18 281 0
19 154 0
20 175 0
21 217 0
21 227 0
22 197 0
22 232 0
23 98 0
23 270 0
23 286 0
23 288 0
24 139 0
24 157 0
25 55 0
25 234 0
25 256 0
25 290 0
26 33 0
26 138 0
26 146 0
26 168 0
26 202 0
27 107 0
27 117 0
27 165 0
27 228 0
28 45 0
28 96 0
28 161 0
28 193 0
28 224 0
29 33 0
29 245 0
30 41 0
31 300 0
32 120 0
32 154 0
32 187 0
32 222 0
32 225 0
33 111 0
33 272 0
34 159 0
35 112 0
35 173 0
36 296 0
37 60 0
38 48 0
38 56 0
38 110 0
38 137 0
39 146 0
39 171 0
40 193 0
40 250 0
41 85 0
41 178 0
41 257 0
42 173 0
44 131 0
44 174 0
44 207 0
44 242 0
44 245 0
44 290 0
46 58 0
46 71 0
47 74 0
47 93 0
47 121 0
47 199 0
48 157 0
48 167 0
48 172 0
48 232 0
49 147 0
50 88 0
51 84 0
51 90 0
52 112 0
53 142 0
53 184 0
53 209 0
53 215 0
54 132 0
54 204 0
54 211 0
54 290 0
55 105 0
55 135 0
55 227 0
55 281 0
55 296 0
57 202 0
58 164 0
59 106 0
59 192 0
59 223 0
59 233 0
60 77 0
60 265 0
60 277 0
61 218 0
62 107 0
62 212 0
62 288 0
63 95 0
63 284 0
64 72 0
64 171 0
65 75 0
66 129 0
67 158 0
67 228 0
68 129 0
68 218 0
69 164 0
70 126 0
71 86 0
71 99 0
71 181 0
71 217 0
71 242 0
72 163 0
72 238 0
72 256 0
73 190 0
73 218 0
73 219 0
74 196 0
74 197 0
74 200 0
74 292 0
75 97 0
75 205 0
75 277 0
76 105 0
77 167 0
77 274 0
78 228 0
79 204 0
79 281 0
79 294 0
80 114 0
80 119 0
80 156 0
80 158 0
81 202 0
81 227 0
82 147 0
83 249 0
84 175 0
84 183 0
84 232 0
84 236 0
84 250 0
85 98 0
85 129 0
85 164 0
85 218 0
86 228 0
86 237 0
86 256 0
87 172 0
87 267 0
88 113 0
88 139 0
88 192 0
89 232 0
90 226 0
90 256 0
90 276 0
90 291 0
91 118 0
91 253 0
91 261 0
91 264 0
91 273 0
92 260 0
94 172 0
95 231 0
95 288 0
96 199 0
97 191 0
98 193 0
98 234 0
99 150 0
99 166 0
99 188 0
99 241 0
99 295 0
100 267 0
101 163 0
101 188 0
101 300 0
102 292 0
103 132 0
103 143 0
103 188 0
103 293 0
103 298 0
104 222 0
105 152 0
105 185 0
105 216 0
105 236 0
105 276 0
106 196 0
107 242 0
107 261 0
108 270 0
108 292 0
109 148 0
109 164 0
111 228 0
112 169 0
112 230 0
112 235 0
113 282 0
114 288 0
115 120 0
115 197 0
115 219 0
115 229 0
115 259 0
116 117 0
117 231 0
119 256 0
120 242 0
121 139 0
122 177 0
123 202 0
124 260 0
125 140 0
125 187 0
125 275 0
125 299 0
126 180 0
126 191 0
126 209 0
127 173 0
129 160 0
129 209 0
129 297 0
130 167 0
130 234 0
130 261 0
131 153 0
133 161 0
133 262 0
134 299 0
135 165 0
136 231 0
138 193 0
138 202 0
138 232 0
139 162 0
140 153 0
140 189 0
140 203 0
141 248 0
144 275 0
145 173 0
145 256 0
146 254 0
146 283 0
147 245 0
147 277 0
148 152 0
148 201 0
148 241 0
148 290 0
149 192 0
150 170 0
151 169 0
151 190 0
154 240 0
154 243 0
155 157 0
156 248 0
157 274 0
157 289 0
158 243 0
158 275 0
159 197 0
159 206 0
159 255 0
159 258 0
160 249 0
161 177 0
161 212 0
161 242 0
161 252 0
161 261 0
162 165 0
162 254 0
163 192 0
164 270 0
165 187 0
165 282 0
167 183 0
167 197 0
168 230 0
168 261 0
168 277 0
169 284 0
170 294 0
170 296 0
171 207 0
171 276 0
172 176 0
173 230 0
174 254 0
175 182 0
177 239 0
177 255 0
177 256 0
178 185 0
178 199 0
179 288 0
183 273 0
183 284 0
185 196 0
186 270 0
187 209 0
187 261 0
187 293 0
188 200 0
188 260 0
190 273 0
192 200 0
193 211 0
193 231 0
193 267 0
194 202 0
195 267 0
197 244 0
197 248 0
198 248 0
200 234 0
206 231 0
210 276 0
213 218 0
213 281 0
214 286 0
219 292 0
220 292 0
221 248 0
222 269 0
222 280 0
225 263 0
225 274 0
228 289 0
230 296 0
237 299 0
242 300 0
244 284 0
246 270 0
247 263 0
247 288 0
249 268 0
249 271 0
250 282 0
251 296 0
262 276 0
262 286 0
266 276 0
273 276 0
275 279 0
279 281 0
281 285 0
287 300 0
