160 218 0
1 14 0
1 43 0
1 91 0
1 120 0
1 144 0
2 36 0
2 73 0
2 87 0
2 127 0
2 136 0
3 127 0
4 33 0
4 46 0
4 77 0
4 110 0
4 121 0
5 107 0
5 133 0
5 134 0
6 44 0
7 88 0
8 121 0
9 39 0
9 53 0
9 73 0
9 81 0
10 148 0
11 27 0
11 51 0
11 103 0
11 136 0
11 152 0
12 63 0
13 63 0
13 73 0
13 96 0
13 134 0
13 142 0
14 92 0
15 55 0
15 88 0
15 159 0
16 81 0
17 75 0
17 127 0
18 29 0
18 105 0
18 112 0
18 118 0
18 148 0
19 97 0
20 51 0
20 104 0
21 96 0
22 36 0
22 93 0
23 121 0
24 31 0
24 41 0
24 127 0
25 64 0
25 86 0
26 36 0
26 67 0
27 31 0
28 41 0
29 94 0
29 106 0
29 114 0
29 136 0
30 93 0
31 39 0
31 81 0
31 89 0
32 107 0
32 158 0
33 155 0
34 109 0
34 111 0
34 137 0
35 50 0
35 132 0
35 149 0
35 152 0
35 153 0
36 109 0
36 124 0
37 107 0
37 156 0
38 66 0
39 40 0
39 59 0
39 150 0
41 56 0
41 149 0
42 128 0
44 68 0
44 94 0
44 146 0
44 153 0
45 76 0
45 132 0
45 148 0
45 153 0
45 154 0
47 63 0
47 125 0
48 107 0
49 92 0
50 73 0
50 100 0
51 60 0
52 86 0
53 85 0
53 95 0
53 113 0
54 114 0
55 106 0
57 58 0
57 122 0
57 138 0
57 142 0
60 93 0
61 71 0
62 111 0
63 70 0
63 104 0
63 142 0
64 97 0
64 141 0
65 96 0
66 67 0
66 102 0
66 133 0
67 90 0
69 114 0
69 160 0
70 131 0
71 78 0
71 138 0
71 157 0
72 82 0
72 115 0
74 126 0
75 134 0
77 82 0
79 113 0
79 158 0
80 82 0
80 97 0
80 140 0
81 123 0
82 94 0
82 122 0
83 141 0
84 134 0
86 135 0
86 138 0
86 145 0
87 91 0
87 136 0
88 114 0
88 119 0
88 133 0
89 110 0
89 148 0
90 97 0
91 124 0
92 108 0
92 152 0
92 156 0
93 153 0
94 100 0
94 121 0
95 145 0
96 101 0
96 126 0
97 114 0
97 116 0
97 130 0
97 149 0
98 158 0
99 127 0
100 136 0
100 138 0
100 160 0
103 128 0
104 125 0
104 144 0
104 147 0
106 129 0
106 151 0
107 137 0
107 142 0
107 152 0
111 131 0
111 155 0
111 159 0
112 159 0
114 135 0
115 148 0
117 129 0
117 136 0
126 139 0
126 155 0
126 159 0
128 130 0
128 140 0
128 159 0
133 141 0
133 160 0
136 143 0
141 156 0
144 158 0
144 160 0
148 149 0
153 157 0
159 160 0
