100 129 0
1 50 0
2 87 0
3 80 0
3 94 0
4 87 0
5 9 0
5 27 0
5 69 0
5 87 0
6 33 0
6 35 0
7 70 0
8 13 0
8 28 0
8 43 0
8 48 0
9 36 0
9 47 0
9 61 0
10 69 0
11 76 0
11 77 0
12 60 0
12 63 0
12 83 0
12 91 0
13 31 0
13 56 0
13 83 0
14 52 0
14 55 0
14 93 0
14 97 0
15 74 0
16 41 0
16 65 0
17 33 0
17 95 0
18 19 0
18 31 0
18 84 0
19 27 0
19 69 0
19 70 0
19 83 0
19 96 0
20 79 0
21 79 0
21 91 0
21 92 0
22 76 0
23 94 0
24 91 0
25 45 0
25 74 0
25 77 0
26 56 0
27 34 0
27 45 0
27 46 0
28 59 0
29 63 0
29 70 0
30 91 0
31 60 0
31 86 0
31 88 0
32 33 0
33 65 0
34 44 0
34 64 0
34 68 0
35 74 0
37 41 0
37 86 0
38 92 0
39 44 0
40 44 0
40 54 0
41 46 0
41 58 0
41 81 0
42 60 0
43 88 0
44 84 0
45 68 0
46 50 0
46 70 0
47 66 0
47 97 0
49 60 0
50 53 0
50 80 0
51 69 0
54 61 0
54 63 0
56 62 0
56 71 0
57 94 0
59 79 0
60 88 0
60 90 0
62 98 0
63 75 0
64 66 0
64 67 0
64 72 0
64 85 0
65 76 0
65 96 0
68 82 0
68 98 0
69 73 0
70 77 0
70 99 0
74 96 0
75 80 0
76 93 0
76 100 0
78 91 0
79 95 0
79 97 0
80 85 0
82 92 0
83 97 0
85 87 0
89 92 0
92 97 0
94 96 0
