120 152 0
1 64 0
1 87 0
1 97 0
2 62 0
3 8 0
3 53 0
3 112 0
3 114 0
4 16 0
4 108 0
5 30 0
5 32 0
5 46 0
5 99 0
6 31 0
7 18 0
7 57 0
8 9 0
8 27 0
8 31 0
9 35 0
9 36 0
9 40 0
10 118 0
11 19 0
11 23 0
11 29 0
11 50 0
11 87 0
11 91 0
12 83 0
13 118 0
14 120 0
15 20 0
15 64 0
15 84 0
15 93 0
15 109 0
16 76 0
17 76 0
18 19 0
19 63 0
19 77 0
21 23 0
21 37 0
21 40 0
21 76 0
21 119 0
22 48 0
22 58 0
22 95 0
22 113 0
23 28 0
23 30 0
23 69 0
23 81 0
24 87 0
24 97 0
25 80 0
25 105 0
26 66 0
26 115 0
26 119 0
27 28 0
27 41 0
27 93 0
27 95 0
28 115 0
29 34 0
29 39 0
29 47 0
29 89 0
30 47 0
30 115 0
30 120 0
31 51 0
31 54 0
33 55 0
36 110 0
36 114 0
37 71 0
37 86 0
37 91 0
37 102 0
38 64 0
38 72 0
38 74 0
38 98 0
40 70 0
41 57 0
41 75 0
41 80 0
41 89 0
42 119 0
43 75 0
44 75 0
45 70 0
47 78 0
47 96 0
47 110 0
49 57 0
49 74 0
50 76 0
50 90 0
50 107 0
52 70 0
55 60 0
55 81 0
55 101 0
55 109 0
56 94 0
57 104 0
59 75 0
60 73 0
61 116 0
62 95 0
62 111 0
62 115 0
62 117 0
65 97 0
66 94 0
67 70 0
68 83 0
69 83 0
69 94 0
69 116 0
70 98 0
73 83 0
75 88 0
75 95 0
79 108 0
79 109 0
80 88 0
80 106 0
81 112 0
82 87 0
85 116 0
87 101 0
90 97 0
92 94 0
93 111 0
95 118 0
97 109 0
98 108 0
98 115 0
100 108 0
102 119 0
103 120 0
105 116 0
107 118 0
109 115 0
115 116 0
