80 147 0
1 72 0
2 9 0
2 39 0
2 49 0
2 55 0
3 35 0
4 30 0
5 16 0
5 44 0
5 56 0
6 34 0
6 48 0
7 20 0
7 41 0
7 55 0
7 60 0
7 70 0
8 30 0
8 35 0
8 42 0
8 69 0
9 20 0
10 67 0
10 69 0
11 31 0
11 33 0
11 41 0
11 53 0
11 73 0
12 25 0
12 37 0
12 76 0
13 39 0
13 63 0
13 66 0
14 42 0
14 65 0
14 72 0
14 80 0
15 80 0
16 30 0
16 46 0
16 50 0
16 59 0
16 66 0
17 22 0
17 53 0
17 71 0
18 30 0
18 37 0
18 39 0
18 43 0
18 49 0
18 62 0
18 64 0
19 25 0
19 47 0
19 48 0
20 45 0
20 77 0
20 79 0
21 27 0
21 80 0
22 52 0
22 71 0
23 24 0
23 37 0
23 46 0
23 69 0
24 28 0
24 47 0
24 79 0
25 38 0
25 57 0
25 79 0
26 50 0
27 50 0
28 45 0
28 51 0
28 54 0
28 58 0
28 79 0
29 56 0
29 61 0
29 75 0
30 37 0
31 37 0
31 42 0
31 46 0
31 49 0
31 52 0
31 67 0
31 74 0
32 46 0
32 50 0
32 54 0
34 46 0
35 41 0
35 68 0
35 72 0
35 75 0
35 77 0
36 41 0
36 50 0
36 54 0
37 43 0
37 61 0
39 41 0
39 69 0
40 48 0
41 47 0
41 63 0
42 65 0
43 51 0
44 54 0
44 59 0
44 66 0
44 74 0
44 78 0
45 49 0
46 54 0
46 60 0
46 61 0
47 76 0
48 56 0
48 73 0
48 74 0
53 56 0
54 56 0
54 69 0
54 76 0
55 58 0
55 60 0
56 57 0
56 61 0
61 72 0
63 74 0
63 79 0
65 69 0
65 73 0
66 72 0
66 78 0
66 80 0
68 71 0
71 75 0
71 79 0
77 79 0
