350 492 0
1 113 0
1 154 0
1 250 0
1 280 0
1 283 0
2 138 0
2 274 0
3 109 0
3 122 0
3 185 0
3 187 0
3 264 0
4 281 0
4 310 0
5 286 0
5 337 0
6 25 0
6 132 0
7 41 0
8 20 0
8 119 0
8 174 0
9 255 0
10 26 0
10 27 0
10 50 0
10 114 0
11 78 0
12 46 0
12 111 0
12 175 0
12 349 0
13 253 0
13 269 0
13 292 0
13 302 0
14 22 0
14 148 0
14 222 0
14 239 0
15 43 0
15 237 0
15 274 0
15 300 0
16 22 0
16 84 0
16 195 0
16 244 0
16 314 0
17 78 0
17 222 0
18 66 0
18 264 0
19 65 0
19 148 0
19 200 0
19 246 0
19 305 0
20 94 0
20 120 0
20 209 0
21 124 0
21 233 0
22 96 0
22 140 0
23 227 0
24 207 0
25 257 0
26 39 0
26 68 0
26 225 0
27 267 0
28 247 0
28 259 0
28 269 0
28 285 0
29 137 0
29 208 0
30 42 0
31 233 0
32 207 0
33 118 0
34 62 0
34 80 0
34 125 0
35 127 0
35 156 0
35 157 0
35 201 0
35 290 0
36 266 0
36 314 0
37 111 0
37 208 0
37 232 0
37 309 0
37 346 0
38 138 0
38 154 0
38 202 0
38 224 0
38 260 0
39 52 0
39 115 0
39 208 0
39 262 0
40 101 0
40 129 0
40 176 0
40 195 0
40 283 0
40 298 0
41 230 0
41 250 0
41 287 0
42 107 0
42 121 0
42 277 0
43 48 0
43 89 0
43 91 0
43 156 0
43 208 0
44 203 0
45 133 0
45 156 0
45 220 0
45 326 0
46 265 0
47 66 0
47 282 0
48 65 0
49 190 0
49 226 0
49 234 0
49 293 0
49 299 0
51 256 0
52 67 0
52 78 0
52 84 0
53 160 0
53 174 0
53 325 0
54 71 0
54 225 0
54 255 0
55 125 0
55 129 0
55 221 0
55 314 0
56 128 0
56 180 0
56 217 0
57 314 0
58 239 0
59 331 0
60 184 0
60 240 0
61 101 0
61 115 0
61 313 0
61 326 0
62 124 0
63 313 0
64 300 0
65 85 0
65 268 0
66 226 0
66 335 0
67 99 0
67 211 0
67 264 0
67 333 0
68 166 0
68 251 0
68 321 0
68 348 0
69 119 0
70 83 0
71 256 0
72 315 0
73 159 0
73 196 0
74 235 0
74 250 0
75 109 0
75 113 0
75 134 0
75 288 0
75 329 0
76 116 0
76 161 0
76 178 0
76 262 0
76 269 0
77 137 0
78 133 0
78 134 0
78 192 0
78 228 0
78 329 0
79 327 0
79 342 0
80 201 0
80 222 0
80 284 0
81 107 0
81 215 0
81 249 0
81 339 0
82 84 0
82 218 0
83 89 0
83 275 0
83 345 0
84 110 0
84 320 0
85 97 0
85 222 0
86 246 0
87 105 0
88 176 0
88 186 0
88 296 0
88 325 0
89 104 0
89 196 0
89 235 0
90 279 0
91 118 0
91 227 0
91 286 0
92 150 0
92 201 0
92 272 0
93 134 0
94 177 0
95 215 0
95 294 0
96 191 0
96 307 0
97 236 0
98 151 0
98 221 0
98 248 0
98 294 0
99 176 0
99 190 0
100 301 0
100 305 0
102 184 0
102 289 0
103 250 0
103 327 0
104 199 0
104 218 0
104 223 0
105 143 0
105 162 0
105 245 0
106 194 0
106 202 0
106 295 0
106 343 0
107 132 0
107 175 0
107 257 0
107 269 0
107 280 0
107 289 0
108 125 0
108 277 0
109 137 0
109 212 0
109 233 0
111 134 0
111 186 0
112 150 0
112 173 0
114 329 0
115 207 0
115 255 0
115 257 0
116 212 0
116 256 0
116 315 0
116 335 0
117 121 0
118 198 0
118 350 0
119 199 0
119 228 0
119 301 0
120 154 0
120 204 0
120 336 0
121 142 0
121 189 0
123 130 0
123 146 0
123 263 0
123 283 0
124 154 0
124 171 0
124 344 0
125 205 0
126 305 0
128 154 0
128 267 0
128 319 0
129 238 0
129 252 0
129 282 0
129 312 0
131 223 0
131 276 0
131 307 0
131 340 0
132 156 0
132 170 0
132 317 0
132 324 0
133 228 0
134 167 0
134 197 0
134 318 0
135 281 0
136 176 0
137 165 0
137 167 0
137 316 0
139 209 0
139 231 0
139 269 0
139 323 0
141 331 0
143 269 0
144 314 0
145 325 0
147 239 0
148 165 0
148 208 0
149 258 0
150 226 0
150 241 0
150 322 0
151 219 0
151 289 0
151 333 0
152 258 0
153 207 0
153 302 0
155 172 0
155 248 0
157 292 0
158 296 0
159 172 0
160 208 0
160 218 0
160 280 0
161 255 0
161 308 0
162 177 0
162 186 0
162 327 0
163 300 0
164 325 0
165 170 0
165 172 0
165 258 0
166 237 0
168 225 0
168 252 0
169 176 0
169 185 0
169 201 0
171 329 0
172 179 0
172 214 0
172 332 0
173 236 0
173 321 0
174 199 0
174 240 0
174 332 0
174 348 0
175 287 0
176 297 0
176 330 0
177 191 0
177 213 0
177 257 0
179 268 0
180 248 0
180 287 0
181 246 0
182 236 0
183 238 0
183 277 0
183 322 0
184 250 0
184 266 0
184 306 0
186 262 0
186 280 0
188 237 0
188 286 0
193 235 0
195 198 0
196 206 0
196 330 0
197 237 0
197 332 0
199 236 0
200 295 0
200 296 0
201 313 0
202 221 0
202 274 0
202 279 0
203 250 0
203 310 0
203 342 0
209 301 0
210 315 0
211 328 0
212 218 0
212 226 0
214 290 0
216 233 0
217 235 0
218 221 0
219 281 0
222 254 0
223 313 0
223 328 0
223 331 0
224 314 0
225 244 0
225 317 0
226 227 0
227 273 0
227 291 0
229 296 0
231 347 0
232 343 0
233 344 0
234 279 0
237 321 0
237 337 0
239 266 0
240 252 0
240 254 0
241 253 0
242 274 0
242 281 0
243 281 0
246 281 0
246 312 0
246 315 0
247 315 0
248 303 0
254 321 0
255 265 0
256 347 0
257 261 0
257 278 0
258 270 0
262 283 0
264 331 0
267 315 0
271 286 0
272 327 0
274 308 0
274 328 0
279 304 0
280 309 0
281 283 0
284 331 0
285 347 0
286 300 0
286 301 0
294 311 0
294 338 0
295 329 0
298 328 0
300 341 0
305 308 0
310 341 0
315 334 0
322 325 0
