120 152 0
1 3 0
1 7 0
1 24 0
1 52 0
2 3 0
2 26 0
2 38 0
2 52 0
2 53 0
3 13 0
3 30 0
4 38 0
4 44 0
5 44 0
5 110 0
6 12 0
6 54 0
8 44 0
8 49 0
8 72 0
8 83 0
9 96 0
9 105 0
9 107 0
10 96 0
11 38 0
11 78 0
11 99 0
11 102 0
11 103 0
12 19 0
12 94 0
13 28 0
13 94 0
13 103 0
13 116 0
14 21 0
15 18 0
15 62 0
16 69 0
17 77 0
18 67 0
18 70 0
18 94 0
18 114 0
19 90 0
20 83 0
21 37 0
21 58 0
21 62 0
21 112 0
22 46 0
22 64 0
23 109 0
24 50 0
24 103 0
25 42 0
26 115 0
27 55 0
27 107 0
28 72 0
28 82 0
28 98 0
29 77 0
29 89 0
30 45 0
30 55 0
30 62 0
30 68 0
31 88 0
31 100 0
31 106 0
31 112 0
32 71 0
33 49 0
34 56 0
35 81 0
35 111 0
36 56 0
37 104 0
37 115 0
38 48 0
39 79 0
40 57 0
40 82 0
40 104 0
41 49 0
42 60 0
42 84 0
42 114 0
42 116 0
43 107 0
44 51 0
46 115 0
47 69 0
48 79 0
48 103 0
49 110 0
50 107 0
51 76 0
51 79 0
54 61 0
54 85 0
54 86 0
54 117 0
56 82 0
56 97 0
57 72 0
57 104 0
57 108 0
57 116 0
58 107 0
59 73 0
59 83 0
63 71 0
64 89 0
64 102 0
64 111 0
65 79 0
66 81 0
66 96 0
66 98 0
66 109 0
69 76 0
69 102 0
71 75 0
71 97 0
72 97 0
72 117 0
73 81 0
74 87 0
77 94 0
77 118 0
79 116 0
80 115 0
81 91 0
83 101 0
84 87 0
87 113 0
87 117 0
88 106 0
90 109 0
92 105 0
93 96 0
95 105 0
96 119 0
97 115 0
98 102 0
98 112 0
105 117 0
107 112 0
109 120 0
