100 114 0
1 67 0
1 70 0
1 91 0
1 96 0
2 17 0
2 66 0
3 42 0
4 42 0
5 49 0
5 79 0
6 23 0
7 48 0
8 91 0
9 18 0
10 13 0
10 37 0
10 71 0
10 93 0
10 95 0
11 42 0
12 25 0
12 32 0
12 43 0
12 89 0
13 49 0
13 90 0
14 66 0
14 80 0
14 87 0
14 94 0
15 39 0
16 26 0
16 40 0
16 61 0
17 87 0
18 62 0
18 63 0
18 81 0
19 27 0
19 94 0
19 96 0
20 48 0
20 100 0
21 66 0
22 98 0
23 37 0
23 58 0
23 90 0
24 45 0
26 27 0
26 44 0
26 45 0
26 49 0
27 32 0
27 37 0
28 98 0
29 41 0
30 98 0
31 95 0
32 42 0
32 61 0
33 53 0
34 44 0
34 46 0
34 80 0
35 44 0
36 39 0
37 95 0
38 45 0
39 75 0
39 100 0
40 91 0
41 46 0
41 52 0
41 81 0
44 74 0
45 86 0
47 60 0
47 64 0
47 72 0
47 81 0
48 61 0
48 85 0
48 100 0
49 65 0
49 88 0
50 70 0
51 91 0
51 93 0
53 57 0
53 68 0
53 96 0
54 70 0
55 80 0
56 87 0
59 87 0
61 77 0
61 79 0
66 69 0
70 83 0
73 95 0
75 86 0
76 84 0
78 80 0
79 80 0
80 92 0
81 86 0
81 94 0
82 84 0
84 97 0
84 100 0
94 100 0
95 99 0
96 98 0
