100 129 0
1 66 0
1 98 0
2 35 0
3 75 0
3 82 0
3 85 0
3 88 0
4 20 0
4 31 0
5 43 0
5 90 0
5 92 0
6 37 0
7 26 0
7 37 0
7 39 0
7 99 0
8 57 0
9 97 0
10 82 0
11 69 0
12 45 0
12 69 0
13 57 0
14 38 0
14 55 0
14 61 0
15 17 0
15 20 0
15 24 0
15 83 0
16 85 0
17 39 0
17 42 0
17 51 0
18 57 0
19 36 0
19 39 0
19 75 0
21 92 0
22 82 0
23 37 0
23 62 0
25 100 0
26 27 0
26 40 0
26 54 0
26 63 0
26 78 0
27 69 0
27 98 0
28 74 0
29 88 0
30 69 0
31 36 0
31 65 0
31 73 0
31 77 0
31 100 0
32 42 0
33 73 0
33 92 0
34 72 0
34 97 0
35 59 0
35 60 0
35 62 0
36 55 0
36 77 0
36 98 0
37 72 0
38 40 0
38 51 0
39 89 0
40 99 0
41 99 0
42 46 0
42 53 0
43 51 0
43 60 0
44 66 0
45 46 0
45 51 0
47 90 0
48 60 0
48 74 0
48 88 0
49 64 0
50 70 0
50 74 0
51 78 0
52 64 0
52 77 0
55 58 0
55 77 0
55 96 0
56 78 0
56 91 0
57 93 0
59 64 0
59 75 0
59 92 0
60 61 0
60 78 0
61 82 0
64 84 0
66 71 0
66 98 0
67 85 0
68 91 0
69 98 0
70 91 0
71 75 0
74 87 0
74 93 0
75 93 0
76 92 0
79 100 0
80 88 0
81 85 0
86 100 0
87 99 0
89 90 0
89 91 0
89 100 0
90 94 0
93 97 0
95 97 0
96 99 0
