800 886 0
1 335 0
2 753 0
3 40 0
4 660 0
5 26 0
6 742 0
7 68 0
8 741 0
9 451 0
10 463 0
11 92 0
12 715 0
13 57 0
13 103 0
13 312 0
13 520 0
13 539 0
13 749 0
14 271 0
14 301 0
14 610 0
14 785 0
15 345 0
16 59 0
16 299 0
16 651 0
16 774 0
17 515 0
18 511 0
19 56 0
19 270 0
19 630 0
19 674 0
20 671 0
21 377 0
22 78 0
22 670 0
22 676 0
22 741 0
23 48 0
23 624 0
23 644 0
23 746 0
23 747 0
24 114 0
25 42 0
26 140 0
26 454 0
26 621 0
27 791 0
28 144 0
29 114 0
29 390 0
29 554 0
30 360 0
31 490 0
32 80 0
32 135 0
32 470 0
32 701 0
33 289 0
34 318 0
35 179 0
35 266 0
35 325 0
35 445 0
35 722 0
36 84 0
36 406 0
36 423 0
37 164 0
37 361 0
37 634 0
37 726 0
38 463 0
39 451 0
40 324 0
40 516 0
40 686 0
41 517 0
42 321 0
42 452 0
42 520 0
42 641 0
43 158 0
44 412 0
45 586 0
46 50 0
46 512 0
46 658 0
46 796 0
47 318 0
48 113 0
48 212 0
48 447 0
49 204 0
49 465 0
49 513 0
49 632 0
50 214 0
50 297 0
50 656 0
51 183 0
52 149 0
53 173 0
53 330 0
53 455 0
53 493 0
54 636 0
55 353 0
55 511 0
55 526 0
56 286 0
56 647 0
56 650 0
58 650 0
59 289 0
59 522 0
59 583 0
59 775 0
60 286 0
61 181 0
61 240 0
61 439 0
61 446 0
61 561 0
61 698 0
62 203 0
63 723 0
64 141 0
65 248 0
65 284 0
65 447 0
65 636 0
66 538 0
67 168 0
67 424 0
67 605 0
67 672 0
68 604 0
68 691 0
68 712 0
69 459 0
70 661 0
71 329 0
72 397 0
73 742 0
74 545 0
75 537 0
76 102 0
76 151 0
76 231 0
76 347 0
76 489 0
77 683 0
78 258 0
78 531 0
78 640 0
79 160 0
81 153 0
81 154 0
81 596 0
81 761 0
82 459 0
83 660 0
84 350 0
84 681 0
84 784 0
85 121 0
85 547 0
85 612 0
85 760 0
86 212 0
87 535 0
88 445 0
88 555 0
88 654 0
88 725 0
89 461 0
89 474 0
89 615 0
89 712 0
90 783 0
91 113 0
92 232 0
92 379 0
92 456 0
92 560 0
92 657 0
93 612 0
94 123 0
95 112 0
95 545 0
95 755 0
95 791 0
96 369 0
96 498 0
96 681 0
96 689 0
97 436 0
98 490 0
99 597 0
100 478 0
100 593 0
100 619 0
100 707 0
101 459 0
103 335 0
103 504 0
104 377 0
105 535 0
106 110 0
106 114 0
106 121 0
106 316 0
107 144 0
107 259 0
107 262 0
107 436 0
107 676 0
108 325 0
108 407 0
108 428 0
108 781 0
109 203 0
110 573 0
110 653 0
110 758 0
111 141 0
112 275 0
112 712 0
112 743 0
113 131 0
113 402 0
114 539 0
115 381 0
116 343 0
117 535 0
118 305 0
118 412 0
118 497 0
118 666 0
119 800 0
120 173 0
121 466 0
121 784 0
122 527 0
122 560 0
122 569 0
122 687 0
123 220 0
123 492 0
123 738 0
124 549 0
125 147 0
126 376 0
127 172 0
127 397 0
127 628 0
127 800 0
128 248 0
128 466 0
128 595 0
129 457 0
130 289 0
132 342 0
132 348 0
132 427 0
132 485 0
133 193 0
134 223 0
134 464 0
134 525 0
134 684 0
136 210 0
137 147 0
138 671 0
139 171 0
139 318 0
139 411 0
139 676 0
139 703 0
141 478 0
141 541 0
142 210 0
143 333 0
143 600 0
143 616 0
143 743 0
144 232 0
144 780 0
145 770 0
146 330 0
147 454 0
147 477 0
148 152 0
149 168 0
149 479 0
149 613 0
150 330 0
151 158 0
151 188 0
151 447 0
152 171 0
152 336 0
152 743 0
155 515 0
156 173 0
157 309 0
158 433 0
158 533 0
159 628 0
160 194 0
160 304 0
160 569 0
161 661 0
162 262 0
163 207 0
163 393 0
163 525 0
163 606 0
164 183 0
164 595 0
164 646 0
164 708 0
165 661 0
166 543 0
167 376 0
168 297 0
168 476 0
169 597 0
170 284 0
171 483 0
172 178 0
172 350 0
172 353 0
173 394 0
174 480 0
175 703 0
176 285 0
176 500 0
176 668 0
176 682 0
177 611 0
178 484 0
178 504 0
178 757 0
180 757 0
182 568 0
183 185 0
183 261 0
183 461 0
183 640 0
184 201 0
184 454 0
184 548 0
184 648 0
186 381 0
187 480 0
188 332 0
188 563 0
188 733 0
189 411 0
190 388 0
191 543 0
192 231 0
192 536 0
192 712 0
192 717 0
192 735 0
193 272 0
193 352 0
193 441 0
195 359 0
195 680 0
195 715 0
195 744 0
196 309 0
197 602 0
198 302 0
199 376 0
199 430 0
199 623 0
199 724 0
200 526 0
202 554 0
203 448 0
203 689 0
204 480 0
204 554 0
204 587 0
204 606 0
205 311 0
206 483 0
208 435 0
209 231 0
209 401 0
209 610 0
209 782 0
210 255 0
210 353 0
211 260 0
211 440 0
211 496 0
211 714 0
212 419 0
212 638 0
213 537 0
214 488 0
214 692 0
214 736 0
215 227 0
215 249 0
215 400 0
215 510 0
216 237 0
217 656 0
218 377 0
218 666 0
218 753 0
218 764 0
219 323 0
219 403 0
219 494 0
219 732 0
221 302 0
221 311 0
221 360 0
221 587 0
222 295 0
224 486 0
225 438 0
225 571 0
225 596 0
225 610 0
226 623 0
228 436 0
229 499 0
230 628 0
232 447 0
233 622 0
234 554 0
234 591 0
234 596 0
235 310 0
236 755 0
237 244 0
237 501 0
237 789 0
237 795 0
238 248 0
239 762 0
240 277 0
240 398 0
240 753 0
241 412 0
242 324 0
242 444 0
242 721 0
242 771 0
243 764 0
244 435 0
244 515 0
244 647 0
245 611 0
246 673 0
247 704 0
248 293 0
248 322 0
250 629 0
251 360 0
252 764 0
253 504 0
254 499 0
256 715 0
257 581 0
259 262 0
259 755 0
262 507 0
262 794 0
263 673 0
264 412 0
265 359 0
267 486 0
268 436 0
269 385 0
269 438 0
269 576 0
269 702 0
272 586 0
272 666 0
272 762 0
273 559 0
273 581 0
273 661 0
273 681 0
273 783 0
274 623 0
275 423 0
275 573 0
275 587 0
275 744 0
276 602 0
277 355 0
277 369 0
277 601 0
277 603 0
278 643 0
279 337 0
279 667 0
279 731 0
279 745 0
280 740 0
281 770 0
282 423 0
282 447 0
282 676 0
282 724 0
283 486 0
283 517 0
283 535 0
283 744 0
284 317 0
284 627 0
286 471 0
286 472 0
286 564 0
287 403 0
287 508 0
287 713 0
287 727 0
288 367 0
288 392 0
288 575 0
288 590 0
288 690 0
289 539 0
289 772 0
290 343 0
291 467 0
291 693 0
291 701 0
291 729 0
292 375 0
292 478 0
292 645 0
292 679 0
294 411 0
295 372 0
295 439 0
295 452 0
295 637 0
296 623 0
297 406 0
297 520 0
298 770 0
300 741 0
302 542 0
302 544 0
303 329 0
305 338 0
305 429 0
305 469 0
306 787 0
307 476 0
308 486 0
309 379 0
309 580 0
310 495 0
310 677 0
310 776 0
311 404 0
311 473 0
313 324 0
313 655 0
313 715 0
314 783 0
315 345 0
316 452 0
316 506 0
316 557 0
318 461 0
318 509 0
319 762 0
320 760 0
322 379 0
322 709 0
324 595 0
324 643 0
325 493 0
325 543 0
326 388 0
327 680 0
328 463 0
329 662 0
329 701 0
330 584 0
331 773 0
334 503 0
335 498 0
335 778 0
339 760 0
340 483 0
341 547 0
343 564 0
343 654 0
343 711 0
344 586 0
345 498 0
345 716 0
346 760 0
349 389 0
349 442 0
349 569 0
349 590 0
349 642 0
350 416 0
350 493 0
351 643 0
353 526 0
353 591 0
354 457 0
356 538 0
357 482 0
358 799 0
359 450 0
359 460 0
359 561 0
360 362 0
360 640 0
363 538 0
364 670 0
365 547 0
366 382 0
367 384 0
367 508 0
367 723 0
367 724 0
368 709 0
369 451 0
369 597 0
370 581 0
371 737 0
373 571 0
373 633 0
373 667 0
373 701 0
374 483 0
376 475 0
377 574 0
378 791 0
379 522 0
379 669 0
380 611 0
381 410 0
381 596 0
382 403 0
382 594 0
382 719 0
383 537 0
384 413 0
384 572 0
384 779 0
386 715 0
387 504 0
388 667 0
388 697 0
390 439 0
390 598 0
390 700 0
390 798 0
391 665 0
395 504 0
396 583 0
397 505 0
397 631 0
398 457 0
398 538 0
399 629 0
400 483 0
400 787 0
400 792 0
403 595 0
404 455 0
404 669 0
405 484 0
406 658 0
406 666 0
406 792 0
408 737 0
409 562 0
410 689 0
410 724 0
411 777 0
412 789 0
414 708 0
415 586 0
416 427 0
416 454 0
416 495 0
417 515 0
418 583 0
420 562 0
421 497 0
422 656 0
423 571 0
425 799 0
426 439 0
426 539 0
426 737 0
427 463 0
427 556 0
430 494 0
430 553 0
430 565 0
430 658 0
430 793 0
431 723 0
432 568 0
434 800 0
435 585 0
435 616 0
435 734 0
437 622 0
438 660 0
438 671 0
439 469 0
439 647 0
440 503 0
440 602 0
440 792 0
443 629 0
445 602 0
447 722 0
449 497 0
451 788 0
453 525 0
453 612 0
453 701 0
455 540 0
455 699 0
455 748 0
457 466 0
458 650 0
459 655 0
461 573 0
462 517 0
463 777 0
466 562 0
466 567 0
468 764 0
469 724 0
476 614 0
476 797 0
478 522 0
478 604 0
480 577 0
480 746 0
481 755 0
482 520 0
482 664 0
482 752 0
483 646 0
484 551 0
484 769 0
487 783 0
490 495 0
490 559 0
490 582 0
491 757 0
493 790 0
494 671 0
495 799 0
497 500 0
497 705 0
498 770 0
499 620 0
499 633 0
499 794 0
500 538 0
502 545 0
503 558 0
503 559 0
508 583 0
511 654 0
511 678 0
511 685 0
514 665 0
517 523 0
518 742 0
519 650 0
521 669 0
522 784 0
524 708 0
525 587 0
525 683 0
526 649 0
527 676 0
527 742 0
528 591 0
529 704 0
530 562 0
532 740 0
534 597 0
537 790 0
538 668 0
543 609 0
545 695 0
546 556 0
547 592 0
549 754 0
549 766 0
549 790 0
550 583 0
552 671 0
554 663 0
554 696 0
556 570 0
556 751 0
560 671 0
561 669 0
564 636 0
566 669 0
567 578 0
567 728 0
567 786 0
568 616 0
568 618 0
568 738 0
569 792 0
571 647 0
579 656 0
581 756 0
586 777 0
587 775 0
588 643 0
589 683 0
590 612 0
591 763 0
595 784 0
596 622 0
599 673 0
602 767 0
604 670 0
606 680 0
607 670 0
608 704 0
610 629 0
611 633 0
617 708 0
622 652 0
625 703 0
626 787 0
628 659 0
633 737 0
635 665 0
636 706 0
639 709 0
646 791 0
654 744 0
655 668 0
655 773 0
660 739 0
665 689 0
667 742 0
668 681 0
670 759 0
673 738 0
675 680 0
680 720 0
683 768 0
688 723 0
689 704 0
694 787 0
703 775 0
709 743 0
710 757 0
718 753 0
722 724 0
724 738 0
730 762 0
740 765 0
740 790 0
741 789 0
746 800 0
750 799 0
