350 378 0
1 167 0
2 262 0
2 322 0
3 340 0
4 67 0
4 129 0
4 256 0
4 311 0
5 109 0
6 291 0
7 319 0
8 310 0
9 129 0
9 160 0
9 265 0
9 302 0
10 339 0
11 61 0
12 251 0
13 51 0
14 154 0
14 169 0
14 271 0
14 277 0
14 319 0
15 113 0
15 231 0
15 259 0
15 286 0
16 121 0
17 77 0
18 153 0
18 160 0
18 182 0
18 222 0
18 263 0
19 95 0
19 145 0
19 281 0
19 339 0
20 136 0
21 67 0
21 246 0
21 263 0
22 293 0
23 319 0
24 323 0
25 81 0
25 259 0
26 43 0
27 33 0
27 339 0
28 117 0
28 201 0
28 243 0
28 300 0
29 339 0
30 75 0
30 116 0
30 241 0
30 337 0
31 123 0
31 159 0
32 105 0
33 69 0
34 100 0
34 228 0
34 327 0
34 342 0
35 211 0
36 45 0
36 98 0
37 331 0
38 166 0
39 246 0
40 179 0
41 157 0
41 160 0
41 264 0
41 312 0
42 251 0
43 130 0
43 170 0
43 243 0
43 349 0
44 228 0
45 123 0
46 97 0
47 103 0
48 120 0
49 64 0
50 136 0
51 140 0
51 245 0
51 325 0
52 136 0
53 228 0
54 88 0
55 151 0
55 220 0
55 254 0
55 305 0
55 316 0
56 316 0
57 319 0
58 109 0
59 123 0
60 63 0
61 147 0
61 233 0
61 326 0
62 88 0
63 90 0
63 192 0
63 202 0
64 106 0
64 188 0
64 325 0
65 80 0
65 155 0
65 210 0
65 271 0
66 74 0
66 316 0
68 93 0
68 309 0
69 115 0
69 248 0
69 269 0
70 347 0
71 120 0
72 98 0
73 119 0
73 129 0
73 161 0
73 301 0
74 140 0
74 246 0
75 254 0
76 170 0
76 249 0
76 265 0
76 287 0
77 127 0
77 132 0
77 292 0
78 98 0
79 209 0
80 147 0
80 231 0
80 309 0
81 143 0
81 234 0
81 337 0
82 197 0
83 217 0
83 232 0
83 238 0
83 309 0
84 93 0
85 97 0
86 129 0
86 142 0
86 255 0
86 348 0
87 203 0
87 219 0
87 252 0
87 273 0
88 170 0
88 261 0
88 328 0
89 154 0
90 171 0
91 308 0
92 135 0
92 219 0
92 257 0
92 337 0
93 160 0
93 172 0
94 218 0
94 220 0
95 163 0
95 204 0
95 313 0
96 317 0
97 219 0
97 244 0
98 309 0
99 145 0
100 110 0
100 214 0
100 224 0
101 102 0
101 134 0
101 297 0
101 345 0
103 164 0
103 213 0
103 279 0
104 159 0
105 196 0
105 302 0
105 320 0
107 120 0
108 269 0
108 294 0
109 173 0
109 341 0
111 131 0
111 308 0
111 336 0
112 190 0
112 207 0
112 272 0
112 287 0
114 323 0
115 180 0
118 248 0
118 262 0
118 275 0
118 329 0
120 124 0
120 249 0
121 210 0
121 221 0
121 307 0
122 179 0
123 124 0
123 242 0
124 210 0
124 334 0
125 308 0
126 299 0
128 166 0
130 311 0
131 185 0
133 197 0
135 218 0
135 276 0
135 321 0
136 249 0
137 146 0
137 147 0
137 153 0
137 237 0
138 293 0
139 334 0
141 267 0
144 335 0
145 251 0
145 283 0
145 346 0
147 278 0
148 334 0
149 278 0
150 331 0
151 247 0
152 167 0
154 186 0
154 290 0
155 257 0
155 265 0
156 187 0
158 205 0
158 333 0
159 325 0
159 344 0
161 297 0
162 294 0
165 317 0
166 205 0
166 227 0
167 288 0
167 292 0
168 321 0
169 267 0
170 294 0
171 278 0
173 271 0
173 317 0
173 335 0
174 330 0
175 278 0
176 185 0
177 274 0
178 276 0
179 195 0
179 287 0
180 293 0
181 276 0
183 333 0
184 335 0
185 192 0
185 270 0
187 226 0
187 297 0
187 332 0
189 334 0
191 331 0
192 291 0
192 314 0
193 321 0
194 330 0
197 296 0
197 300 0
198 347 0
199 321 0
200 310 0
206 274 0
208 274 0
209 235 0
209 240 0
209 337 0
210 279 0
211 230 0
211 249 0
211 284 0
212 327 0
215 228 0
216 294 0
218 282 0
218 343 0
219 336 0
223 277 0
225 340 0
227 246 0
227 267 0
227 342 0
229 310 0
231 331 0
231 347 0
236 336 0
239 330 0
245 301 0
247 336 0
248 281 0
248 308 0
249 316 0
250 316 0
251 302 0
251 318 0
253 267 0
257 314 0
257 342 0
258 277 0
260 323 0
265 281 0
266 308 0
268 299 0
271 300 0
274 297 0
276 304 0
277 285 0
279 322 0
279 338 0
280 327 0
281 297 0
287 330 0
289 333 0
291 295 0
291 315 0
292 314 0
292 333 0
293 305 0
298 327 0
299 305 0
299 328 0
300 340 0
302 310 0
303 347 0
305 342 0
306 335 0
309 323 0
314 325 0
317 324 0
340 350 0
