180 284 0
1 54 0
1 158 0
2 50 0
2 64 0
2 124 0
2 138 0
2 174 0
3 23 0
3 60 0
3 85 0
3 137 0
4 130 0
4 154 0
5 74 0
5 173 0
6 102 0
7 51 0
7 58 0
8 59 0
8 71 0
8 80 0
8 81 0
8 99 0
8 108 0
8 127 0
9 28 0
9 97 0
9 134 0
9 149 0
9 154 0
9 163 0
9 175 0
10 61 0
10 81 0
10 100 0
10 118 0
10 119 0
11 166 0
12 25 0
12 165 0
13 51 0
13 107 0
13 157 0
14 98 0
15 26 0
16 72 0
16 75 0
16 84 0
16 95 0
16 151 0
17 47 0
17 67 0
17 106 0
17 149 0
17 164 0
18 30 0
18 45 0
19 87 0
19 109 0
19 162 0
20 41 0
20 71 0
21 47 0
21 57 0
21 62 0
22 90 0
22 108 0
22 125 0
22 126 0
22 174 0
23 177 0
24 140 0
24 171 0
25 43 0
25 113 0
25 126 0
25 156 0
26 34 0
26 37 0
26 47 0
27 28 0
27 83 0
27 85 0
27 88 0
27 105 0
27 143 0
29 90 0
29 107 0
30 76 0
30 121 0
30 157 0
30 159 0
31 51 0
31 72 0
32 65 0
32 95 0
32 129 0
32 136 0
32 159 0
32 179 0
33 123 0
34 94 0
35 49 0
36 65 0
36 85 0
36 115 0
36 174 0
37 39 0
37 156 0
37 169 0
38 46 0
38 109 0
38 142 0
38 175 0
39 116 0
40 108 0
40 140 0
41 138 0
41 168 0
41 171 0
41 179 0
42 139 0
43 101 0
44 79 0
44 102 0
44 113 0
45 95 0
45 141 0
45 167 0
46 58 0
47 66 0
47 102 0
47 108 0
47 138 0
48 98 0
48 155 0
49 99 0
49 163 0
49 172 0
50 122 0
51 71 0
51 87 0
51 92 0
51 176 0
52 86 0
53 178 0
54 110 0
54 115 0
54 126 0
54 160 0
55 86 0
56 130 0
56 169 0
57 69 0
57 71 0
57 115 0
57 162 0
58 62 0
58 80 0
58 122 0
59 91 0
59 106 0
59 129 0
60 80 0
61 137 0
62 111 0
63 153 0
63 166 0
64 73 0
65 138 0
65 148 0
66 71 0
66 130 0
66 148 0
66 154 0
67 131 0
68 89 0
70 173 0
72 159 0
73 173 0
74 166 0
75 103 0
77 90 0
78 81 0
78 140 0
78 151 0
79 102 0
81 102 0
81 130 0
81 177 0
82 108 0
82 166 0
84 165 0
85 90 0
85 169 0
86 122 0
86 153 0
87 125 0
87 146 0
87 159 0
87 169 0
88 126 0
89 114 0
89 127 0
89 156 0
89 180 0
90 109 0
90 112 0
90 177 0
91 103 0
92 117 0
93 96 0
93 134 0
93 136 0
93 142 0
93 167 0
94 174 0
94 178 0
95 103 0
98 100 0
98 115 0
98 155 0
99 116 0
99 143 0
99 168 0
101 103 0
101 131 0
102 123 0
104 107 0
104 122 0
104 147 0
104 158 0
105 127 0
105 161 0
106 109 0
106 170 0
108 132 0
109 115 0
109 144 0
110 136 0
110 138 0
111 123 0
112 123 0
114 126 0
116 131 0
117 132 0
117 133 0
117 150 0
117 174 0
118 168 0
120 161 0
122 177 0
123 154 0
128 165 0
129 130 0
130 151 0
131 134 0
131 149 0
131 174 0
132 157 0
135 165 0
135 167 0
136 138 0
136 165 0
136 173 0
139 145 0
139 154 0
139 170 0
140 155 0
140 166 0
140 174 0
147 153 0
147 180 0
148 168 0
148 177 0
150 172 0
152 161 0
152 163 0
156 177 0
156 178 0
159 162 0
159 166 0
161 168 0
171 178 0
