500 637 0
1 44 0
1 87 0
1 193 0
1 411 0
2 109 0
2 183 0
3 12 0
3 149 0
3 161 0
3 288 0
3 472 0
4 9 0
5 9 0
5 123 0
6 19 0
6 127 0
6 166 0
6 244 0
6 264 0
7 167 0
8 239 0
8 277 0
8 348 0
8 398 0
8 465 0
9 279 0
9 283 0
9 322 0
9 495 0
10 23 0
10 200 0
10 343 0
10 379 0
11 36 0
11 187 0
13 433 0
14 86 0
14 325 0
15 325 0
16 136 0
16 250 0
16 353 0
16 362 0
17 458 0
17 500 0
18 19 0
18 88 0
18 484 0
19 321 0
19 341 0
19 452 0
20 113 0
20 122 0
21 52 0
21 111 0
21 492 0
22 69 0
22 460 0
23 257 0
23 326 0
23 370 0
24 321 0
25 116 0
25 352 0
25 424 0
25 459 0
26 90 0
26 195 0
27 396 0
28 232 0
28 247 0
28 324 0
28 347 0
29 60 0
29 186 0
29 362 0
30 57 0
30 388 0
30 395 0
30 469 0
31 352 0
32 163 0
32 212 0
32 213 0
32 307 0
33 223 0
33 323 0
34 84 0
35 374 0
36 134 0
36 307 0
36 310 0
36 492 0
37 357 0
38 130 0
38 301 0
38 344 0
38 353 0
39 160 0
39 318 0
40 398 0
41 184 0
41 330 0
41 358 0
41 377 0
42 126 0
42 168 0
42 198 0
43 248 0
43 269 0
43 368 0
43 478 0
44 186 0
44 363 0
44 488 0
45 416 0
46 230 0
47 96 0
47 126 0
47 169 0
47 449 0
48 55 0
48 259 0
49 128 0
49 433 0
49 449 0
49 451 0
50 404 0
50 459 0
51 252 0
51 274 0
51 313 0
51 314 0
51 350 0
52 212 0
53 278 0
54 384 0
55 66 0
55 188 0
55 422 0
55 461 0
56 87 0
56 416 0
57 471 0
58 70 0
58 98 0
58 103 0
58 105 0
59 67 0
60 84 0
61 303 0
61 361 0
62 94 0
63 238 0
63 399 0
64 162 0
64 165 0
64 190 0
64 245 0
64 410 0
64 421 0
65 126 0
65 399 0
66 122 0
67 309 0
67 408 0
67 491 0
68 219 0
68 330 0
68 385 0
68 441 0
69 159 0
69 194 0
69 368 0
70 244 0
70 307 0
70 399 0
70 467 0
71 96 0
71 230 0
72 82 0
73 92 0
73 428 0
74 396 0
75 459 0
76 86 0
76 213 0
76 312 0
77 106 0
77 145 0
77 360 0
77 379 0
78 459 0
79 265 0
79 450 0
80 354 0
81 160 0
81 451 0
82 185 0
82 439 0
82 462 0
83 92 0
84 323 0
84 343 0
85 287 0
85 304 0
85 384 0
85 443 0
86 290 0
86 304 0
86 333 0
86 481 0
86 495 0
87 423 0
88 89 0
88 99 0
89 131 0
89 177 0
89 251 0
89 415 0
89 431 0
89 445 0
90 151 0
90 292 0
90 325 0
90 368 0
90 401 0
91 134 0
92 200 0
92 312 0
93 337 0
94 216 0
94 282 0
94 327 0
95 296 0
95 327 0
95 375 0
96 123 0
96 156 0
96 174 0
96 263 0
97 333 0
98 137 0
98 234 0
98 346 0
98 373 0
99 310 0
100 341 0
101 169 0
102 337 0
104 276 0
105 337 0
107 155 0
108 109 0
109 143 0
109 279 0
110 479 0
111 237 0
111 258 0
111 320 0
111 343 0
111 450 0
112 124 0
112 210 0
112 391 0
112 415 0
113 305 0
113 348 0
113 392 0
114 141 0
114 285 0
114 365 0
114 449 0
115 256 0
115 379 0
115 430 0
115 499 0
116 460 0
116 461 0
116 469 0
117 212 0
118 134 0
118 191 0
119 384 0
119 443 0
120 301 0
120 345 0
120 407 0
120 436 0
121 315 0
122 485 0
123 138 0
123 171 0
123 370 0
124 190 0
125 132 0
125 176 0
126 466 0
128 332 0
128 356 0
128 382 0
128 383 0
129 421 0
131 396 0
132 238 0
133 371 0
134 366 0
135 234 0
135 444 0
136 450 0
137 398 0
138 150 0
138 334 0
138 414 0
139 290 0
140 144 0
140 245 0
140 253 0
140 317 0
140 343 0
141 191 0
141 257 0
141 307 0
141 354 0
142 205 0
142 357 0
142 439 0
143 285 0
143 477 0
143 485 0
146 357 0
147 467 0
148 467 0
150 418 0
152 163 0
153 337 0
154 493 0
155 170 0
155 198 0
155 291 0
156 335 0
157 315 0
158 481 0
160 183 0
160 235 0
161 332 0
162 187 0
163 260 0
163 328 0
163 476 0
164 223 0
164 287 0
165 356 0
165 438 0
166 421 0
166 453 0
167 189 0
167 386 0
167 495 0
168 221 0
168 229 0
168 438 0
169 173 0
169 247 0
169 439 0
171 260 0
171 266 0
171 412 0
172 293 0
172 443 0
175 492 0
176 226 0
176 400 0
176 469 0
178 374 0
178 394 0
179 295 0
180 223 0
180 326 0
180 374 0
180 484 0
181 424 0
182 458 0
186 191 0
186 247 0
186 318 0
186 380 0
187 200 0
187 480 0
188 223 0
190 341 0
191 213 0
191 293 0
191 452 0
192 483 0
195 236 0
195 261 0
195 454 0
196 296 0
197 485 0
198 238 0
198 245 0
198 417 0
198 449 0
199 333 0
200 473 0
201 466 0
202 217 0
202 226 0
203 417 0
204 207 0
205 236 0
206 493 0
207 265 0
207 267 0
207 309 0
208 428 0
209 399 0
209 436 0
211 418 0
212 429 0
213 233 0
213 426 0
214 215 0
214 243 0
214 343 0
214 380 0
214 447 0
214 492 0
217 338 0
217 355 0
217 379 0
218 303 0
218 418 0
219 261 0
220 238 0
222 295 0
224 352 0
225 332 0
227 249 0
227 288 0
227 347 0
227 350 0
228 278 0
230 300 0
230 435 0
230 469 0
231 321 0
233 277 0
234 262 0
234 289 0
234 340 0
235 393 0
235 404 0
235 450 0
236 247 0
236 254 0
240 481 0
241 367 0
241 384 0
241 477 0
242 421 0
244 429 0
245 321 0
245 326 0
245 466 0
246 315 0
247 357 0
249 459 0
250 290 0
250 406 0
251 310 0
252 293 0
252 299 0
252 337 0
253 373 0
254 482 0
255 303 0
257 460 0
259 473 0
261 371 0
261 450 0
267 422 0
268 451 0
270 287 0
271 295 0
271 466 0
272 374 0
273 341 0
275 417 0
276 288 0
276 402 0
276 475 0
277 326 0
278 308 0
278 342 0
278 348 0
280 433 0
281 290 0
281 492 0
283 358 0
284 372 0
285 301 0
285 439 0
286 451 0
287 294 0
287 299 0
287 381 0
288 416 0
288 452 0
289 318 0
289 350 0
289 362 0
289 370 0
289 449 0
290 421 0
292 473 0
293 330 0
293 348 0
294 300 0
295 489 0
295 492 0
296 435 0
296 439 0
297 443 0
298 350 0
299 389 0
299 442 0
299 456 0
301 315 0
302 417 0
303 327 0
303 394 0
303 482 0
304 368 0
304 460 0
306 339 0
306 369 0
308 320 0
309 325 0
309 326 0
309 356 0
309 493 0
310 444 0
311 369 0
315 398 0
316 363 0
316 420 0
318 332 0
319 477 0
321 336 0
321 458 0
322 371 0
325 487 0
325 489 0
327 393 0
327 427 0
329 354 0
330 396 0
330 456 0
331 333 0
332 438 0
335 488 0
339 398 0
341 423 0
342 418 0
343 354 0
346 473 0
349 424 0
350 464 0
351 405 0
352 446 0
354 440 0
359 369 0
359 452 0
359 457 0
361 427 0
362 375 0
363 397 0
363 500 0
364 460 0
364 479 0
365 369 0
365 371 0
365 428 0
367 466 0
370 489 0
371 490 0
372 378 0
372 421 0
372 438 0
372 463 0
373 424 0
376 428 0
378 449 0
380 385 0
380 479 0
380 483 0
387 467 0
390 477 0
393 438 0
393 460 0
398 489 0
399 420 0
403 493 0
404 434 0
404 455 0
405 419 0
405 448 0
405 461 0
406 479 0
409 433 0
413 492 0
415 421 0
415 449 0
416 432 0
418 495 0
423 444 0
425 481 0
427 437 0
427 494 0
428 471 0
434 477 0
443 445 0
449 483 0
451 468 0
452 495 0
453 483 0
454 488 0
458 461 0
458 474 0
470 477 0
482 488 0
483 498 0
484 486 0
484 497 0
485 496 0
