160 257 0
1 116 0
1 130 0
2 7 0
2 41 0
2 145 0
2 153 0
3 21 0
3 104 0
4 73 0
4 95 0
4 116 0
5 26 0
5 50 0
5 81 0
5 82 0
5 97 0
5 113 0
6 8 0
6 13 0
6 33 0
6 129 0
7 78 0
7 81 0
7 91 0
7 106 0
8 13 0
9 43 0
10 24 0
11 27 0
11 73 0
11 124 0
12 26 0
12 126 0
12 145 0
13 50 0
13 106 0
13 118 0
13 156 0
14 120 0
15 124 0
15 160 0
16 148 0
17 38 0
17 120 0
18 37 0
18 122 0
18 141 0
18 145 0
19 33 0
19 36 0
19 37 0
19 124 0
20 22 0
20 36 0
20 65 0
20 66 0
20 71 0
20 103 0
21 23 0
21 122 0
21 143 0
21 158 0
22 35 0
23 34 0
23 53 0
23 87 0
23 146 0
24 93 0
24 98 0
24 110 0
25 50 0
25 96 0
25 115 0
25 129 0
25 144 0
25 156 0
26 37 0
27 113 0
27 119 0
27 140 0
28 59 0
29 34 0
29 82 0
30 42 0
30 90 0
31 125 0
31 130 0
32 68 0
32 95 0
33 36 0
33 47 0
33 74 0
33 84 0
33 88 0
34 57 0
34 61 0
34 157 0
34 159 0
35 105 0
35 114 0
35 137 0
36 39 0
36 43 0
36 48 0
36 85 0
36 159 0
37 72 0
37 111 0
37 145 0
38 41 0
38 130 0
39 52 0
39 113 0
39 153 0
40 43 0
40 52 0
40 68 0
40 73 0
40 75 0
40 152 0
41 51 0
41 67 0
41 139 0
42 65 0
42 138 0
42 149 0
42 154 0
43 109 0
43 149 0
44 64 0
44 98 0
44 126 0
44 129 0
44 154 0
45 73 0
45 116 0
45 156 0
46 94 0
46 100 0
46 114 0
46 142 0
48 54 0
48 55 0
48 130 0
49 94 0
49 146 0
50 153 0
52 53 0
52 75 0
52 80 0
53 98 0
53 114 0
54 93 0
56 69 0
56 87 0
56 125 0
56 132 0
57 89 0
57 115 0
58 59 0
58 142 0
59 113 0
59 121 0
60 67 0
60 92 0
60 141 0
61 93 0
62 92 0
63 92 0
63 115 0
63 158 0
65 116 0
65 153 0
68 86 0
68 117 0
68 135 0
70 86 0
72 75 0
72 80 0
72 86 0
72 89 0
73 98 0
73 139 0
73 140 0
74 89 0
74 100 0
75 87 0
76 145 0
77 102 0
77 120 0
77 135 0
78 82 0
79 80 0
80 85 0
80 128 0
80 160 0
81 123 0
82 96 0
82 147 0
82 148 0
83 148 0
84 93 0
84 159 0
85 88 0
85 152 0
85 154 0
85 155 0
86 127 0
86 147 0
87 92 0
87 102 0
87 148 0
89 100 0
89 151 0
90 102 0
92 158 0
95 130 0
97 152 0
98 104 0
99 146 0
99 154 0
100 135 0
101 102 0
103 109 0
104 107 0
104 133 0
105 159 0
107 122 0
108 124 0
108 140 0
110 133 0
110 151 0
110 159 0
111 154 0
112 145 0
113 148 0
114 120 0
114 121 0
115 130 0
115 155 0
116 123 0
116 131 0
116 136 0
116 141 0
120 134 0
124 141 0
129 156 0
130 147 0
133 146 0
134 152 0
136 139 0
140 141 0
140 150 0
143 153 0
146 159 0
147 150 0
148 150 0
