60 107 0
1 19 0
1 22 0
1 23 0
1 43 0
2 37 0
2 49 0
3 20 0
3 37 0
3 38 0
4 29 0
4 38 0
5 15 0
5 21 0
5 32 0
5 34 0
6 49 0
6 57 0
7 12 0
7 19 0
7 22 0
7 28 0
7 56 0
8 16 0
8 21 0
8 24 0
8 45 0
8 51 0
9 18 0
9 27 0
9 46 0
9 55 0
10 14 0
10 37 0
10 47 0
10 49 0
11 28 0
11 34 0
11 37 0
11 48 0
12 58 0
13 29 0
13 30 0
13 36 0
13 59 0
14 33 0
14 43 0
14 44 0
15 18 0
15 36 0
15 38 0
15 39 0
15 56 0
16 18 0
16 39 0
17 38 0
18 22 0
18 28 0
18 49 0
18 58 0
19 25 0
19 58 0
19 60 0
20 22 0
20 30 0
20 31 0
20 40 0
20 42 0
22 47 0
23 44 0
24 47 0
25 33 0
26 44 0
26 50 0
26 59 0
27 31 0
28 45 0
29 49 0
29 51 0
31 35 0
31 54 0
32 50 0
32 55 0
33 41 0
33 45 0
33 51 0
34 47 0
35 50 0
36 56 0
37 39 0
37 57 0
38 56 0
40 44 0
40 59 0
41 58 0
42 44 0
44 46 0
44 47 0
45 50 0
46 59 0
47 52 0
47 60 0
49 50 0
49 60 0
50 53 0
50 55 0
54 58 0
56 59 0
