300 353 0
1 258 0
2 16 0
2 44 0
2 160 0
2 245 0
3 258 0
4 79 0
5 52 0
5 97 0
5 172 0
5 186 0
6 18 0
6 73 0
6 193 0
6 224 0
7 243 0
8 36 0
8 154 0
9 230 0
10 158 0
11 230 0
12 242 0
12 247 0
13 291 0
14 18 0
15 117 0
15 165 0
16 161 0
16 179 0
16 188 0
16 266 0
16 284 0
17 99 0
18 144 0
18 211 0
19 43 0
19 181 0
19 195 0
19 198 0
20 64 0
21 87 0
21 120 0
21 184 0
21 232 0
22 299 0
23 119 0
23 149 0
23 189 0
23 206 0
24 115 0
24 298 0
25 77 0
25 149 0
25 195 0
25 259 0
26 29 0
26 59 0
26 121 0
26 166 0
26 172 0
27 158 0
27 255 0
27 279 0
28 47 0
28 164 0
28 277 0
28 300 0
29 291 0
30 132 0
30 199 0
30 208 0
30 297 0
31 170 0
31 204 0
31 283 0
31 292 0
32 41 0
32 67 0
32 84 0
32 282 0
33 273 0
34 252 0
34 279 0
35 224 0
36 205 0
36 234 0
36 252 0
36 253 0
37 110 0
38 50 0
38 107 0
39 202 0
40 64 0
40 73 0
42 54 0
44 135 0
44 156 0
44 225 0
45 68 0
46 70 0
46 112 0
48 200 0
49 100 0
49 194 0
49 236 0
49 248 0
49 259 0
50 163 0
51 68 0
53 236 0
53 273 0
54 138 0
54 187 0
54 263 0
55 140 0
55 178 0
55 207 0
55 259 0
56 133 0
57 195 0
57 246 0
57 272 0
57 284 0
58 69 0
60 264 0
61 273 0
62 196 0
63 281 0
64 81 0
64 89 0
64 159 0
64 239 0
65 165 0
66 68 0
66 254 0
68 152 0
68 180 0
68 185 0
68 298 0
69 114 0
69 127 0
69 149 0
70 101 0
70 197 0
70 288 0
71 254 0
72 74 0
72 96 0
72 109 0
72 262 0
73 151 0
73 214 0
75 229 0
76 103 0
77 129 0
77 136 0
77 245 0
78 118 0
79 155 0
79 209 0
79 244 0
79 289 0
80 158 0
81 110 0
81 194 0
81 289 0
82 160 0
82 208 0
83 168 0
84 113 0
85 264 0
85 291 0
86 92 0
87 159 0
88 118 0
88 237 0
88 283 0
90 222 0
90 275 0
91 212 0
91 227 0
91 237 0
91 292 0
92 155 0
92 260 0
92 261 0
93 150 0
93 152 0
93 184 0
93 282 0
94 106 0
94 116 0
95 271 0
96 131 0
96 153 0
96 188 0
96 202 0
97 180 0
97 184 0
98 160 0
99 220 0
99 226 0
99 268 0
102 188 0
103 105 0
103 123 0
103 251 0
104 160 0
106 213 0
106 265 0
106 292 0
107 122 0
107 142 0
107 145 0
108 224 0
110 176 0
110 184 0
111 152 0
111 159 0
111 167 0
111 191 0
111 203 0
112 247 0
113 196 0
115 230 0
116 128 0
116 162 0
116 251 0
117 134 0
117 145 0
117 269 0
118 146 0
118 297 0
124 163 0
125 202 0
126 298 0
127 145 0
129 131 0
129 150 0
130 196 0
131 175 0
131 256 0
133 184 0
133 250 0
133 267 0
133 287 0
136 145 0
136 191 0
136 220 0
136 234 0
137 295 0
138 237 0
139 299 0
141 193 0
141 200 0
143 298 0
143 299 0
145 168 0
145 281 0
147 168 0
148 216 0
149 299 0
150 193 0
150 278 0
152 196 0
152 270 0
153 243 0
153 255 0
154 190 0
154 220 0
154 222 0
155 191 0
155 256 0
155 295 0
157 216 0
158 172 0
158 241 0
159 216 0
159 217 0
159 245 0
159 248 0
163 201 0
163 239 0
163 282 0
165 171 0
165 182 0
165 251 0
168 169 0
168 175 0
172 193 0
172 255 0
173 217 0
174 270 0
175 229 0
175 243 0
177 285 0
180 217 0
183 185 0
183 281 0
185 210 0
188 235 0
188 294 0
191 295 0
192 229 0
192 276 0
193 263 0
195 291 0
197 278 0
197 279 0
197 298 0
200 210 0
200 220 0
202 236 0
209 247 0
215 236 0
215 271 0
216 223 0
217 219 0
218 279 0
219 284 0
221 243 0
224 280 0
227 253 0
228 285 0
229 238 0
230 263 0
231 295 0
233 299 0
234 270 0
234 285 0
240 264 0
242 281 0
245 300 0
247 263 0
249 254 0
250 275 0
251 278 0
254 256 0
255 258 0
256 292 0
257 285 0
258 300 0
259 275 0
264 276 0
264 300 0
270 286 0
270 293 0
271 282 0
271 290 0
273 297 0
274 295 0
275 296 0
278 297 0
