250 369 0
1 3 0
1 229 0
2 19 0
2 131 0
2 147 0
3 19 0
3 99 0
3 165 0
3 185 0
3 214 0
4 44 0
4 72 0
4 113 0
4 145 0
4 160 0
4 163 0
5 131 0
6 87 0
6 127 0
7 92 0
7 147 0
8 146 0
8 193 0
8 244 0
9 38 0
9 136 0
10 122 0
11 193 0
12 241 0
13 57 0
13 122 0
13 148 0
13 250 0
14 47 0
14 72 0
14 118 0
14 191 0
15 157 0
16 63 0
16 65 0
16 108 0
16 128 0
16 145 0
17 200 0
18 140 0
18 148 0
18 178 0
20 21 0
21 119 0
21 135 0
21 212 0
22 39 0
22 170 0
22 243 0
23 173 0
23 194 0
24 67 0
24 135 0
24 147 0
24 179 0
25 39 0
25 155 0
25 175 0
25 192 0
25 225 0
26 122 0
26 185 0
27 143 0
28 32 0
28 148 0
28 157 0
29 144 0
29 178 0
29 228 0
30 79 0
30 106 0
30 128 0
30 133 0
30 177 0
30 209 0
30 219 0
31 51 0
31 85 0
31 186 0
31 228 0
32 66 0
32 127 0
33 89 0
33 219 0
34 63 0
35 42 0
35 44 0
35 59 0
35 84 0
36 241 0
37 225 0
38 75 0
38 120 0
38 126 0
38 160 0
38 180 0
38 237 0
38 246 0
39 68 0
39 178 0
39 227 0
40 81 0
40 218 0
41 139 0
42 101 0
43 125 0
43 225 0
44 87 0
45 97 0
45 169 0
45 244 0
45 245 0
46 224 0
47 58 0
48 98 0
48 181 0
48 204 0
48 245 0
49 232 0
49 234 0
50 52 0
50 105 0
51 93 0
51 155 0
51 222 0
52 60 0
52 108 0
52 194 0
53 192 0
54 80 0
55 170 0
55 200 0
56 161 0
57 160 0
57 184 0
57 201 0
58 121 0
58 170 0
58 206 0
59 171 0
59 213 0
59 232 0
60 128 0
60 249 0
61 148 0
61 223 0
61 226 0
62 154 0
62 232 0
63 172 0
63 184 0
63 243 0
64 192 0
65 105 0
65 175 0
65 186 0
65 225 0
66 184 0
66 190 0
66 220 0
67 126 0
67 144 0
67 171 0
67 224 0
68 228 0
69 147 0
69 154 0
69 186 0
69 200 0
69 209 0
70 102 0
70 147 0
71 232 0
73 102 0
73 125 0
73 138 0
74 89 0
75 119 0
75 179 0
75 205 0
75 238 0
76 224 0
77 185 0
78 221 0
79 147 0
79 173 0
80 86 0
80 198 0
80 203 0
80 236 0
81 131 0
82 153 0
82 226 0
82 237 0
83 88 0
83 148 0
83 152 0
83 193 0
85 115 0
85 176 0
85 188 0
85 199 0
85 231 0
87 162 0
87 183 0
87 201 0
88 138 0
89 91 0
89 180 0
90 161 0
92 123 0
92 140 0
92 165 0
92 177 0
94 151 0
94 160 0
95 163 0
95 173 0
95 189 0
96 213 0
97 217 0
98 102 0
99 106 0
99 222 0
100 152 0
101 126 0
102 107 0
102 246 0
103 144 0
104 200 0
105 112 0
105 127 0
105 160 0
105 171 0
106 124 0
106 165 0
106 182 0
106 215 0
108 131 0
108 159 0
108 243 0
109 116 0
110 221 0
111 126 0
112 195 0
113 230 0
114 151 0
115 228 0
116 156 0
116 167 0
116 198 0
116 201 0
117 134 0
118 128 0
118 209 0
118 210 0
118 226 0
119 171 0
119 193 0
119 210 0
120 122 0
122 176 0
122 242 0
125 144 0
126 216 0
127 151 0
128 195 0
129 161 0
129 224 0
130 144 0
131 189 0
131 242 0
132 154 0
134 150 0
134 201 0
134 233 0
136 179 0
136 206 0
136 219 0
136 247 0
137 162 0
137 250 0
138 191 0
138 202 0
138 214 0
138 241 0
138 245 0
139 164 0
139 180 0
139 235 0
140 250 0
141 192 0
142 218 0
142 231 0
143 145 0
143 203 0
143 234 0
145 173 0
146 173 0
147 199 0
148 182 0
148 223 0
148 247 0
149 218 0
150 202 0
150 210 0
151 201 0
152 187 0
152 246 0
152 248 0
153 159 0
154 211 0
157 166 0
157 206 0
158 213 0
159 174 0
159 189 0
159 207 0
160 206 0
160 217 0
161 175 0
161 235 0
161 246 0
164 239 0
165 186 0
165 200 0
167 222 0
168 195 0
169 205 0
170 193 0
172 221 0
175 198 0
175 245 0
176 229 0
177 230 0
180 185 0
181 201 0
183 194 0
184 221 0
184 238 0
185 230 0
188 194 0
189 245 0
190 238 0
192 221 0
193 216 0
193 229 0
195 208 0
196 241 0
197 250 0
198 218 0
199 214 0
207 213 0
213 223 0
214 250 0
216 228 0
217 237 0
219 250 0
221 240 0
224 249 0
225 226 0
225 233 0
232 239 0
237 241 0
