140 175 0
1 78 0
2 139 0
3 51 0
3 101 0
3 106 0
3 119 0
4 55 0
4 73 0
4 108 0
4 118 0
5 9 0
6 25 0
6 112 0
6 113 0
6 129 0
7 44 0
7 137 0
8 50 0
8 78 0
8 97 0
8 112 0
8 125 0
9 18 0
9 26 0
9 28 0
9 121 0
10 29 0
10 42 0
10 82 0
10 89 0
10 138 0
11 63 0
11 106 0
12 20 0
12 108 0
13 106 0
14 85 0
15 24 0
15 80 0
15 85 0
15 117 0
15 137 0
16 71 0
16 83 0
17 24 0
19 83 0
19 90 0
19 100 0
19 124 0
19 139 0
20 57 0
20 72 0
20 130 0
21 50 0
22 34 0
22 47 0
22 107 0
22 114 0
22 124 0
23 32 0
23 113 0
24 41 0
24 105 0
25 59 0
25 66 0
25 113 0
25 120 0
26 104 0
27 34 0
28 32 0
28 117 0
28 126 0
29 139 0
30 59 0
30 85 0
31 119 0
32 97 0
32 135 0
33 84 0
34 56 0
34 111 0
35 89 0
35 98 0
35 116 0
36 43 0
36 133 0
37 114 0
38 64 0
38 112 0
38 117 0
38 124 0
39 67 0
39 114 0
39 140 0
40 125 0
44 53 0
45 113 0
45 116 0
46 79 0
46 113 0
46 125 0
47 58 0
47 65 0
47 96 0
48 81 0
48 139 0
49 119 0
50 75 0
50 128 0
51 54 0
51 127 0
51 134 0
52 78 0
53 55 0
53 76 0
53 91 0
55 98 0
55 117 0
60 98 0
61 63 0
62 98 0
63 82 0
63 123 0
63 136 0
64 129 0
65 124 0
66 133 0
67 114 0
68 125 0
69 90 0
70 119 0
71 83 0
71 115 0
72 84 0
72 95 0
72 124 0
74 78 0
77 127 0
77 133 0
78 98 0
79 129 0
80 95 0
81 82 0
81 94 0
81 110 0
82 101 0
83 92 0
84 86 0
84 102 0
84 137 0
85 88 0
87 106 0
90 109 0
90 116 0
91 126 0
93 113 0
95 100 0
95 131 0
96 117 0
96 124 0
98 118 0
99 137 0
100 130 0
101 112 0
101 133 0
103 126 0
104 137 0
107 126 0
115 139 0
121 133 0
122 125 0
126 132 0
129 140 0
130 137 0
138 139 0
