800 886 0
1 240 0
1 247 0
1 401 0
1 496 0
2 616 0
3 32 0
4 237 0
5 68 0
5 241 0
5 317 0
5 521 0
6 653 0
7 730 0
8 701 0
9 712 0
10 82 0
10 120 0
10 197 0
10 365 0
10 373 0
10 800 0
11 43 0
11 278 0
11 322 0
11 650 0
12 791 0
13 116 0
13 289 0
13 474 0
13 645 0
14 259 0
15 473 0
16 170 0
16 352 0
16 529 0
16 750 0
16 754 0
16 756 0
17 27 0
17 212 0
17 363 0
17 626 0
17 784 0
18 336 0
18 484 0
18 517 0
18 523 0
19 429 0
20 59 0
21 89 0
22 117 0
23 211 0
23 392 0
23 792 0
24 261 0
24 329 0
24 414 0
24 553 0
25 212 0
25 299 0
25 321 0
25 565 0
25 738 0
26 171 0
26 205 0
26 377 0
26 596 0
28 465 0
29 203 0
30 219 0
31 176 0
31 415 0
31 514 0
31 630 0
32 201 0
32 202 0
32 389 0
32 423 0
33 79 0
33 455 0
33 496 0
33 724 0
34 557 0
35 265 0
36 256 0
36 664 0
36 739 0
37 723 0
38 159 0
39 65 0
39 119 0
39 298 0
39 385 0
40 734 0
41 238 0
41 274 0
41 553 0
42 90 0
42 260 0
42 450 0
42 598 0
44 167 0
44 232 0
44 279 0
44 635 0
45 503 0
46 87 0
47 368 0
48 200 0
49 282 0
50 356 0
51 330 0
52 84 0
52 150 0
52 496 0
52 560 0
52 581 0
53 536 0
54 777 0
55 453 0
56 343 0
56 519 0
56 574 0
56 757 0
57 332 0
58 361 0
59 346 0
59 409 0
59 531 0
60 228 0
60 430 0
60 461 0
60 787 0
61 680 0
62 251 0
63 164 0
64 159 0
64 264 0
64 617 0
64 701 0
66 274 0
67 590 0
69 277 0
70 514 0
71 507 0
72 367 0
73 491 0
74 791 0
75 509 0
76 259 0
77 730 0
78 271 0
80 549 0
81 399 0
83 768 0
85 255 0
86 655 0
87 291 0
87 695 0
87 769 0
88 162 0
88 532 0
88 553 0
88 565 0
89 379 0
89 451 0
89 778 0
91 764 0
92 700 0
93 777 0
94 135 0
94 265 0
94 277 0
94 641 0
95 548 0
96 209 0
96 456 0
96 584 0
96 631 0
97 290 0
97 347 0
97 407 0
97 492 0
97 674 0
98 165 0
99 258 0
100 185 0
100 193 0
100 267 0
100 561 0
101 491 0
102 114 0
102 206 0
102 319 0
102 722 0
103 440 0
104 686 0
105 313 0
105 356 0
105 498 0
106 369 0
107 216 0
107 410 0
107 497 0
107 648 0
108 109 0
108 142 0
108 340 0
108 397 0
108 545 0
109 635 0
109 694 0
110 364 0
111 129 0
111 565 0
111 730 0
112 514 0
112 575 0
112 712 0
113 796 0
115 184 0
115 308 0
115 357 0
115 714 0
116 189 0
116 591 0
116 613 0
117 478 0
117 559 0
117 771 0
118 513 0
120 358 0
120 642 0
121 388 0
121 500 0
121 522 0
121 746 0
122 393 0
122 652 0
122 665 0
122 691 0
122 696 0
123 312 0
123 574 0
123 595 0
123 634 0
124 192 0
125 645 0
126 617 0
127 208 0
127 245 0
127 403 0
127 618 0
127 620 0
128 734 0
129 188 0
129 298 0
129 475 0
130 131 0
130 315 0
130 347 0
130 577 0
132 265 0
133 415 0
134 256 0
134 432 0
135 140 0
135 171 0
135 664 0
136 332 0
137 150 0
137 170 0
137 494 0
137 685 0
137 715 0
137 748 0
138 271 0
138 300 0
138 332 0
139 749 0
140 271 0
140 453 0
140 471 0
141 171 0
141 406 0
141 470 0
141 600 0
143 366 0
143 564 0
143 651 0
144 579 0
145 551 0
145 567 0
145 587 0
145 700 0
146 160 0
147 680 0
148 548 0
149 183 0
149 423 0
149 713 0
149 766 0
150 364 0
151 473 0
152 320 0
152 458 0
152 490 0
152 497 0
152 748 0
153 760 0
154 222 0
154 227 0
154 394 0
154 730 0
155 655 0
156 222 0
157 358 0
157 396 0
157 434 0
157 695 0
158 453 0
159 446 0
159 538 0
160 387 0
160 553 0
160 707 0
161 772 0
162 258 0
162 364 0
162 525 0
163 252 0
163 317 0
163 428 0
163 605 0
164 253 0
164 510 0
164 572 0
165 249 0
165 379 0
165 555 0
166 366 0
167 418 0
167 631 0
167 675 0
168 416 0
169 293 0
170 459 0
171 214 0
172 361 0
172 416 0
172 723 0
172 752 0
173 471 0
174 513 0
174 651 0
174 790 0
175 579 0
176 459 0
176 620 0
176 652 0
176 664 0
177 325 0
177 663 0
177 710 0
177 795 0
178 239 0
178 268 0
178 283 0
178 696 0
179 641 0
180 744 0
181 635 0
182 251 0
185 567 0
185 585 0
185 747 0
186 369 0
187 367 0
190 215 0
191 656 0
192 512 0
192 553 0
192 727 0
194 704 0
195 266 0
195 376 0
195 418 0
195 571 0
196 719 0
198 258 0
199 219 0
200 748 0
200 771 0
200 785 0
201 213 0
201 357 0
201 744 0
203 309 0
203 373 0
203 420 0
204 728 0
207 313 0
210 239 0
210 535 0
210 697 0
210 739 0
211 640 0
211 717 0
211 751 0
212 665 0
212 793 0
213 308 0
213 671 0
213 758 0
214 230 0
214 433 0
214 582 0
215 360 0
215 698 0
215 774 0
217 483 0
217 628 0
217 653 0
217 793 0
218 749 0
219 231 0
219 643 0
220 290 0
220 359 0
220 647 0
220 722 0
221 498 0
222 400 0
222 632 0
223 517 0
224 330 0
225 395 0
226 746 0
227 309 0
227 324 0
227 477 0
227 745 0
229 333 0
229 480 0
229 558 0
229 771 0
231 429 0
231 503 0
231 534 0
232 297 0
232 404 0
232 762 0
233 635 0
234 283 0
235 277 0
236 723 0
237 335 0
237 412 0
237 438 0
237 530 0
237 681 0
238 268 0
238 427 0
238 765 0
238 774 0
239 542 0
239 598 0
239 756 0
239 774 0
242 416 0
243 268 0
243 368 0
243 760 0
244 768 0
246 793 0
248 422 0
250 366 0
251 391 0
251 795 0
254 364 0
255 262 0
255 348 0
255 575 0
256 269 0
256 532 0
256 675 0
257 525 0
258 341 0
259 466 0
259 538 0
259 722 0
263 300 0
264 278 0
264 362 0
264 532 0
265 615 0
265 725 0
268 645 0
268 770 0
269 394 0
269 522 0
269 534 0
269 623 0
270 588 0
270 670 0
270 759 0
270 773 0
271 699 0
272 680 0
273 608 0
274 627 0
274 652 0
274 750 0
274 775 0
275 474 0
276 293 0
277 358 0
277 586 0
278 465 0
278 538 0
278 744 0
279 294 0
279 417 0
279 716 0
280 526 0
280 556 0
280 572 0
280 711 0
281 502 0
282 342 0
282 380 0
282 418 0
283 317 0
283 720 0
284 507 0
285 336 0
286 730 0
287 369 0
288 468 0
289 298 0
289 532 0
289 572 0
290 453 0
292 790 0
293 337 0
293 459 0
295 415 0
296 392 0
298 594 0
300 499 0
300 726 0
300 756 0
301 314 0
302 796 0
303 793 0
304 327 0
304 333 0
304 633 0
304 705 0
305 768 0
306 557 0
307 381 0
308 537 0
308 712 0
309 722 0
310 399 0
311 525 0
313 352 0
313 570 0
313 736 0
313 774 0
314 485 0
314 620 0
314 694 0
316 518 0
317 436 0
317 537 0
317 615 0
317 709 0
318 635 0
323 564 0
326 416 0
328 440 0
330 472 0
330 787 0
331 557 0
331 667 0
331 734 0
331 752 0
332 495 0
332 694 0
333 368 0
333 768 0
334 367 0
335 395 0
335 450 0
335 500 0
336 547 0
336 761 0
338 642 0
339 630 0
340 366 0
340 390 0
340 395 0
340 743 0
344 701 0
345 536 0
346 513 0
346 523 0
346 612 0
347 522 0
347 536 0
349 659 0
350 712 0
351 772 0
352 659 0
353 676 0
354 468 0
355 373 0
355 533 0
355 603 0
355 692 0
356 527 0
356 695 0
357 497 0
358 399 0
361 493 0
361 566 0
362 432 0
362 515 0
362 709 0
362 790 0
363 384 0
363 619 0
363 656 0
366 425 0
367 488 0
368 602 0
368 625 0
369 575 0
370 392 0
371 700 0
372 676 0
373 394 0
374 525 0
375 500 0
378 744 0
379 743 0
379 797 0
381 426 0
381 489 0
381 667 0
382 659 0
383 587 0
384 462 0
384 486 0
384 682 0
386 503 0
388 573 0
388 702 0
388 732 0
390 498 0
390 564 0
392 398 0
392 423 0
394 497 0
395 583 0
395 636 0
397 641 0
397 771 0
399 601 0
399 756 0
402 667 0
403 564 0
403 619 0
403 764 0
405 564 0
408 542 0
408 543 0
408 562 0
408 715 0
408 782 0
411 747 0
412 465 0
412 579 0
413 484 0
415 657 0
418 440 0
419 483 0
421 585 0
422 604 0
422 669 0
422 783 0
423 535 0
424 797 0
429 519 0
429 563 0
429 687 0
431 660 0
432 443 0
432 665 0
435 548 0
436 612 0
436 653 0
437 608 0
438 535 0
438 659 0
438 719 0
439 517 0
440 597 0
441 760 0
442 514 0
444 617 0
445 551 0
447 598 0
447 676 0
447 695 0
448 594 0
449 641 0
450 748 0
452 616 0
453 467 0
454 536 0
457 594 0
459 468 0
459 509 0
460 468 0
463 747 0
464 772 0
465 666 0
465 770 0
469 655 0
471 569 0
471 624 0
473 753 0
473 755 0
474 541 0
474 609 0
476 744 0
479 630 0
480 491 0
480 728 0
480 772 0
481 686 0
482 616 0
483 589 0
483 703 0
484 622 0
484 693 0
487 551 0
488 534 0
488 642 0
488 668 0
491 623 0
496 522 0
497 549 0
498 662 0
498 684 0
498 717 0
500 599 0
501 656 0
502 631 0
502 690 0
502 794 0
503 677 0
504 551 0
505 513 0
506 797 0
507 706 0
507 783 0
508 549 0
509 540 0
509 658 0
511 651 0
513 550 0
515 554 0
515 646 0
515 709 0
516 746 0
517 740 0
518 552 0
518 575 0
518 765 0
518 770 0
519 522 0
520 668 0
523 558 0
523 773 0
524 777 0
528 546 0
534 695 0
535 715 0
537 558 0
537 717 0
539 612 0
542 645 0
544 656 0
546 637 0
546 652 0
546 763 0
548 773 0
549 614 0
557 789 0
558 739 0
565 680 0
565 704 0
567 675 0
567 694 0
568 608 0
572 749 0
574 697 0
574 777 0
575 697 0
576 728 0
578 792 0
579 795 0
580 764 0
585 606 0
585 786 0
587 593 0
587 610 0
590 598 0
590 607 0
590 661 0
592 728 0
594 689 0
598 655 0
608 773 0
611 668 0
612 672 0
612 731 0
615 719 0
616 753 0
617 737 0
619 664 0
619 795 0
619 800 0
621 660 0
623 773 0
628 752 0
628 783 0
628 787 0
629 719 0
630 735 0
631 791 0
638 660 0
639 747 0
642 733 0
644 749 0
645 708 0
649 790 0
651 683 0
651 753 0
653 673 0
654 796 0
659 678 0
660 783 0
667 799 0
668 679 0
675 743 0
676 787 0
686 688 0
686 694 0
696 756 0
697 753 0
700 781 0
701 721 0
704 718 0
704 800 0
712 729 0
715 792 0
717 760 0
722 743 0
723 798 0
734 750 0
739 752 0
741 797 0
742 799 0
744 765 0
746 779 0
764 767 0
770 771 0
771 796 0
776 792 0
780 792 0
788 791 0
