80 120 0
1 16 0
1 18 0
1 29 0
1 77 0
2 35 0
2 52 0
2 53 0
3 13 0
3 61 0
3 68 0
4 60 0
5 31 0
6 31 0
6 33 0
6 39 0
6 46 0
6 47 0
6 68 0
7 15 0
7 31 0
8 33 0
9 23 0
9 37 0
10 23 0
10 42 0
10 63 0
10 74 0
10 77 0
11 55 0
12 59 0
12 73 0
12 74 0
13 25 0
13 68 0
13 74 0
13 78 0
14 31 0
14 42 0
14 78 0
15 52 0
16 29 0
16 71 0
17 42 0
18 23 0
18 49 0
19 43 0
19 72 0
20 37 0
20 58 0
21 31 0
21 57 0
22 39 0
23 26 0
23 32 0
23 49 0
24 43 0
24 44 0
25 26 0
25 33 0
26 63 0
27 49 0
27 62 0
27 66 0
27 75 0
28 61 0
29 43 0
29 46 0
29 64 0
29 78 0
30 39 0
30 43 0
32 63 0
33 36 0
33 51 0
34 61 0
34 79 0
35 77 0
36 72 0
36 79 0
37 48 0
37 56 0
38 60 0
39 54 0
39 69 0
39 74 0
40 42 0
41 79 0
43 45 0
43 75 0
44 53 0
44 66 0
46 49 0
47 76 0
48 52 0
48 74 0
48 76 0
49 67 0
49 68 0
50 53 0
52 70 0
53 67 0
53 75 0
54 55 0
55 62 0
55 78 0
57 63 0
58 64 0
58 76 0
59 60 0
60 79 0
61 78 0
62 78 0
65 73 0
66 76 0
68 79 0
71 73 0
73 75 0
74 75 0
74 78 0
77 80 0
