120 202 0
1 22 0
1 23 0
2 108 0
2 109 0
3 69 0
4 40 0
4 48 0
4 86 0
4 96 0
4 109 0
5 33 0
5 55 0
5 56 0
5 75 0
5 77 0
5 86 0
5 112 0
6 117 0
7 26 0
7 31 0
7 45 0
7 54 0
8 11 0
8 73 0
9 35 0
9 73 0
9 82 0
9 119 0
10 46 0
10 47 0
10 58 0
11 84 0
12 42 0
12 76 0
12 95 0
12 110 0
13 51 0
13 100 0
14 30 0
14 118 0
15 38 0
16 35 0
16 115 0
17 18 0
17 26 0
17 30 0
17 31 0
17 40 0
18 22 0
18 56 0
18 66 0
18 85 0
18 115 0
19 69 0
19 72 0
19 76 0
19 100 0
19 118 0
20 120 0
21 57 0
21 63 0
22 28 0
22 36 0
22 41 0
23 41 0
23 42 0
23 118 0
24 44 0
24 109 0
25 34 0
25 46 0
25 47 0
25 104 0
26 58 0
26 84 0
26 98 0
26 109 0
26 114 0
27 87 0
29 40 0
29 100 0
29 119 0
30 45 0
30 72 0
30 82 0
30 102 0
30 107 0
31 50 0
31 74 0
31 103 0
32 41 0
32 67 0
32 96 0
32 104 0
33 71 0
34 39 0
34 49 0
34 118 0
35 59 0
35 106 0
36 37 0
37 76 0
38 60 0
38 62 0
38 64 0
39 47 0
39 120 0
40 64 0
40 88 0
40 93 0
41 80 0
41 119 0
42 51 0
42 75 0
42 89 0
42 92 0
42 100 0
42 110 0
43 82 0
43 96 0
44 63 0
45 46 0
45 73 0
45 104 0
45 118 0
46 66 0
47 85 0
48 57 0
48 68 0
48 70 0
48 91 0
49 50 0
49 51 0
49 61 0
49 118 0
51 54 0
51 78 0
52 68 0
52 92 0
52 99 0
53 77 0
53 86 0
53 104 0
54 82 0
54 95 0
55 57 0
56 92 0
56 116 0
57 80 0
57 114 0
58 67 0
58 78 0
60 97 0
61 110 0
63 64 0
63 79 0
63 119 0
64 84 0
65 73 0
65 118 0
66 112 0
69 88 0
69 89 0
70 103 0
70 115 0
71 80 0
73 115 0
74 84 0
75 84 0
75 117 0
76 97 0
76 105 0
79 80 0
79 107 0
80 101 0
81 87 0
82 99 0
82 113 0
82 120 0
83 87 0
84 102 0
85 87 0
85 100 0
85 111 0
85 117 0
86 89 0
86 108 0
86 111 0
87 106 0
89 120 0
90 120 0
92 99 0
93 109 0
94 120 0
95 117 0
99 108 0
101 115 0
105 109 0
108 114 0
110 116 0
112 119 0
112 120 0
