160 198 0
1 13 0
1 23 0
1 62 0
1 147 0
2 73 0
2 100 0
2 121 0
2 137 0
2 149 0
2 153 0
3 29 0
3 39 0
3 53 0
3 84 0
4 36 0
4 65 0
5 132 0
6 34 0
7 154 0
7 160 0
8 73 0
8 78 0
8 99 0
8 104 0
9 64 0
10 122 0
11 22 0
11 109 0
12 152 0
14 123 0
15 35 0
15 38 0
15 89 0
15 148 0
16 43 0
16 46 0
16 115 0
16 116 0
17 18 0
17 105 0
17 112 0
17 131 0
17 147 0
19 53 0
19 61 0
19 80 0
19 143 0
20 85 0
20 92 0
20 107 0
20 116 0
21 118 0
22 26 0
22 98 0
22 150 0
24 128 0
25 122 0
27 54 0
27 113 0
27 118 0
27 123 0
28 131 0
30 33 0
30 37 0
30 123 0
31 131 0
32 63 0
32 65 0
32 145 0
33 150 0
34 48 0
34 95 0
34 104 0
34 117 0
34 130 0
36 81 0
37 52 0
37 53 0
37 111 0
37 122 0
37 151 0
40 137 0
40 145 0
41 122 0
41 128 0
42 50 0
42 89 0
42 108 0
42 139 0
43 139 0
44 120 0
45 141 0
47 67 0
47 77 0
47 119 0
47 142 0
47 153 0
49 132 0
50 54 0
50 109 0
51 54 0
51 92 0
51 103 0
51 120 0
51 137 0
53 139 0
54 147 0
55 131 0
56 125 0
57 87 0
57 134 0
57 143 0
58 95 0
58 142 0
59 152 0
60 64 0
63 97 0
63 110 0
63 114 0
63 139 0
64 110 0
64 111 0
64 133 0
65 83 0
65 146 0
65 159 0
66 81 0
68 86 0
69 118 0
69 149 0
70 113 0
71 103 0
72 125 0
74 125 0
75 81 0
75 109 0
75 125 0
75 128 0
76 103 0
79 142 0
81 155 0
82 160 0
86 92 0
86 124 0
86 136 0
86 147 0
87 96 0
87 111 0
87 117 0
88 137 0
89 132 0
89 144 0
89 145 0
89 146 0
90 120 0
90 126 0
91 113 0
93 123 0
94 115 0
94 152 0
96 126 0
97 119 0
99 123 0
101 123 0
102 120 0
103 130 0
104 108 0
104 122 0
106 145 0
108 111 0
108 159 0
109 116 0
109 153 0
111 142 0
113 156 0
114 120 0
116 141 0
118 127 0
119 135 0
121 150 0
122 143 0
126 132 0
126 133 0
128 129 0
128 138 0
129 131 0
131 159 0
134 141 0
135 137 0
139 150 0
140 141 0
142 154 0
144 145 0
144 148 0
150 157 0
152 159 0
153 160 0
158 160 0
