100 114 0
1 57 0
1 99 0
2 99 0
3 27 0
3 89 0
4 71 0
5 28 0
6 88 0
7 51 0
7 68 0
7 75 0
7 77 0
8 10 0
9 88 0
10 29 0
10 42 0
10 81 0
10 87 0
11 92 0
12 96 0
13 48 0
14 34 0
14 41 0
14 67 0
14 89 0
15 16 0
16 36 0
16 39 0
16 72 0
16 73 0
17 34 0
18 49 0
19 52 0
19 67 0
19 72 0
20 50 0
21 96 0
22 28 0
23 84 0
23 89 0
24 41 0
24 82 0
25 92 0
26 58 0
27 34 0
28 53 0
28 72 0
28 83 0
29 45 0
29 52 0
29 91 0
29 98 0
30 51 0
30 70 0
30 80 0
31 83 0
32 48 0
33 34 0
34 96 0
35 65 0
36 49 0
36 52 0
36 66 0
36 83 0
37 84 0
38 45 0
40 49 0
41 59 0
41 93 0
43 96 0
44 99 0
45 82 0
45 94 0
46 89 0
47 71 0
48 78 0
48 86 0
49 74 0
50 60 0
50 76 0
50 81 0
50 86 0
52 75 0
54 80 0
55 83 0
56 91 0
57 58 0
58 62 0
58 97 0
61 88 0
63 91 0
64 69 0
65 66 0
65 90 0
65 97 0
67 86 0
67 97 0
69 70 0
69 95 0
69 97 0
71 81 0
71 86 0
72 84 0
72 96 0
75 80 0
75 92 0
79 80 0
79 99 0
83 98 0
84 88 0
84 99 0
85 91 0
86 88 0
92 100 0
