900 1124 0
1 337 0
1 614 0
1 631 0
1 676 0
2 119 0
2 572 0
2 576 0
2 687 0
2 839 0
3 886 0
4 248 0
4 428 0
4 579 0
5 131 0
5 360 0
5 496 0
5 789 0
6 505 0
6 635 0
6 705 0
6 756 0
6 839 0
7 755 0
8 375 0
9 122 0
9 229 0
9 691 0
9 793 0
10 874 0
11 672 0
12 754 0
13 859 0
14 39 0
15 226 0
15 396 0
15 408 0
15 752 0
15 800 0
16 464 0
17 474 0
17 555 0
17 619 0
17 692 0
17 780 0
18 80 0
19 379 0
19 453 0
19 611 0
19 653 0
19 847 0
20 669 0
21 365 0
21 574 0
21 595 0
21 736 0
21 894 0
22 126 0
23 266 0
24 35 0
25 162 0
25 589 0
25 618 0
25 631 0
25 828 0
25 842 0
26 702 0
27 622 0
28 826 0
29 88 0
29 288 0
29 466 0
29 527 0
30 96 0
31 584 0
32 298 0
33 524 0
34 604 0
35 57 0
35 285 0
35 290 0
35 611 0
36 93 0
36 271 0
36 367 0
36 423 0
37 144 0
37 215 0
37 278 0
37 695 0
37 815 0
37 900 0
38 755 0
39 343 0
39 618 0
39 688 0
40 226 0
40 282 0
40 484 0
40 758 0
40 871 0
41 581 0
42 307 0
42 436 0
42 534 0
42 610 0
42 802 0
42 855 0
43 249 0
43 559 0
43 808 0
44 168 0
44 291 0
44 372 0
45 87 0
45 592 0
45 685 0
45 822 0
46 493 0
47 723 0
48 356 0
49 689 0
50 549 0
51 249 0
51 338 0
51 449 0
51 606 0
51 631 0
52 392 0
53 90 0
53 138 0
53 425 0
53 461 0
53 738 0
53 856 0
54 384 0
55 105 0
55 462 0
55 476 0
56 723 0
57 94 0
57 154 0
57 395 0
57 825 0
57 871 0
58 103 0
58 318 0
58 442 0
58 466 0
58 729 0
59 457 0
60 772 0
61 85 0
61 456 0
61 473 0
61 699 0
61 771 0
62 204 0
63 109 0
63 723 0
63 891 0
64 671 0
65 852 0
66 67 0
66 289 0
66 337 0
66 470 0
66 665 0
67 260 0
67 624 0
67 700 0
68 137 0
68 264 0
68 378 0
68 544 0
68 843 0
69 744 0
70 85 0
71 126 0
72 125 0
72 385 0
72 416 0
72 739 0
72 762 0
73 117 0
73 164 0
73 359 0
73 428 0
73 741 0
74 398 0
74 429 0
74 609 0
74 870 0
75 292 0
75 325 0
75 817 0
75 822 0
76 205 0
77 90 0
77 404 0
77 555 0
77 632 0
77 691 0
77 694 0
77 838 0
78 246 0
79 272 0
79 426 0
79 477 0
79 870 0
80 271 0
80 371 0
80 383 0
80 887 0
81 216 0
81 514 0
81 645 0
81 784 0
82 628 0
83 179 0
83 310 0
83 565 0
83 654 0
84 891 0
85 315 0
85 508 0
85 882 0
86 344 0
86 425 0
86 590 0
86 598 0
86 881 0
88 208 0
88 885 0
89 596 0
90 626 0
90 706 0
90 864 0
91 180 0
92 469 0
93 107 0
93 299 0
94 148 0
94 503 0
94 790 0
95 319 0
95 342 0
95 402 0
95 687 0
95 822 0
96 99 0
96 305 0
96 332 0
96 505 0
97 821 0
98 123 0
98 434 0
98 547 0
98 830 0
99 354 0
99 744 0
100 388 0
101 708 0
102 428 0
103 146 0
103 214 0
103 337 0
103 624 0
104 745 0
105 156 0
105 357 0
105 451 0
105 563 0
105 679 0
105 725 0
105 736 0
105 781 0
106 125 0
107 110 0
107 228 0
107 320 0
107 605 0
108 699 0
109 370 0
109 576 0
109 806 0
111 168 0
111 254 0
111 316 0
111 746 0
112 143 0
112 476 0
112 709 0
112 807 0
113 167 0
113 575 0
113 708 0
113 871 0
114 124 0
114 219 0
114 408 0
114 843 0
114 880 0
115 183 0
116 171 0
116 533 0
116 712 0
116 858 0
117 571 0
117 689 0
117 744 0
117 891 0
118 777 0
120 236 0
120 329 0
120 543 0
120 558 0
120 607 0
120 725 0
121 122 0
121 433 0
121 452 0
121 711 0
121 860 0
122 213 0
122 266 0
122 694 0
125 155 0
125 507 0
126 334 0
126 607 0
126 870 0
127 444 0
128 422 0
129 645 0
130 149 0
130 180 0
130 702 0
130 783 0
131 182 0
131 517 0
131 523 0
131 889 0
132 166 0
132 632 0
132 639 0
132 782 0
132 845 0
133 385 0
134 840 0
135 305 0
135 539 0
135 579 0
135 729 0
136 210 0
139 717 0
140 352 0
140 478 0
140 570 0
140 862 0
141 181 0
141 622 0
141 891 0
142 789 0
143 303 0
143 471 0
143 647 0
143 851 0
145 826 0
146 249 0
146 413 0
146 439 0
146 806 0
147 571 0
147 577 0
147 615 0
147 760 0
147 792 0
149 252 0
149 366 0
149 547 0
150 588 0
151 238 0
152 220 0
152 478 0
152 597 0
152 743 0
153 215 0
153 269 0
153 433 0
153 675 0
153 833 0
154 611 0
154 807 0
157 874 0
158 439 0
158 489 0
158 539 0
159 222 0
160 354 0
161 819 0
163 783 0
164 321 0
164 496 0
165 581 0
167 473 0
167 731 0
168 431 0
168 560 0
168 666 0
168 795 0
169 535 0
169 734 0
169 755 0
170 486 0
171 254 0
171 371 0
171 600 0
171 852 0
172 702 0
173 359 0
174 826 0
175 260 0
176 850 0
177 227 0
178 502 0
180 311 0
180 480 0
180 771 0
181 476 0
181 559 0
181 700 0
181 762 0
181 825 0
183 498 0
183 704 0
183 823 0
184 414 0
185 236 0
185 252 0
185 488 0
185 538 0
186 514 0
187 388 0
188 226 0
188 306 0
188 369 0
188 565 0
189 699 0
190 794 0
191 620 0
192 405 0
193 204 0
194 363 0
194 446 0
194 459 0
194 636 0
195 763 0
196 789 0
197 225 0
198 536 0
199 205 0
199 369 0
199 708 0
200 202 0
200 400 0
200 417 0
201 360 0
201 473 0
201 551 0
201 808 0
201 894 0
202 238 0
202 559 0
202 624 0
203 596 0
204 284 0
204 563 0
204 866 0
205 346 0
205 528 0
205 576 0
205 741 0
206 667 0
207 391 0
208 416 0
208 536 0
208 620 0
208 874 0
209 844 0
210 318 0
210 594 0
210 643 0
211 255 0
211 323 0
211 552 0
211 855 0
212 354 0
213 453 0
213 528 0
213 857 0
214 385 0
214 641 0
215 263 0
215 476 0
215 578 0
216 704 0
216 857 0
216 866 0
217 268 0
217 298 0
217 532 0
218 794 0
221 291 0
222 535 0
222 682 0
222 769 0
223 375 0
224 366 0
224 478 0
224 822 0
224 843 0
225 322 0
225 367 0
225 402 0
225 683 0
225 743 0
226 588 0
226 679 0
227 276 0
227 420 0
227 442 0
227 621 0
227 694 0
227 724 0
228 341 0
228 422 0
228 805 0
230 333 0
230 451 0
230 856 0
230 872 0
231 392 0
232 532 0
232 621 0
232 634 0
232 666 0
232 721 0
233 394 0
233 568 0
233 680 0
233 719 0
233 893 0
234 529 0
235 321 0
236 853 0
237 512 0
238 242 0
238 339 0
238 871 0
239 291 0
240 299 0
240 338 0
240 504 0
240 657 0
240 779 0
241 328 0
243 601 0
243 677 0
243 774 0
243 788 0
244 392 0
245 853 0
246 358 0
246 558 0
246 629 0
247 536 0
248 362 0
248 441 0
248 565 0
248 713 0
248 796 0
249 254 0
250 424 0
251 479 0
252 359 0
252 813 0
253 702 0
254 632 0
256 633 0
257 275 0
258 649 0
259 792 0
260 353 0
260 445 0
260 648 0
260 768 0
261 739 0
262 772 0
263 300 0
263 537 0
263 630 0
265 807 0
266 522 0
266 765 0
267 356 0
267 360 0
267 417 0
267 850 0
268 494 0
268 542 0
268 646 0
268 766 0
270 549 0
271 680 0
273 874 0
274 633 0
275 450 0
275 697 0
275 839 0
276 356 0
276 462 0
276 470 0
277 497 0
277 709 0
277 843 0
278 399 0
278 840 0
279 469 0
280 355 0
281 401 0
281 447 0
281 652 0
281 877 0
283 395 0
283 621 0
283 680 0
284 496 0
284 567 0
286 420 0
286 489 0
286 672 0
286 723 0
286 825 0
287 349 0
288 473 0
288 652 0
291 499 0
291 539 0
291 641 0
293 835 0
294 853 0
295 681 0
296 604 0
297 489 0
298 475 0
298 631 0
299 456 0
299 708 0
301 391 0
302 491 0
304 331 0
305 557 0
305 820 0
306 354 0
306 497 0
306 578 0
306 628 0
308 384 0
309 813 0
312 699 0
313 491 0
314 600 0
314 760 0
314 816 0
315 551 0
315 628 0
316 327 0
316 509 0
316 659 0
317 497 0
318 391 0
318 444 0
321 601 0
321 647 0
321 716 0
324 359 0
326 709 0
328 511 0
328 562 0
328 688 0
329 365 0
329 395 0
330 626 0
330 807 0
330 821 0
331 442 0
331 520 0
331 718 0
331 831 0
335 338 0
335 573 0
335 673 0
335 719 0
336 375 0
337 719 0
338 378 0
338 537 0
338 669 0
339 355 0
339 819 0
339 825 0
340 535 0
340 541 0
340 797 0
340 803 0
341 490 0
341 515 0
341 722 0
344 413 0
344 529 0
344 853 0
345 399 0
347 645 0
348 599 0
349 540 0
349 602 0
349 806 0
350 717 0
351 844 0
354 465 0
355 387 0
355 402 0
355 516 0
356 365 0
356 448 0
356 733 0
357 551 0
357 708 0
357 840 0
359 676 0
360 619 0
361 813 0
364 754 0
365 575 0
366 559 0
366 613 0
367 413 0
367 502 0
367 629 0
368 420 0
368 482 0
368 528 0
368 644 0
369 559 0
369 569 0
369 639 0
369 805 0
369 815 0
371 749 0
371 812 0
372 374 0
372 451 0
372 579 0
372 714 0
372 884 0
373 432 0
375 885 0
376 489 0
377 588 0
378 652 0
380 487 0
380 619 0
380 661 0
380 896 0
381 709 0
382 422 0
384 818 0
384 887 0
385 698 0
386 681 0
388 499 0
388 662 0
389 789 0
390 649 0
391 670 0
391 673 0
392 539 0
393 514 0
395 690 0
397 669 0
399 639 0
399 887 0
400 421 0
400 606 0
400 787 0
400 883 0
403 816 0
405 459 0
405 468 0
405 865 0
406 464 0
407 672 0
408 584 0
409 784 0
410 622 0
411 557 0
412 899 0
413 580 0
414 525 0
414 644 0
414 648 0
414 766 0
415 479 0
416 652 0
416 729 0
416 864 0
417 651 0
417 736 0
418 588 0
419 835 0
422 716 0
424 513 0
424 547 0
424 761 0
425 648 0
427 529 0
428 528 0
428 563 0
428 727 0
430 759 0
432 438 0
432 458 0
432 662 0
433 726 0
435 759 0
436 763 0
436 840 0
437 873 0
439 492 0
439 647 0
439 870 0
439 876 0
440 742 0
442 471 0
442 751 0
442 821 0
443 456 0
444 751 0
444 802 0
449 459 0
449 850 0
453 469 0
453 681 0
453 751 0
453 768 0
454 899 0
455 514 0
455 624 0
455 629 0
455 734 0
456 846 0
457 466 0
457 730 0
457 791 0
457 799 0
459 569 0
459 899 0
460 591 0
462 534 0
462 556 0
462 773 0
463 580 0
463 731 0
463 886 0
464 619 0
464 848 0
466 491 0
467 549 0
469 656 0
469 673 0
469 800 0
470 647 0
471 857 0
472 749 0
473 535 0
473 856 0
474 704 0
474 750 0
476 740 0
476 839 0
478 734 0
479 674 0
479 866 0
481 746 0
483 859 0
485 726 0
486 710 0
486 854 0
486 880 0
486 885 0
489 641 0
491 804 0
492 641 0
492 731 0
492 762 0
492 777 0
493 532 0
493 546 0
493 658 0
495 832 0
496 519 0
496 582 0
496 898 0
497 550 0
497 644 0
497 815 0
499 591 0
500 652 0
500 807 0
500 840 0
501 859 0
502 696 0
502 768 0
505 529 0
505 730 0
506 792 0
510 820 0
512 567 0
512 587 0
512 606 0
512 608 0
514 869 0
518 604 0
521 873 0
524 526 0
524 579 0
524 718 0
529 802 0
529 836 0
530 577 0
531 575 0
532 569 0
532 750 0
534 832 0
535 575 0
536 655 0
536 880 0
537 784 0
539 859 0
544 558 0
544 669 0
545 667 0
547 596 0
548 759 0
549 565 0
551 558 0
551 595 0
551 648 0
553 591 0
554 784 0
555 816 0
556 613 0
556 667 0
556 759 0
557 567 0
557 668 0
558 583 0
561 584 0
564 624 0
566 816 0
567 725 0
567 726 0
569 887 0
571 688 0
571 857 0
575 810 0
575 867 0
577 775 0
577 809 0
578 681 0
579 599 0
580 742 0
580 745 0
580 794 0
581 626 0
581 680 0
581 875 0
583 684 0
583 735 0
583 827 0
584 814 0
584 866 0
585 750 0
586 899 0
589 619 0
589 816 0
590 760 0
590 815 0
591 642 0
591 766 0
593 820 0
595 633 0
595 835 0
596 748 0
599 757 0
599 837 0
600 660 0
600 812 0
601 700 0
601 754 0
603 750 0
604 843 0
606 622 0
607 708 0
607 812 0
611 746 0
612 723 0
613 680 0
613 855 0
615 620 0
615 832 0
616 819 0
617 626 0
617 628 0
617 746 0
618 667 0
620 664 0
621 706 0
622 824 0
623 840 0
624 676 0
625 742 0
626 726 0
627 672 0
628 640 0
632 763 0
633 737 0
633 780 0
637 763 0
638 820 0
645 713 0
645 732 0
649 798 0
649 876 0
650 783 0
652 671 0
652 772 0
652 782 0
656 766 0
656 844 0
662 805 0
662 873 0
663 755 0
666 772 0
667 693 0
671 720 0
671 878 0
676 743 0
678 873 0
679 784 0
680 717 0
681 782 0
686 760 0
687 718 0
688 886 0
689 713 0
689 767 0
691 717 0
699 718 0
700 766 0
701 749 0
703 852 0
704 816 0
704 826 0
706 771 0
706 834 0
706 849 0
706 855 0
707 852 0
715 749 0
716 844 0
717 841 0
726 806 0
728 760 0
729 808 0
730 794 0
731 861 0
731 897 0
734 811 0
739 863 0
739 864 0
740 783 0
740 813 0
742 778 0
744 795 0
744 831 0
745 753 0
745 786 0
745 894 0
746 831 0
747 792 0
749 885 0
750 829 0
754 895 0
755 856 0
763 770 0
764 835 0
776 821 0
777 892 0
780 891 0
783 801 0
785 850 0
795 876 0
800 808 0
805 885 0
808 857 0
819 868 0
832 876 0
832 879 0
832 888 0
844 876 0
850 889 0
853 890 0
886 889 0
