700 821 0
1 619 0
2 70 0
2 401 0
2 481 0
2 492 0
2 698 0
3 580 0
4 373 0
5 47 0
6 34 0
6 298 0
6 347 0
6 504 0
7 39 0
7 45 0
7 308 0
7 602 0
8 11 0
8 47 0
8 124 0
8 326 0
8 433 0
8 525 0
9 133 0
9 180 0
9 222 0
9 315 0
9 468 0
9 534 0
10 124 0
10 287 0
10 318 0
10 350 0
10 512 0
10 643 0
11 293 0
11 600 0
11 634 0
12 637 0
13 26 0
14 466 0
15 264 0
16 326 0
17 513 0
18 208 0
19 43 0
20 69 0
21 172 0
22 291 0
23 363 0
24 584 0
25 593 0
26 99 0
26 111 0
26 689 0
27 482 0
28 363 0
29 260 0
30 590 0
31 115 0
31 302 0
31 318 0
32 105 0
32 116 0
32 168 0
32 625 0
33 52 0
33 143 0
33 261 0
33 386 0
33 670 0
35 456 0
36 190 0
37 72 0
37 525 0
37 545 0
37 597 0
37 665 0
38 517 0
40 256 0
41 170 0
41 461 0
41 489 0
41 566 0
42 355 0
43 45 0
43 464 0
43 681 0
44 335 0
45 291 0
45 400 0
45 575 0
46 82 0
46 88 0
46 601 0
47 254 0
47 696 0
48 268 0
49 75 0
49 210 0
49 284 0
49 331 0
49 603 0
50 194 0
51 640 0
53 180 0
53 247 0
53 564 0
53 582 0
54 73 0
54 225 0
54 249 0
54 594 0
55 248 0
56 85 0
56 359 0
56 484 0
56 498 0
56 551 0
57 133 0
57 179 0
57 659 0
58 272 0
59 152 0
59 206 0
59 334 0
59 498 0
59 537 0
59 557 0
60 119 0
61 672 0
62 121 0
62 311 0
62 322 0
62 398 0
62 424 0
63 542 0
64 181 0
65 316 0
65 350 0
65 619 0
66 339 0
67 242 0
67 477 0
67 487 0
67 536 0
67 659 0
68 182 0
68 209 0
68 265 0
68 320 0
68 554 0
69 91 0
69 379 0
69 417 0
69 501 0
69 688 0
70 86 0
70 438 0
70 522 0
70 605 0
71 130 0
71 199 0
71 269 0
71 442 0
71 527 0
72 282 0
72 312 0
72 458 0
74 177 0
75 226 0
75 645 0
76 494 0
76 511 0
76 644 0
76 650 0
77 592 0
78 316 0
78 349 0
78 468 0
78 681 0
79 637 0
80 516 0
81 263 0
82 355 0
82 435 0
82 577 0
82 593 0
83 250 0
84 487 0
87 472 0
87 527 0
87 587 0
87 667 0
87 698 0
88 298 0
88 327 0
88 639 0
89 112 0
90 147 0
91 435 0
91 471 0
92 108 0
93 268 0
93 367 0
93 466 0
93 645 0
94 177 0
95 181 0
95 262 0
95 692 0
96 104 0
96 241 0
96 357 0
96 674 0
97 282 0
98 178 0
100 668 0
101 224 0
101 290 0
101 391 0
102 592 0
103 478 0
104 226 0
104 433 0
104 614 0
105 204 0
105 516 0
105 656 0
106 361 0
107 186 0
107 513 0
107 580 0
108 184 0
108 196 0
108 441 0
109 619 0
110 492 0
112 315 0
112 570 0
112 684 0
113 236 0
114 361 0
115 222 0
115 575 0
115 651 0
117 562 0
118 236 0
119 243 0
119 262 0
119 628 0
120 656 0
121 350 0
121 361 0
122 562 0
123 422 0
124 391 0
125 205 0
126 222 0
126 256 0
126 422 0
126 550 0
126 677 0
127 513 0
128 136 0
128 166 0
128 252 0
128 382 0
128 612 0
129 259 0
129 270 0
129 421 0
129 505 0
129 565 0
131 216 0
132 220 0
132 311 0
132 438 0
132 462 0
132 663 0
133 309 0
133 410 0
133 658 0
134 231 0
135 173 0
137 257 0
138 683 0
139 146 0
139 187 0
139 470 0
139 512 0
140 249 0
140 459 0
140 582 0
140 651 0
141 173 0
141 401 0
141 611 0
141 672 0
142 211 0
142 376 0
142 402 0
142 605 0
142 618 0
143 266 0
143 362 0
143 395 0
143 619 0
144 590 0
145 329 0
147 394 0
147 441 0
147 606 0
148 204 0
148 302 0
148 457 0
148 577 0
149 279 0
150 487 0
151 617 0
152 391 0
152 608 0
153 162 0
154 391 0
154 471 0
154 575 0
155 378 0
156 468 0
157 188 0
158 197 0
159 171 0
159 397 0
159 574 0
159 575 0
160 422 0
161 673 0
162 315 0
162 486 0
162 609 0
162 643 0
163 490 0
164 282 0
165 213 0
166 285 0
166 549 0
167 326 0
169 212 0
169 280 0
169 510 0
169 531 0
171 293 0
171 307 0
171 604 0
171 652 0
172 189 0
172 215 0
172 287 0
173 295 0
173 338 0
173 405 0
174 694 0
175 482 0
176 223 0
177 298 0
177 599 0
178 368 0
178 372 0
178 554 0
178 558 0
179 279 0
179 375 0
179 399 0
179 456 0
180 681 0
181 234 0
181 459 0
182 321 0
182 433 0
182 444 0
183 635 0
185 216 0
186 208 0
186 278 0
186 367 0
186 571 0
186 647 0
188 246 0
188 258 0
188 566 0
190 195 0
190 369 0
190 379 0
190 421 0
191 547 0
192 397 0
193 223 0
194 209 0
194 239 0
194 412 0
194 650 0
197 305 0
197 404 0
197 507 0
198 396 0
198 471 0
198 577 0
198 659 0
199 432 0
199 607 0
200 248 0
201 256 0
202 536 0
203 355 0
204 305 0
204 650 0
205 277 0
205 317 0
205 416 0
207 656 0
208 352 0
208 605 0
209 613 0
211 375 0
211 432 0
211 438 0
211 549 0
212 312 0
212 361 0
212 617 0
213 315 0
213 368 0
213 385 0
213 595 0
214 290 0
216 241 0
216 459 0
216 610 0
216 649 0
217 613 0
218 403 0
219 290 0
221 227 0
222 245 0
223 281 0
223 443 0
224 263 0
224 312 0
224 391 0
224 520 0
224 657 0
226 271 0
226 360 0
226 415 0
226 548 0
226 681 0
227 346 0
227 530 0
227 646 0
228 422 0
229 273 0
229 449 0
229 453 0
229 585 0
230 660 0
231 244 0
231 278 0
231 626 0
231 650 0
232 682 0
233 682 0
235 435 0
236 245 0
236 333 0
237 262 0
237 299 0
237 485 0
237 508 0
238 607 0
240 677 0
241 360 0
241 456 0
242 252 0
242 343 0
242 651 0
244 668 0
244 694 0
245 316 0
245 513 0
248 349 0
248 423 0
249 374 0
249 637 0
250 253 0
250 349 0
250 578 0
251 657 0
252 272 0
252 613 0
255 593 0
256 467 0
256 674 0
257 262 0
257 310 0
257 479 0
260 289 0
260 349 0
260 544 0
262 413 0
263 406 0
263 407 0
264 303 0
264 527 0
264 596 0
265 421 0
265 497 0
266 390 0
266 449 0
266 527 0
267 435 0
268 338 0
268 408 0
268 621 0
272 500 0
272 634 0
272 698 0
274 430 0
275 671 0
276 590 0
277 293 0
277 457 0
277 478 0
277 694 0
278 640 0
279 661 0
279 699 0
280 367 0
280 422 0
281 428 0
281 517 0
281 575 0
282 655 0
283 640 0
284 296 0
284 490 0
284 607 0
285 319 0
285 328 0
285 480 0
285 519 0
286 635 0
287 542 0
287 562 0
288 374 0
290 341 0
290 505 0
291 465 0
291 591 0
291 670 0
292 445 0
294 687 0
295 318 0
295 447 0
296 298 0
296 314 0
296 646 0
297 671 0
300 430 0
301 592 0
302 314 0
302 390 0
303 447 0
303 542 0
304 647 0
305 630 0
305 671 0
306 468 0
307 360 0
307 499 0
311 457 0
311 682 0
312 390 0
313 374 0
314 375 0
314 433 0
315 368 0
316 454 0
318 401 0
318 533 0
321 336 0
321 427 0
321 473 0
323 692 0
324 399 0
325 492 0
326 541 0
326 674 0
328 401 0
328 403 0
328 687 0
329 534 0
329 538 0
329 646 0
330 645 0
331 365 0
331 608 0
331 651 0
332 458 0
335 342 0
335 499 0
335 543 0
337 694 0
338 432 0
339 496 0
339 512 0
339 608 0
339 686 0
340 456 0
343 373 0
343 580 0
343 590 0
344 403 0
345 682 0
348 516 0
349 413 0
350 356 0
350 378 0
350 601 0
351 444 0
353 497 0
354 611 0
355 417 0
355 431 0
356 417 0
356 616 0
356 624 0
358 444 0
359 401 0
359 692 0
360 672 0
362 392 0
362 552 0
362 680 0
363 539 0
363 566 0
364 614 0
365 411 0
365 477 0
365 488 0
365 493 0
365 558 0
365 595 0
366 517 0
367 370 0
367 390 0
367 520 0
369 378 0
369 410 0
370 482 0
370 545 0
370 635 0
370 660 0
371 683 0
373 643 0
373 664 0
374 564 0
374 573 0
375 499 0
377 448 0
377 505 0
377 627 0
377 669 0
378 563 0
378 685 0
379 497 0
379 533 0
380 468 0
381 513 0
383 611 0
384 546 0
387 677 0
388 692 0
389 668 0
393 447 0
395 549 0
395 698 0
396 413 0
396 524 0
396 671 0
397 469 0
397 629 0
399 521 0
399 697 0
400 401 0
400 601 0
403 526 0
409 547 0
410 567 0
410 653 0
413 441 0
413 651 0
414 536 0
417 610 0
418 687 0
419 632 0
420 447 0
421 441 0
422 537 0
425 574 0
426 432 0
428 434 0
428 440 0
428 463 0
429 619 0
430 498 0
430 615 0
432 514 0
432 618 0
435 436 0
437 444 0
439 497 0
441 692 0
445 449 0
445 550 0
445 572 0
445 648 0
446 656 0
447 582 0
447 679 0
449 547 0
450 647 0
451 482 0
452 580 0
455 466 0
456 693 0
457 505 0
458 483 0
458 608 0
459 592 0
460 601 0
466 678 0
471 558 0
471 690 0
474 635 0
475 546 0
476 547 0
477 584 0
478 528 0
478 622 0
481 518 0
481 642 0
481 691 0
487 556 0
490 662 0
490 700 0
491 613 0
492 532 0
495 645 0
497 554 0
498 577 0
499 632 0
499 640 0
502 571 0
503 657 0
506 647 0
509 516 0
512 584 0
515 660 0
517 641 0
520 632 0
523 545 0
523 614 0
523 656 0
524 574 0
524 673 0
525 562 0
529 617 0
533 558 0
533 689 0
534 659 0
535 571 0
536 654 0
537 657 0
540 632 0
542 555 0
542 588 0
545 608 0
546 561 0
546 646 0
549 595 0
549 631 0
550 571 0
553 584 0
554 618 0
559 660 0
560 607 0
564 571 0
566 577 0
568 672 0
569 677 0
574 623 0
574 675 0
576 673 0
579 630 0
581 611 0
582 668 0
583 617 0
586 630 0
589 659 0
592 634 0
593 633 0
598 630 0
601 666 0
610 687 0
613 670 0
614 636 0
620 668 0
637 676 0
638 640 0
673 689 0
683 689 0
683 695 0
