350 463 0
1 33 0
1 295 0
2 20 0
2 61 0
2 62 0
2 89 0
2 329 0
3 59 0
3 119 0
3 125 0
3 228 0
3 271 0
4 264 0
5 15 0
5 80 0
6 249 0
6 290 0
7 122 0
7 186 0
8 42 0
8 292 0
8 335 0
8 345 0
9 110 0
9 310 0
10 49 0
10 76 0
10 115 0
10 124 0
10 165 0
11 32 0
11 62 0
11 83 0
11 131 0
11 156 0
12 42 0
12 241 0
13 251 0
14 34 0
14 49 0
14 225 0
14 335 0
15 17 0
15 152 0
15 181 0
15 191 0
15 297 0
16 45 0
16 213 0
16 216 0
16 220 0
16 237 0
16 293 0
17 37 0
17 100 0
17 232 0
17 255 0
18 57 0
19 207 0
21 97 0
21 286 0
22 73 0
22 156 0
22 260 0
22 325 0
22 343 0
23 98 0
23 135 0
23 136 0
23 254 0
24 316 0
25 251 0
26 59 0
26 64 0
26 143 0
27 139 0
27 263 0
27 327 0
28 77 0
28 100 0
28 274 0
28 314 0
28 349 0
29 139 0
29 316 0
30 120 0
30 207 0
30 212 0
30 348 0
31 144 0
31 265 0
31 266 0
31 302 0
33 264 0
34 100 0
34 135 0
34 159 0
35 75 0
35 171 0
35 240 0
35 321 0
36 228 0
36 259 0
37 69 0
37 110 0
37 118 0
37 338 0
38 76 0
39 82 0
39 344 0
40 52 0
40 120 0
40 225 0
41 69 0
41 207 0
41 209 0
41 228 0
43 108 0
43 213 0
43 295 0
44 144 0
44 214 0
44 284 0
46 170 0
46 303 0
47 50 0
48 72 0
49 52 0
49 180 0
49 232 0
50 152 0
50 163 0
50 296 0
50 346 0
51 235 0
51 266 0
51 278 0
51 285 0
52 67 0
52 112 0
52 337 0
53 243 0
54 121 0
54 189 0
54 217 0
54 305 0
55 76 0
55 169 0
56 72 0
57 142 0
57 166 0
57 331 0
58 68 0
59 219 0
60 103 0
60 167 0
61 68 0
61 195 0
61 326 0
63 106 0
63 159 0
63 169 0
63 172 0
64 101 0
64 127 0
64 152 0
64 209 0
65 347 0
66 286 0
67 241 0
67 341 0
68 104 0
68 301 0
69 254 0
70 195 0
70 318 0
71 97 0
72 113 0
72 276 0
73 194 0
74 200 0
75 108 0
75 246 0
76 299 0
76 335 0
77 122 0
77 230 0
77 297 0
78 83 0
78 241 0
79 103 0
79 255 0
80 155 0
80 278 0
81 262 0
81 316 0
82 87 0
82 175 0
82 270 0
84 92 0
84 121 0
84 197 0
84 225 0
85 339 0
86 333 0
86 338 0
86 349 0
87 169 0
87 183 0
87 234 0
87 250 0
88 137 0
88 282 0
90 195 0
91 97 0
93 341 0
94 295 0
95 259 0
96 184 0
97 103 0
97 328 0
98 205 0
98 252 0
98 294 0
99 349 0
100 227 0
102 274 0
103 335 0
105 250 0
106 151 0
106 228 0
106 245 0
106 328 0
107 159 0
107 235 0
107 236 0
107 326 0
108 204 0
108 286 0
109 116 0
109 269 0
109 313 0
109 328 0
110 331 0
111 322 0
114 224 0
116 235 0
117 132 0
117 134 0
117 172 0
117 243 0
117 292 0
118 175 0
118 308 0
123 176 0
123 286 0
123 298 0
125 190 0
126 135 0
126 241 0
126 290 0
126 298 0
126 305 0
126 345 0
127 148 0
127 276 0
128 184 0
129 195 0
129 277 0
130 145 0
132 296 0
132 317 0
132 319 0
133 310 0
133 326 0
134 269 0
134 280 0
134 329 0
134 334 0
135 300 0
136 157 0
136 265 0
136 311 0
137 285 0
138 202 0
138 215 0
138 245 0
138 315 0
139 158 0
139 236 0
139 287 0
139 332 0
140 255 0
141 147 0
141 201 0
141 324 0
141 336 0
143 186 0
144 162 0
144 170 0
144 300 0
145 150 0
145 273 0
145 342 0
146 259 0
147 172 0
147 212 0
147 288 0
147 314 0
147 328 0
148 286 0
149 221 0
150 204 0
150 232 0
150 326 0
151 174 0
151 234 0
152 219 0
152 326 0
153 254 0
154 250 0
155 230 0
155 290 0
156 184 0
156 236 0
156 300 0
160 282 0
160 291 0
161 186 0
164 180 0
166 172 0
166 259 0
166 316 0
167 177 0
167 179 0
167 245 0
168 183 0
168 291 0
168 304 0
168 323 0
169 171 0
169 291 0
171 264 0
171 310 0
173 250 0
173 299 0
174 249 0
175 217 0
176 209 0
178 327 0
180 192 0
180 208 0
180 233 0
182 290 0
184 333 0
185 286 0
185 303 0
186 245 0
186 325 0
187 191 0
187 249 0
188 347 0
189 221 0
190 235 0
190 251 0
193 322 0
194 232 0
194 326 0
195 204 0
196 288 0
198 272 0
199 272 0
200 208 0
200 253 0
200 300 0
201 282 0
203 341 0
204 223 0
204 246 0
206 243 0
207 236 0
207 298 0
208 219 0
209 225 0
209 307 0
210 349 0
211 274 0
213 284 0
213 307 0
213 341 0
214 262 0
216 278 0
216 288 0
217 224 0
218 266 0
219 229 0
219 238 0
219 248 0
220 328 0
221 308 0
221 335 0
222 285 0
224 228 0
224 258 0
225 339 0
226 266 0
227 286 0
227 295 0
227 303 0
228 347 0
231 264 0
232 283 0
232 350 0
234 260 0
234 268 0
235 237 0
235 276 0
237 262 0
237 341 0
238 249 0
239 303 0
242 243 0
244 288 0
244 340 0
245 323 0
247 322 0
249 291 0
251 276 0
251 332 0
254 277 0
255 275 0
256 305 0
257 322 0
257 327 0
258 322 0
259 293 0
261 285 0
262 344 0
263 316 0
267 347 0
272 276 0
272 279 0
274 284 0
275 348 0
278 330 0
281 282 0
282 291 0
288 309 0
289 305 0
293 345 0
297 344 0
298 347 0
300 327 0
302 310 0
306 339 0
311 348 0
312 314 0
314 318 0
314 340 0
316 350 0
320 339 0
322 328 0
325 332 0
