180 284 0
1 86 0
1 129 0
1 148 0
1 155 0
1 157 0
2 54 0
2 122 0
2 125 0
2 145 0
2 146 0
3 84 0
4 30 0
4 36 0
4 62 0
4 71 0
4 119 0
5 41 0
6 11 0
6 43 0
6 60 0
6 83 0
6 87 0
7 22 0
7 28 0
7 50 0
7 57 0
7 62 0
7 84 0
7 147 0
8 42 0
9 100 0
9 123 0
10 88 0
10 158 0
11 73 0
11 81 0
11 159 0
11 173 0
12 27 0
12 115 0
13 21 0
13 47 0
13 109 0
13 117 0
13 123 0
13 169 0
13 175 0
14 22 0
14 42 0
14 65 0
14 72 0
14 85 0
14 136 0
14 160 0
15 86 0
15 177 0
16 85 0
16 86 0
16 112 0
16 171 0
17 158 0
18 24 0
18 76 0
18 90 0
18 99 0
18 127 0
19 51 0
20 32 0
20 92 0
20 122 0
20 127 0
20 147 0
20 152 0
21 37 0
21 93 0
21 94 0
21 97 0
21 112 0
21 161 0
22 63 0
22 122 0
23 97 0
24 67 0
24 69 0
24 89 0
24 108 0
25 28 0
25 84 0
26 37 0
26 150 0
27 79 0
27 94 0
27 98 0
27 122 0
27 137 0
28 51 0
28 108 0
28 140 0
28 180 0
29 58 0
29 69 0
29 85 0
29 91 0
29 122 0
29 151 0
30 66 0
31 84 0
32 42 0
33 52 0
33 130 0
33 153 0
33 164 0
34 41 0
34 100 0
35 120 0
36 69 0
36 136 0
36 154 0
37 142 0
37 174 0
38 86 0
38 134 0
39 151 0
40 158 0
41 63 0
41 113 0
41 179 0
42 122 0
42 132 0
44 133 0
45 93 0
45 123 0
45 147 0
46 66 0
47 55 0
47 178 0
48 110 0
49 86 0
49 135 0
49 144 0
49 146 0
49 154 0
49 160 0
50 67 0
50 87 0
50 92 0
50 96 0
50 128 0
50 130 0
51 63 0
51 138 0
51 141 0
51 144 0
52 80 0
53 64 0
53 84 0
53 101 0
53 123 0
53 169 0
54 86 0
54 143 0
55 64 0
56 66 0
56 164 0
57 93 0
57 114 0
57 144 0
59 178 0
60 72 0
60 153 0
60 158 0
61 136 0
63 177 0
64 105 0
64 107 0
64 159 0
65 136 0
65 159 0
65 161 0
65 169 0
66 124 0
66 148 0
67 84 0
68 112 0
68 136 0
70 112 0
70 133 0
72 126 0
72 127 0
72 148 0
73 134 0
74 101 0
74 114 0
75 104 0
75 116 0
75 149 0
75 156 0
76 80 0
77 91 0
77 110 0
78 83 0
78 86 0
78 108 0
79 119 0
80 108 0
80 122 0
82 136 0
82 151 0
83 97 0
83 139 0
84 163 0
85 133 0
86 115 0
88 101 0
88 146 0
89 131 0
89 153 0
89 177 0
92 108 0
92 168 0
94 97 0
95 133 0
96 151 0
97 137 0
98 134 0
100 121 0
100 124 0
100 146 0
101 170 0
102 160 0
103 120 0
103 138 0
104 146 0
104 148 0
104 154 0
105 171 0
106 120 0
106 151 0
110 119 0
110 131 0
111 168 0
111 172 0
112 168 0
113 144 0
115 163 0
117 169 0
118 151 0
119 169 0
119 172 0
120 156 0
120 165 0
121 126 0
123 126 0
126 165 0
127 136 0
128 160 0
130 159 0
131 134 0
133 143 0
134 164 0
134 172 0
135 143 0
135 164 0
135 174 0
136 159 0
138 150 0
139 160 0
146 160 0
146 161 0
148 151 0
148 152 0
150 177 0
153 154 0
155 156 0
156 169 0
156 178 0
159 161 0
159 164 0
161 171 0
162 164 0
163 178 0
164 176 0
166 177 0
167 172 0
