700 821 0
1 279 0
2 665 0
3 109 0
3 139 0
3 554 0
3 563 0
3 671 0
4 616 0
5 47 0
5 228 0
5 381 0
5 691 0
6 33 0
6 150 0
6 331 0
6 336 0
6 374 0
7 12 0
8 292 0
9 354 0
10 195 0
11 189 0
11 283 0
11 681 0
12 509 0
12 569 0
12 628 0
13 332 0
14 519 0
15 147 0
15 199 0
15 309 0
15 698 0
16 529 0
17 432 0
18 28 0
18 114 0
18 131 0
18 277 0
18 496 0
19 252 0
19 387 0
19 467 0
19 469 0
20 149 0
20 219 0
20 274 0
20 626 0
21 199 0
22 53 0
23 324 0
24 37 0
24 426 0
24 484 0
24 500 0
24 621 0
25 146 0
25 391 0
25 405 0
25 489 0
25 516 0
26 557 0
27 434 0
28 292 0
28 386 0
28 679 0
29 307 0
30 77 0
30 172 0
30 457 0
30 578 0
31 39 0
31 52 0
31 82 0
31 229 0
32 152 0
32 219 0
32 535 0
32 568 0
34 410 0
35 101 0
35 546 0
35 621 0
35 656 0
36 556 0
38 503 0
39 544 0
39 638 0
40 102 0
40 227 0
40 229 0
40 275 0
40 445 0
41 238 0
41 242 0
41 385 0
41 597 0
42 96 0
42 217 0
42 231 0
43 117 0
43 181 0
43 359 0
43 459 0
44 544 0
45 142 0
46 295 0
47 125 0
47 146 0
47 465 0
48 679 0
49 51 0
49 54 0
49 618 0
49 698 0
50 694 0
51 53 0
51 332 0
51 635 0
52 54 0
52 313 0
52 606 0
53 198 0
53 266 0
54 319 0
54 531 0
55 163 0
56 550 0
57 255 0
58 83 0
58 226 0
58 514 0
58 559 0
59 115 0
60 625 0
61 378 0
61 581 0
61 594 0
62 503 0
63 151 0
64 189 0
64 339 0
64 681 0
65 665 0
66 171 0
66 322 0
66 468 0
66 596 0
67 693 0
68 444 0
69 337 0
69 556 0
69 678 0
70 282 0
71 142 0
71 303 0
71 625 0
72 279 0
73 453 0
74 461 0
75 692 0
76 452 0
77 309 0
77 479 0
77 599 0
78 108 0
78 251 0
78 389 0
78 674 0
79 115 0
80 288 0
81 173 0
81 257 0
81 536 0
81 608 0
81 648 0
82 187 0
82 330 0
82 691 0
83 218 0
83 329 0
83 571 0
83 600 0
84 630 0
85 87 0
85 140 0
85 424 0
85 584 0
86 168 0
86 502 0
86 552 0
86 599 0
86 664 0
87 221 0
87 313 0
88 269 0
89 430 0
90 567 0
91 332 0
92 381 0
93 434 0
94 209 0
94 544 0
94 589 0
95 477 0
96 167 0
96 232 0
96 301 0
96 312 0
97 491 0
98 333 0
98 512 0
98 526 0
98 676 0
99 221 0
100 118 0
100 236 0
100 281 0
100 318 0
102 283 0
102 423 0
103 156 0
104 351 0
104 439 0
104 482 0
104 548 0
105 456 0
106 201 0
107 634 0
108 355 0
108 369 0
108 577 0
109 165 0
109 197 0
109 384 0
109 649 0
110 172 0
111 224 0
111 300 0
111 501 0
111 660 0
112 449 0
113 241 0
115 309 0
115 442 0
115 486 0
115 598 0
115 636 0
116 204 0
116 423 0
116 545 0
116 554 0
119 672 0
120 528 0
121 662 0
122 515 0
123 212 0
123 366 0
123 402 0
123 408 0
124 428 0
126 226 0
126 529 0
126 588 0
127 292 0
128 296 0
128 314 0
128 335 0
128 660 0
129 452 0
130 666 0
132 208 0
133 339 0
133 505 0
133 542 0
133 595 0
134 195 0
135 646 0
136 183 0
137 275 0
137 456 0
137 491 0
137 567 0
138 166 0
138 200 0
138 556 0
139 177 0
139 436 0
139 561 0
139 591 0
141 159 0
142 243 0
142 518 0
142 573 0
143 269 0
144 374 0
144 416 0
144 440 0
144 696 0
145 428 0
146 317 0
146 557 0
147 333 0
147 373 0
148 217 0
151 200 0
151 327 0
151 478 0
151 652 0
153 154 0
153 282 0
153 588 0
153 691 0
154 177 0
154 256 0
154 558 0
154 583 0
155 599 0
155 612 0
155 640 0
155 647 0
156 433 0
156 596 0
156 686 0
157 160 0
158 199 0
159 304 0
159 454 0
159 613 0
159 690 0
160 459 0
160 497 0
160 669 0
161 452 0
162 193 0
162 355 0
162 387 0
162 499 0
162 619 0
163 289 0
163 344 0
163 596 0
164 337 0
166 402 0
166 409 0
166 683 0
168 381 0
168 556 0
169 286 0
170 630 0
172 348 0
172 651 0
173 319 0
173 578 0
174 179 0
175 201 0
176 207 0
177 316 0
178 195 0
179 272 0
179 315 0
179 345 0
179 346 0
180 221 0
182 529 0
183 285 0
183 323 0
183 476 0
184 694 0
185 382 0
186 534 0
187 476 0
187 584 0
187 639 0
188 230 0
189 538 0
189 604 0
189 661 0
190 365 0
191 441 0
192 320 0
192 414 0
192 572 0
192 700 0
194 544 0
195 347 0
195 379 0
196 671 0
197 534 0
197 581 0
199 339 0
200 559 0
200 678 0
201 368 0
201 440 0
202 321 0
202 620 0
202 677 0
203 257 0
205 471 0
206 550 0
207 237 0
207 569 0
207 631 0
208 225 0
208 238 0
208 265 0
209 356 0
209 413 0
209 487 0
209 540 0
210 578 0
211 477 0
213 456 0
214 347 0
214 474 0
214 559 0
215 257 0
216 232 0
216 311 0
216 369 0
216 419 0
217 240 0
217 425 0
217 427 0
218 459 0
218 588 0
219 324 0
219 691 0
220 338 0
220 397 0
220 474 0
220 543 0
221 482 0
221 627 0
222 635 0
223 447 0
226 271 0
226 539 0
226 622 0
227 339 0
227 387 0
227 462 0
228 308 0
228 488 0
228 668 0
229 479 0
229 485 0
230 281 0
230 343 0
230 420 0
230 574 0
231 241 0
231 288 0
231 514 0
231 581 0
232 275 0
232 486 0
232 534 0
233 316 0
234 594 0
234 646 0
234 695 0
235 444 0
235 461 0
235 563 0
235 667 0
237 393 0
237 635 0
238 514 0
238 634 0
239 638 0
240 383 0
240 441 0
240 454 0
240 589 0
241 398 0
241 520 0
244 635 0
245 319 0
245 378 0
245 544 0
245 577 0
246 515 0
247 695 0
248 672 0
249 394 0
250 508 0
251 319 0
251 601 0
251 695 0
253 428 0
254 620 0
255 396 0
255 511 0
255 639 0
257 393 0
258 635 0
259 678 0
260 667 0
261 286 0
262 666 0
263 559 0
264 299 0
267 365 0
268 321 0
268 353 0
268 615 0
268 627 0
268 671 0
269 350 0
269 618 0
270 537 0
272 282 0
272 569 0
273 471 0
275 402 0
276 461 0
277 373 0
277 381 0
278 328 0
279 290 0
279 618 0
280 324 0
281 393 0
281 662 0
282 699 0
283 418 0
283 573 0
283 602 0
284 506 0
286 309 0
286 435 0
287 354 0
288 350 0
288 530 0
288 554 0
288 673 0
291 601 0
292 421 0
292 562 0
293 515 0
294 616 0
295 377 0
295 446 0
295 466 0
295 473 0
297 504 0
298 610 0
299 573 0
299 576 0
299 615 0
302 410 0
303 586 0
303 682 0
303 690 0
305 695 0
306 321 0
307 391 0
307 498 0
307 553 0
309 390 0
309 556 0
310 525 0
312 434 0
312 479 0
313 393 0
313 482 0
313 690 0
316 476 0
316 614 0
316 658 0
317 353 0
317 596 0
319 369 0
319 423 0
321 356 0
321 463 0
321 642 0
323 330 0
323 491 0
324 340 0
325 529 0
326 625 0
328 377 0
328 474 0
328 493 0
330 333 0
330 384 0
330 474 0
330 660 0
330 699 0
331 610 0
331 643 0
332 454 0
333 641 0
333 646 0
334 671 0
336 354 0
336 383 0
336 503 0
337 352 0
337 390 0
337 460 0
337 619 0
337 659 0
339 571 0
339 693 0
341 678 0
342 694 0
345 365 0
345 531 0
345 681 0
347 383 0
347 447 0
347 672 0
349 508 0
350 506 0
353 393 0
353 587 0
353 654 0
354 583 0
355 456 0
355 567 0
356 506 0
357 581 0
358 456 0
360 388 0
361 667 0
362 387 0
362 420 0
362 458 0
362 472 0
363 643 0
364 693 0
365 644 0
367 588 0
370 679 0
371 601 0
372 373 0
373 431 0
373 476 0
374 421 0
374 537 0
375 504 0
376 610 0
377 478 0
378 392 0
378 421 0
379 594 0
379 671 0
380 581 0
382 463 0
382 549 0
382 598 0
383 485 0
384 471 0
384 644 0
386 440 0
386 473 0
386 485 0
388 403 0
388 521 0
388 538 0
390 662 0
391 529 0
391 606 0
394 401 0
394 463 0
394 602 0
394 680 0
395 471 0
399 625 0
400 519 0
402 519 0
404 550 0
406 594 0
407 641 0
410 460 0
410 533 0
411 453 0
412 667 0
413 449 0
413 481 0
413 563 0
415 441 0
417 506 0
420 544 0
422 589 0
423 515 0
423 666 0
428 599 0
429 537 0
430 655 0
430 689 0
430 700 0
432 470 0
432 478 0
432 580 0
434 698 0
437 447 0
438 646 0
440 620 0
441 653 0
442 452 0
442 491 0
443 634 0
444 579 0
444 619 0
444 670 0
445 538 0
445 621 0
445 700 0
447 607 0
447 644 0
448 491 0
449 486 0
449 541 0
450 630 0
451 578 0
452 462 0
453 500 0
453 624 0
453 639 0
455 665 0
457 590 0
457 663 0
457 688 0
459 528 0
459 677 0
460 638 0
460 677 0
461 524 0
462 477 0
462 694 0
463 677 0
464 528 0
471 478 0
473 506 0
473 525 0
474 537 0
475 643 0
477 598 0
477 623 0
478 531 0
479 563 0
479 677 0
480 662 0
481 609 0
481 645 0
481 657 0
482 665 0
483 692 0
485 514 0
490 641 0
492 692 0
494 594 0
495 519 0
500 681 0
503 582 0
504 532 0
504 690 0
506 675 0
507 528 0
508 584 0
508 593 0
510 577 0
513 525 0
514 615 0
517 537 0
522 581 0
523 693 0
525 629 0
527 610 0
531 596 0
534 565 0
534 633 0
538 558 0
538 630 0
544 585 0
544 633 0
547 638 0
550 698 0
551 666 0
553 567 0
553 584 0
555 577 0
556 697 0
557 603 0
557 633 0
557 639 0
558 662 0
560 577 0
563 699 0
564 643 0
566 634 0
567 685 0
569 602 0
569 606 0
569 625 0
570 679 0
571 671 0
573 606 0
575 616 0
583 672 0
584 692 0
589 617 0
592 678 0
594 621 0
601 684 0
605 695 0
610 660 0
611 620 0
616 700 0
618 678 0
627 694 0
632 672 0
637 681 0
641 650 0
643 698 0
646 687 0
