40 60 0
1 2 0
1 39 0
2 10 0
2 14 0
3 6 0
3 22 0
3 31 0
4 9 0
4 18 0
4 29 0
4 31 0
4 38 0
5 21 0
5 38 0
6 8 0
6 38 0
6 39 0
7 20 0
7 23 0
7 24 0
7 31 0
7 35 0
7 37 0
8 13 0
8 15 0
8 23 0
8 26 0
8 30 0
9 32 0
10 25 0
10 31 0
11 14 0
11 17 0
12 22 0
12 32 0
12 34 0
12 37 0
13 39 0
14 27 0
14 31 0
14 36 0
16 17 0
16 25 0
17 32 0
17 38 0
19 28 0
20 26 0
21 28 0
22 25 0
22 28 0
24 26 0
25 36 0
26 29 0
28 35 0
28 40 0
29 34 0
30 39 0
32 36 0
33 38 0
37 39 0
