800 930 0
1 322 0
2 347 0
2 348 0
2 395 0
2 565 0
3 93 0
3 683 0
3 742 0
3 751 0
4 61 0
4 457 0
4 496 0
4 552 0
5 651 0
6 306 0
6 543 0
6 551 0
6 628 0
7 195 0
7 473 0
7 693 0
7 718 0
8 498 0
9 93 0
9 94 0
9 483 0
10 86 0
10 120 0
10 456 0
10 676 0
11 121 0
12 88 0
12 316 0
12 706 0
12 776 0
13 237 0
13 358 0
13 375 0
13 662 0
13 723 0
14 241 0
14 302 0
14 423 0
14 743 0
15 79 0
15 176 0
15 527 0
16 378 0
16 722 0
16 769 0
17 569 0
18 298 0
18 360 0
18 603 0
18 703 0
18 775 0
19 345 0
20 97 0
20 420 0
20 597 0
21 566 0
22 355 0
23 187 0
24 55 0
24 114 0
24 159 0
24 394 0
24 398 0
24 402 0
25 30 0
26 485 0
27 468 0
28 485 0
29 535 0
30 183 0
30 550 0
30 560 0
30 740 0
31 165 0
32 664 0
33 303 0
34 94 0
35 308 0
36 52 0
36 148 0
36 227 0
36 591 0
37 373 0
37 413 0
37 538 0
37 729 0
38 159 0
39 117 0
39 309 0
39 313 0
39 432 0
39 664 0
40 57 0
40 63 0
40 271 0
40 444 0
40 723 0
41 82 0
41 149 0
41 252 0
41 738 0
42 284 0
43 345 0
44 267 0
45 100 0
46 589 0
47 117 0
48 264 0
49 172 0
49 219 0
49 291 0
49 594 0
50 261 0
51 182 0
51 229 0
51 400 0
51 423 0
51 642 0
51 695 0
51 742 0
51 748 0
52 67 0
52 302 0
53 692 0
54 327 0
55 647 0
55 690 0
55 756 0
56 209 0
56 257 0
56 506 0
56 712 0
57 62 0
57 466 0
57 706 0
58 417 0
59 638 0
60 800 0
61 455 0
61 711 0
61 765 0
62 145 0
62 251 0
62 795 0
64 462 0
65 692 0
66 125 0
66 226 0
66 350 0
66 381 0
66 404 0
66 642 0
67 279 0
67 707 0
67 764 0
68 388 0
68 389 0
68 555 0
69 486 0
69 561 0
69 589 0
69 608 0
70 517 0
70 681 0
70 780 0
70 788 0
71 351 0
71 472 0
71 521 0
71 623 0
71 689 0
72 498 0
73 261 0
74 503 0
74 620 0
74 732 0
74 751 0
75 293 0
76 83 0
76 122 0
76 216 0
76 374 0
77 186 0
77 247 0
77 387 0
77 451 0
78 553 0
79 81 0
79 173 0
79 605 0
79 736 0
80 468 0
81 161 0
81 411 0
81 518 0
82 446 0
82 796 0
84 101 0
85 378 0
87 569 0
88 510 0
88 649 0
88 770 0
89 180 0
89 258 0
89 499 0
89 558 0
89 581 0
89 630 0
90 432 0
91 525 0
92 520 0
93 94 0
93 140 0
93 571 0
94 255 0
94 270 0
95 608 0
96 685 0
97 138 0
97 619 0
97 629 0
98 179 0
99 102 0
100 295 0
100 543 0
100 750 0
101 112 0
101 302 0
101 673 0
102 281 0
102 289 0
102 325 0
102 537 0
102 668 0
103 348 0
103 429 0
103 674 0
103 741 0
104 161 0
104 200 0
104 277 0
104 400 0
104 648 0
105 139 0
105 207 0
105 222 0
105 434 0
105 541 0
105 631 0
105 779 0
106 227 0
106 313 0
106 517 0
107 538 0
107 598 0
107 627 0
107 653 0
107 734 0
108 133 0
109 148 0
109 313 0
109 638 0
109 788 0
110 671 0
111 325 0
111 463 0
111 575 0
111 708 0
113 515 0
114 142 0
114 375 0
114 492 0
115 580 0
116 410 0
117 499 0
117 584 0
117 799 0
118 177 0
119 701 0
121 368 0
121 531 0
121 641 0
123 328 0
124 231 0
126 468 0
127 308 0
128 638 0
129 338 0
130 552 0
131 394 0
132 682 0
133 320 0
133 492 0
133 507 0
134 571 0
135 563 0
136 235 0
136 315 0
136 599 0
136 624 0
137 447 0
139 202 0
139 788 0
140 220 0
140 318 0
140 342 0
140 353 0
141 736 0
142 227 0
142 309 0
142 449 0
143 316 0
143 345 0
143 569 0
144 489 0
145 678 0
145 740 0
146 466 0
147 338 0
148 342 0
148 367 0
148 674 0
148 762 0
148 793 0
149 702 0
149 780 0
149 789 0
150 778 0
151 496 0
152 379 0
152 398 0
152 697 0
152 740 0
153 202 0
153 262 0
153 443 0
153 639 0
153 705 0
154 288 0
155 181 0
155 198 0
155 521 0
155 637 0
156 300 0
157 242 0
157 371 0
157 477 0
157 519 0
158 303 0
159 282 0
159 292 0
160 776 0
161 742 0
162 188 0
162 191 0
162 202 0
162 665 0
163 412 0
164 651 0
165 365 0
165 686 0
165 779 0
166 498 0
167 284 0
167 309 0
167 378 0
167 417 0
168 179 0
168 260 0
168 528 0
169 722 0
170 297 0
171 410 0
173 280 0
173 333 0
173 439 0
174 355 0
175 626 0
176 324 0
176 402 0
176 594 0
177 178 0
177 339 0
177 458 0
178 331 0
178 486 0
178 699 0
179 368 0
179 645 0
183 566 0
183 602 0
184 701 0
185 218 0
185 464 0
185 629 0
185 755 0
186 598 0
186 609 0
186 764 0
187 245 0
187 521 0
187 556 0
189 361 0
190 299 0
192 221 0
193 517 0
194 397 0
195 402 0
195 728 0
196 800 0
197 397 0
198 345 0
198 418 0
198 765 0
199 618 0
200 293 0
200 485 0
200 793 0
201 554 0
202 328 0
202 728 0
203 580 0
204 682 0
205 597 0
206 261 0
208 470 0
209 418 0
209 457 0
209 752 0
209 785 0
210 774 0
211 221 0
212 727 0
213 402 0
213 597 0
213 754 0
214 328 0
215 699 0
217 699 0
218 496 0
218 779 0
221 646 0
221 771 0
221 784 0
222 297 0
222 702 0
223 687 0
224 261 0
224 452 0
224 522 0
224 655 0
225 244 0
226 758 0
226 793 0
227 326 0
227 487 0
227 565 0
227 796 0
228 528 0
230 392 0
230 395 0
230 589 0
231 266 0
231 342 0
231 347 0
232 522 0
233 468 0
233 577 0
233 725 0
234 555 0
235 358 0
235 504 0
235 643 0
235 796 0
236 483 0
238 776 0
239 590 0
240 781 0
243 736 0
244 323 0
244 492 0
244 623 0
244 670 0
246 451 0
247 677 0
247 679 0
247 726 0
248 376 0
248 523 0
248 574 0
248 602 0
248 766 0
249 535 0
250 607 0
253 527 0
254 273 0
254 349 0
254 373 0
254 792 0
256 417 0
256 561 0
256 576 0
256 769 0
258 535 0
258 678 0
258 728 0
259 431 0
259 437 0
259 585 0
259 764 0
260 341 0
260 508 0
260 675 0
260 679 0
260 717 0
263 483 0
264 524 0
264 657 0
264 660 0
265 515 0
267 656 0
267 693 0
267 714 0
268 774 0
269 597 0
272 346 0
272 494 0
272 525 0
272 769 0
274 397 0
275 278 0
275 307 0
275 439 0
275 474 0
276 527 0
280 486 0
280 591 0
280 780 0
281 325 0
281 590 0
283 494 0
284 493 0
284 579 0
285 387 0
286 428 0
287 380 0
287 450 0
287 482 0
287 650 0
288 395 0
288 471 0
288 761 0
289 361 0
289 543 0
290 752 0
291 405 0
291 742 0
293 403 0
293 694 0
294 428 0
296 361 0
297 399 0
297 501 0
297 508 0
299 459 0
299 630 0
299 733 0
300 448 0
300 450 0
300 633 0
301 789 0
302 420 0
302 511 0
303 333 0
303 573 0
304 392 0
305 664 0
308 676 0
308 753 0
309 508 0
310 517 0
311 583 0
311 598 0
311 658 0
311 739 0
312 769 0
313 331 0
314 678 0
316 330 0
316 419 0
317 451 0
319 388 0
321 382 0
321 461 0
321 604 0
321 751 0
322 488 0
322 508 0
322 557 0
325 345 0
325 420 0
326 340 0
326 671 0
327 415 0
327 587 0
327 764 0
328 661 0
329 514 0
329 622 0
329 632 0
329 742 0
331 409 0
331 539 0
332 442 0
333 468 0
333 576 0
333 593 0
334 722 0
335 652 0
336 582 0
337 374 0
337 521 0
337 602 0
337 796 0
338 425 0
338 733 0
340 515 0
340 655 0
340 682 0
340 685 0
343 688 0
344 664 0
345 716 0
346 381 0
346 565 0
346 733 0
347 590 0
347 692 0
348 553 0
348 618 0
352 589 0
354 511 0
355 541 0
355 543 0
355 567 0
356 555 0
357 736 0
358 442 0
359 489 0
361 659 0
362 692 0
363 552 0
364 582 0
366 412 0
367 405 0
367 543 0
367 657 0
368 655 0
368 772 0
369 725 0
370 511 0
372 608 0
373 447 0
373 796 0
374 444 0
374 569 0
374 800 0
375 580 0
375 607 0
377 561 0
378 433 0
378 576 0
381 528 0
381 671 0
381 695 0
383 699 0
384 605 0
385 754 0
386 432 0
387 500 0
387 586 0
388 676 0
388 773 0
389 397 0
389 428 0
389 486 0
389 782 0
390 782 0
391 520 0
392 540 0
392 649 0
392 735 0
392 784 0
393 447 0
394 400 0
394 526 0
394 642 0
395 617 0
395 758 0
396 554 0
398 602 0
401 563 0
402 594 0
405 423 0
405 563 0
405 612 0
405 727 0
406 605 0
407 687 0
407 701 0
407 782 0
408 569 0
410 659 0
410 785 0
412 439 0
412 509 0
414 447 0
416 494 0
417 421 0
417 600 0
418 616 0
418 720 0
418 777 0
418 798 0
420 609 0
420 757 0
422 652 0
424 682 0
426 776 0
427 722 0
428 540 0
430 580 0
432 669 0
435 590 0
436 593 0
438 617 0
439 651 0
440 553 0
441 800 0
442 700 0
442 784 0
444 504 0
445 772 0
446 519 0
446 544 0
446 679 0
446 715 0
446 748 0
449 519 0
449 703 0
449 744 0
450 498 0
450 728 0
451 487 0
452 502 0
452 704 0
452 797 0
453 617 0
454 466 0
457 609 0
457 629 0
457 750 0
460 617 0
462 547 0
462 611 0
462 744 0
465 530 0
465 629 0
465 640 0
465 746 0
466 666 0
466 777 0
467 782 0
468 500 0
469 626 0
470 492 0
470 614 0
470 672 0
475 571 0
476 618 0
478 561 0
479 788 0
480 769 0
481 782 0
483 733 0
484 652 0
485 536 0
486 775 0
487 752 0
489 684 0
489 744 0
490 612 0
491 727 0
494 794 0
495 522 0
496 500 0
496 596 0
496 791 0
497 685 0
498 660 0
499 566 0
499 766 0
504 570 0
504 680 0
504 790 0
505 651 0
511 572 0
512 612 0
513 535 0
515 601 0
516 781 0
519 638 0
520 657 0
520 768 0
522 595 0
525 545 0
525 710 0
527 654 0
527 703 0
528 537 0
528 705 0
528 709 0
529 681 0
532 563 0
533 678 0
534 752 0
537 643 0
538 706 0
540 589 0
541 789 0
542 571 0
546 688 0
548 671 0
549 758 0
552 613 0
553 562 0
553 630 0
554 564 0
554 740 0
555 667 0
555 751 0
559 593 0
565 655 0
566 603 0
566 757 0
568 589 0
569 705 0
571 750 0
577 621 0
577 687 0
577 754 0
578 608 0
582 744 0
582 759 0
588 774 0
591 609 0
591 683 0
592 701 0
593 787 0
594 660 0
594 754 0
594 762 0
597 745 0
597 757 0
598 701 0
602 722 0
602 725 0
603 778 0
605 783 0
606 612 0
607 724 0
607 763 0
610 778 0
615 643 0
615 731 0
618 634 0
621 749 0
621 757 0
621 760 0
623 752 0
625 702 0
626 657 0
626 737 0
635 685 0
636 725 0
643 766 0
643 778 0
644 754 0
646 681 0
646 782 0
649 687 0
652 659 0
659 780 0
660 775 0
663 781 0
674 725 0
676 762 0
678 698 0
681 747 0
682 787 0
683 706 0
683 728 0
687 693 0
687 713 0
688 691 0
688 779 0
693 762 0
696 772 0
702 786 0
703 781 0
706 784 0
719 758 0
721 727 0
723 796 0
725 787 0
727 748 0
730 772 0
740 793 0
742 774 0
752 765 0
757 785 0
767 788 0
777 789 0
779 793 0
