80 147 0
1 4 0
1 17 0
1 23 0
1 59 0
1 73 0
1 80 0
2 4 0
2 58 0
3 7 0
3 10 0
3 18 0
3 19 0
3 25 0
3 30 0
3 72 0
4 16 0
4 18 0
4 19 0
4 27 0
4 43 0
4 48 0
4 61 0
4 79 0
5 11 0
5 48 0
5 52 0
6 11 0
6 38 0
6 76 0
7 51 0
8 46 0
9 62 0
9 64 0
9 76 0
10 74 0
11 12 0
11 24 0
11 39 0
11 46 0
11 49 0
11 56 0
11 68 0
12 17 0
12 75 0
13 14 0
13 37 0
13 41 0
13 48 0
14 15 0
14 18 0
14 23 0
14 44 0
15 77 0
17 69 0
18 57 0
18 75 0
19 20 0
19 63 0
20 30 0
20 32 0
20 44 0
20 47 0
20 57 0
21 52 0
22 46 0
23 42 0
23 59 0
23 63 0
23 67 0
23 76 0
24 52 0
25 50 0
26 29 0
26 47 0
26 79 0
27 75 0
27 79 0
28 58 0
29 42 0
29 68 0
30 42 0
31 57 0
32 59 0
32 60 0
32 78 0
33 66 0
33 78 0
34 75 0
35 54 0
35 77 0
36 44 0
36 61 0
36 62 0
36 71 0
36 72 0
37 43 0
37 68 0
37 70 0
37 77 0
38 58 0
38 73 0
40 57 0
41 73 0
42 44 0
42 49 0
42 55 0
42 79 0
43 78 0
44 78 0
45 75 0
45 76 0
46 51 0
46 65 0
46 68 0
47 80 0
48 58 0
48 73 0
49 80 0
50 59 0
50 73 0
51 52 0
52 60 0
52 70 0
53 70 0
54 63 0
54 69 0
55 67 0
57 63 0
57 64 0
57 70 0
57 77 0
58 66 0
60 77 0
61 78 0
62 73 0
62 79 0
63 71 0
64 71 0
65 70 0
66 76 0
67 75 0
67 76 0
67 77 0
68 79 0
69 79 0
70 78 0
74 79 0
