600 674 0
1 462 0
2 266 0
3 371 0
4 83 0
4 112 0
4 429 0
4 497 0
5 592 0
6 598 0
7 226 0
8 50 0
9 531 0
10 70 0
11 528 0
12 91 0
12 143 0
12 394 0
12 464 0
12 538 0
13 380 0
14 235 0
15 49 0
15 126 0
15 153 0
15 384 0
15 586 0
15 593 0
16 163 0
17 52 0
17 85 0
17 231 0
17 346 0
17 536 0
18 210 0
18 251 0
18 260 0
18 337 0
19 169 0
20 495 0
21 87 0
21 299 0
21 326 0
21 513 0
22 244 0
23 128 0
23 242 0
23 303 0
23 352 0
23 355 0
24 289 0
25 30 0
25 517 0
25 548 0
26 72 0
26 202 0
26 333 0
26 408 0
26 582 0
27 279 0
28 198 0
28 427 0
28 600 0
29 295 0
30 46 0
30 583 0
30 600 0
31 171 0
32 353 0
32 576 0
33 345 0
34 308 0
35 46 0
35 55 0
35 246 0
35 308 0
35 595 0
36 547 0
37 188 0
37 334 0
37 362 0
37 400 0
38 169 0
38 311 0
38 568 0
39 66 0
39 209 0
39 390 0
39 483 0
40 164 0
41 89 0
41 97 0
41 110 0
41 300 0
42 239 0
42 293 0
42 440 0
42 530 0
43 162 0
44 194 0
45 404 0
46 130 0
46 408 0
47 159 0
48 198 0
48 337 0
48 392 0
48 534 0
48 583 0
50 264 0
50 365 0
50 555 0
51 180 0
51 373 0
51 408 0
51 443 0
52 84 0
52 211 0
53 192 0
53 309 0
53 408 0
53 411 0
53 544 0
54 549 0
55 136 0
55 161 0
55 344 0
56 70 0
57 225 0
57 375 0
57 496 0
57 550 0
57 591 0
58 570 0
59 378 0
60 340 0
60 379 0
60 405 0
60 523 0
61 82 0
62 69 0
62 267 0
62 407 0
62 555 0
63 430 0
64 383 0
65 404 0
66 374 0
66 423 0
66 583 0
67 121 0
68 311 0
70 223 0
70 261 0
71 269 0
72 119 0
72 520 0
73 149 0
73 214 0
73 230 0
73 231 0
73 316 0
74 539 0
75 153 0
75 188 0
75 319 0
75 458 0
75 521 0
76 266 0
77 562 0
78 244 0
79 224 0
80 181 0
81 208 0
81 304 0
81 359 0
81 434 0
82 354 0
82 389 0
82 514 0
83 162 0
83 592 0
84 130 0
84 212 0
84 493 0
84 554 0
85 547 0
85 553 0
86 168 0
88 148 0
88 295 0
88 360 0
89 255 0
89 280 0
89 391 0
90 119 0
90 164 0
90 308 0
92 269 0
93 351 0
94 280 0
95 392 0
96 380 0
98 235 0
99 306 0
100 125 0
101 313 0
102 318 0
103 547 0
104 170 0
104 215 0
104 358 0
104 440 0
105 457 0
106 332 0
107 202 0
107 402 0
107 424 0
107 438 0
107 444 0
108 313 0
109 527 0
111 165 0
113 130 0
113 134 0
113 242 0
113 312 0
114 405 0
115 265 0
116 119 0
117 527 0
118 159 0
119 213 0
119 406 0
120 533 0
121 150 0
121 247 0
121 541 0
122 289 0
123 328 0
124 224 0
125 282 0
125 287 0
125 349 0
126 232 0
126 415 0
127 597 0
128 231 0
128 319 0
128 596 0
129 152 0
129 211 0
129 317 0
129 581 0
130 198 0
130 232 0
130 477 0
131 351 0
132 274 0
133 457 0
135 311 0
137 453 0
138 432 0
139 191 0
140 501 0
141 453 0
142 216 0
142 532 0
142 537 0
142 566 0
144 539 0
145 374 0
146 248 0
147 467 0
148 295 0
148 341 0
148 378 0
148 597 0
151 531 0
152 182 0
152 560 0
152 585 0
153 274 0
153 508 0
154 183 0
154 228 0
154 481 0
154 543 0
155 337 0
156 371 0
157 520 0
158 318 0
159 489 0
159 505 0
160 169 0
162 386 0
162 394 0
162 436 0
162 441 0
162 477 0
163 259 0
163 302 0
163 402 0
163 580 0
164 227 0
164 382 0
164 521 0
165 198 0
165 480 0
165 541 0
166 380 0
167 405 0
168 223 0
168 350 0
168 461 0
169 521 0
169 586 0
171 429 0
171 572 0
171 588 0
172 248 0
173 263 0
173 345 0
173 351 0
173 368 0
174 328 0
175 360 0
176 226 0
177 501 0
178 490 0
179 592 0
181 277 0
181 370 0
181 415 0
183 391 0
183 528 0
183 531 0
184 336 0
184 368 0
184 549 0
185 236 0
186 435 0
187 190 0
187 348 0
187 484 0
187 489 0
188 332 0
188 427 0
189 378 0
191 301 0
191 431 0
191 471 0
193 368 0
194 421 0
194 426 0
194 555 0
195 199 0
195 315 0
195 478 0
195 514 0
196 494 0
197 510 0
198 481 0
198 553 0
200 306 0
201 202 0
201 274 0
201 530 0
202 226 0
203 211 0
204 337 0
205 395 0
206 508 0
207 534 0
210 216 0
210 229 0
210 372 0
210 411 0
211 276 0
213 269 0
213 336 0
213 563 0
216 399 0
216 527 0
217 409 0
218 518 0
219 510 0
220 241 0
221 295 0
222 518 0
223 494 0
223 581 0
224 285 0
224 287 0
226 442 0
226 521 0
230 306 0
230 311 0
230 481 0
231 462 0
232 273 0
232 589 0
233 523 0
234 317 0
235 402 0
235 542 0
236 298 0
236 504 0
236 530 0
236 545 0
237 279 0
238 364 0
238 402 0
238 502 0
238 514 0
240 534 0
241 321 0
241 366 0
241 529 0
242 404 0
243 279 0
243 336 0
243 360 0
243 395 0
244 275 0
244 415 0
245 255 0
246 335 0
246 503 0
246 599 0
247 319 0
247 580 0
248 359 0
248 535 0
249 527 0
250 311 0
251 410 0
251 514 0
251 567 0
252 383 0
253 395 0
254 467 0
255 296 0
255 327 0
255 442 0
256 534 0
257 364 0
257 541 0
257 546 0
257 555 0
258 376 0
258 447 0
258 541 0
258 578 0
260 454 0
260 510 0
262 395 0
263 287 0
263 326 0
263 517 0
265 460 0
265 553 0
265 559 0
266 307 0
266 491 0
268 508 0
269 574 0
270 501 0
271 473 0
272 374 0
274 369 0
278 368 0
279 284 0
280 294 0
280 339 0
280 580 0
281 563 0
283 528 0
286 352 0
287 435 0
288 490 0
289 429 0
289 558 0
290 494 0
291 423 0
292 462 0
295 436 0
297 523 0
305 338 0
306 596 0
307 353 0
307 404 0
307 600 0
308 476 0
308 564 0
310 371 0
310 399 0
310 445 0
310 473 0
311 440 0
311 469 0
312 510 0
312 570 0
313 502 0
313 571 0
314 563 0
317 448 0
317 474 0
318 446 0
318 559 0
319 336 0
319 469 0
319 548 0
320 340 0
322 465 0
323 563 0
324 433 0
325 562 0
326 328 0
326 547 0
328 551 0
328 558 0
329 404 0
330 435 0
331 427 0
332 486 0
332 507 0
336 537 0
336 568 0
337 439 0
338 385 0
338 419 0
338 545 0
340 422 0
340 492 0
341 359 0
341 454 0
341 576 0
342 598 0
343 368 0
345 499 0
345 519 0
347 533 0
351 387 0
352 580 0
353 452 0
353 516 0
356 598 0
357 462 0
359 570 0
360 456 0
361 498 0
363 562 0
364 379 0
364 548 0
366 467 0
366 495 0
366 583 0
367 518 0
371 553 0
371 584 0
374 573 0
374 595 0
375 428 0
375 430 0
375 490 0
377 533 0
378 472 0
379 455 0
379 559 0
380 568 0
381 494 0
383 468 0
383 576 0
388 469 0
388 546 0
388 565 0
388 590 0
391 454 0
391 545 0
392 403 0
392 487 0
393 495 0
394 432 0
394 600 0
396 418 0
396 459 0
396 515 0
396 530 0
396 545 0
397 498 0
398 597 0
399 454 0
399 471 0
401 526 0
405 420 0
409 458 0
409 575 0
409 576 0
411 416 0
412 467 0
413 423 0
414 495 0
415 453 0
415 581 0
416 427 0
416 445 0
416 596 0
417 524 0
423 470 0
425 445 0
427 475 0
428 440 0
428 489 0
428 517 0
429 436 0
429 600 0
430 482 0
430 538 0
432 463 0
432 595 0
433 455 0
433 506 0
433 525 0
435 485 0
437 465 0
442 539 0
445 451 0
449 473 0
450 453 0
454 548 0
455 465 0
455 549 0
457 500 0
457 546 0
457 591 0
458 549 0
465 577 0
466 570 0
471 501 0
471 520 0
473 594 0
477 592 0
479 539 0
481 551 0
488 597 0
489 598 0
490 591 0
498 568 0
498 579 0
502 510 0
502 562 0
508 540 0
508 551 0
509 549 0
511 528 0
512 547 0
517 581 0
518 596 0
520 569 0
522 524 0
523 538 0
523 556 0
524 546 0
524 587 0
526 552 0
526 561 0
526 568 0
527 537 0
531 557 0
533 576 0
537 558 0
539 559 0
570 586 0
592 596 0
