300 380 0
1 292 0
2 267 0
3 97 0
3 120 0
4 208 0
5 167 0
6 82 0
6 142 0
6 253 0
6 264 0
7 167 0
7 237 0
8 15 0
8 76 0
8 136 0
8 145 0
8 148 0
9 264 0
10 261 0
11 176 0
12 89 0
13 246 0
14 74 0
14 110 0
14 245 0
14 266 0
16 32 0
16 54 0
16 91 0
16 109 0
17 160 0
17 299 0
18 63 0
18 92 0
18 108 0
18 131 0
18 191 0
19 190 0
20 176 0
20 236 0
21 224 0
22 79 0
23 180 0
23 216 0
23 267 0
24 91 0
24 140 0
24 230 0
24 280 0
25 249 0
26 50 0
26 107 0
26 266 0
26 279 0
27 86 0
27 97 0
27 143 0
27 234 0
28 104 0
29 243 0
30 41 0
30 119 0
30 275 0
30 294 0
31 62 0
31 93 0
31 236 0
33 87 0
33 113 0
33 173 0
33 196 0
34 86 0
34 203 0
34 297 0
35 108 0
35 284 0
36 49 0
36 87 0
36 227 0
36 256 0
37 123 0
37 145 0
37 180 0
37 213 0
38 190 0
39 150 0
39 288 0
40 69 0
40 94 0
40 152 0
40 197 0
41 198 0
42 56 0
42 131 0
43 180 0
44 296 0
45 163 0
46 246 0
47 101 0
47 282 0
48 82 0
48 160 0
50 198 0
51 138 0
52 276 0
52 300 0
53 76 0
53 126 0
55 139 0
55 168 0
55 169 0
55 288 0
56 76 0
56 242 0
57 68 0
57 210 0
58 117 0
58 150 0
58 234 0
58 267 0
59 124 0
59 162 0
60 208 0
60 223 0
60 296 0
61 297 0
62 84 0
62 225 0
63 80 0
64 219 0
65 80 0
66 104 0
67 222 0
68 149 0
70 167 0
71 163 0
72 295 0
73 74 0
73 84 0
74 120 0
74 130 0
74 257 0
75 86 0
76 270 0
77 210 0
78 180 0
79 103 0
79 172 0
79 275 0
80 175 0
80 235 0
81 83 0
82 151 0
82 176 0
83 93 0
83 220 0
83 228 0
84 94 0
84 139 0
84 284 0
85 131 0
85 215 0
86 166 0
86 187 0
87 120 0
87 163 0
87 178 0
88 143 0
89 151 0
89 212 0
89 281 0
90 246 0
91 139 0
91 244 0
91 295 0
92 95 0
92 183 0
92 195 0
94 159 0
94 257 0
96 236 0
97 98 0
97 186 0
99 210 0
100 154 0
100 182 0
100 269 0
100 298 0
101 138 0
102 143 0
103 112 0
104 113 0
104 175 0
104 237 0
105 223 0
106 219 0
108 114 0
108 170 0
110 163 0
110 263 0
110 296 0
111 242 0
111 300 0
112 132 0
113 191 0
114 201 0
115 123 0
116 178 0
116 273 0
117 152 0
117 161 0
117 162 0
117 250 0
117 299 0
118 263 0
120 169 0
120 174 0
121 261 0
122 126 0
123 169 0
123 216 0
124 148 0
124 199 0
124 253 0
125 160 0
125 176 0
126 220 0
126 233 0
127 130 0
127 191 0
127 234 0
127 244 0
128 192 0
128 218 0
128 266 0
128 272 0
128 273 0
129 261 0
130 170 0
130 205 0
131 201 0
131 291 0
132 181 0
132 209 0
132 285 0
132 287 0
133 196 0
133 296 0
134 222 0
135 292 0
137 215 0
137 252 0
138 148 0
138 283 0
141 160 0
142 180 0
143 203 0
144 223 0
145 194 0
145 222 0
145 224 0
146 297 0
147 213 0
148 186 0
148 234 0
148 276 0
149 179 0
149 185 0
149 255 0
150 207 0
150 238 0
153 249 0
155 292 0
156 299 0
157 282 0
158 208 0
159 164 0
159 213 0
159 214 0
159 215 0
160 243 0
160 259 0
160 290 0
162 298 0
163 218 0
165 171 0
165 172 0
165 216 0
167 194 0
167 223 0
168 253 0
169 180 0
171 174 0
171 241 0
171 260 0
172 286 0
174 182 0
174 243 0
174 261 0
174 284 0
175 244 0
175 297 0
176 218 0
176 237 0
176 268 0
176 281 0
177 185 0
177 198 0
177 278 0
177 300 0
178 248 0
178 289 0
182 191 0
182 249 0
182 299 0
184 224 0
185 208 0
185 257 0
188 223 0
189 193 0
190 245 0
190 258 0
191 275 0
191 285 0
193 201 0
193 285 0
194 205 0
194 285 0
199 274 0
200 243 0
202 224 0
203 251 0
204 282 0
205 220 0
205 290 0
206 276 0
207 279 0
208 247 0
209 268 0
210 217 0
210 266 0
211 213 0
213 221 0
213 245 0
217 248 0
217 268 0
219 231 0
219 245 0
220 264 0
222 254 0
223 229 0
223 281 0
225 242 0
225 293 0
226 243 0
229 268 0
232 268 0
236 287 0
239 263 0
240 267 0
241 252 0
242 275 0
244 287 0
245 257 0
246 290 0
249 271 0
251 264 0
252 265 0
252 274 0
252 287 0
256 267 0
257 281 0
262 276 0
263 277 0
268 290 0
270 299 0
282 285 0
286 295 0
287 292 0
293 295 0
