120 169 0
1 14 0
1 20 0
1 27 0
1 50 0
1 78 0
1 85 0
2 9 0
2 48 0
2 58 0
2 114 0
3 8 0
3 19 0
3 39 0
3 42 0
3 85 0
3 97 0
4 86 0
5 66 0
6 79 0
7 31 0
7 38 0
7 53 0
7 100 0
7 112 0
9 91 0
10 28 0
10 53 0
10 59 0
10 97 0
10 118 0
11 41 0
12 59 0
12 73 0
12 79 0
12 84 0
12 91 0
12 115 0
12 118 0
13 65 0
14 49 0
14 53 0
14 76 0
15 74 0
16 30 0
16 65 0
17 87 0
17 95 0
17 104 0
17 119 0
18 45 0
18 62 0
19 40 0
20 48 0
20 77 0
21 47 0
22 86 0
23 108 0
24 44 0
24 56 0
24 59 0
24 88 0
24 99 0
25 112 0
26 28 0
26 29 0
26 58 0
26 85 0
26 104 0
28 115 0
29 75 0
30 34 0
30 79 0
32 39 0
33 112 0
34 67 0
35 48 0
35 49 0
35 74 0
35 105 0
36 75 0
36 101 0
37 38 0
37 75 0
39 46 0
39 50 0
39 107 0
40 43 0
40 82 0
41 70 0
41 77 0
41 105 0
41 110 0
43 45 0
45 63 0
45 104 0
47 61 0
47 90 0
47 96 0
47 97 0
47 100 0
48 67 0
49 85 0
49 87 0
49 89 0
49 98 0
49 108 0
51 90 0
52 111 0
53 78 0
53 111 0
54 92 0
55 65 0
56 79 0
56 82 0
56 115 0
57 82 0
57 83 0
58 66 0
58 81 0
58 94 0
60 111 0
62 92 0
64 66 0
65 107 0
66 67 0
66 76 0
66 102 0
67 76 0
67 81 0
67 118 0
68 94 0
69 108 0
70 87 0
71 74 0
72 94 0
73 98 0
74 116 0
74 118 0
75 77 0
76 101 0
77 108 0
77 115 0
78 83 0
78 92 0
78 101 0
78 105 0
79 87 0
80 90 0
82 99 0
85 90 0
86 107 0
86 110 0
86 113 0
88 103 0
89 114 0
90 93 0
90 111 0
92 104 0
92 120 0
94 97 0
94 103 0
97 112 0
98 105 0
98 120 0
102 111 0
106 108 0
107 115 0
109 112 0
111 117 0
