500 568 0
1 204 0
2 46 0
2 215 0
2 370 0
2 438 0
3 89 0
3 167 0
3 182 0
3 219 0
4 233 0
5 32 0
6 305 0
7 105 0
8 477 0
9 394 0
10 308 0
11 86 0
11 152 0
11 171 0
11 281 0
11 321 0
12 157 0
13 52 0
13 196 0
13 240 0
13 339 0
14 233 0
15 150 0
15 185 0
15 303 0
15 435 0
16 138 0
17 146 0
18 32 0
19 254 0
20 58 0
20 153 0
20 194 0
20 268 0
21 143 0
22 490 0
23 475 0
24 45 0
24 334 0
24 365 0
24 372 0
25 44 0
25 137 0
25 349 0
25 387 0
26 295 0
26 377 0
27 351 0
28 40 0
28 45 0
28 75 0
28 423 0
29 267 0
30 106 0
30 141 0
30 231 0
30 387 0
31 114 0
31 188 0
31 364 0
31 372 0
32 307 0
32 339 0
33 394 0
34 320 0
34 351 0
34 404 0
34 418 0
35 212 0
36 45 0
36 57 0
36 74 0
36 396 0
37 292 0
38 187 0
39 299 0
41 143 0
41 277 0
42 208 0
43 296 0
44 147 0
44 181 0
44 424 0
45 254 0
46 279 0
46 344 0
46 363 0
46 464 0
47 234 0
48 152 0
48 330 0
48 364 0
48 371 0
48 467 0
49 292 0
49 322 0
49 440 0
49 444 0
50 233 0
51 264 0
52 417 0
53 139 0
53 198 0
53 204 0
53 416 0
54 252 0
55 258 0
55 373 0
56 378 0
56 380 0
59 438 0
60 254 0
60 494 0
60 496 0
61 349 0
62 97 0
62 122 0
63 304 0
63 314 0
63 389 0
63 397 0
64 200 0
64 217 0
64 321 0
64 468 0
65 91 0
66 121 0
66 135 0
66 142 0
66 257 0
66 318 0
67 107 0
67 201 0
67 319 0
67 471 0
68 381 0
68 437 0
69 76 0
70 137 0
71 221 0
71 272 0
71 362 0
71 453 0
72 111 0
73 91 0
76 242 0
76 269 0
76 354 0
77 252 0
78 83 0
78 236 0
78 337 0
78 353 0
78 361 0
79 404 0
80 148 0
81 135 0
81 206 0
81 411 0
81 426 0
82 214 0
82 244 0
82 247 0
82 322 0
83 231 0
83 233 0
83 320 0
83 446 0
83 498 0
84 214 0
85 106 0
86 169 0
86 253 0
86 322 0
87 478 0
88 433 0
90 187 0
91 182 0
91 285 0
91 290 0
92 187 0
92 251 0
92 409 0
92 490 0
93 108 0
93 227 0
93 376 0
93 476 0
94 446 0
95 218 0
96 184 0
96 366 0
96 434 0
96 436 0
97 246 0
98 235 0
99 161 0
100 336 0
101 156 0
101 293 0
101 390 0
101 458 0
102 184 0
103 153 0
103 418 0
104 146 0
105 239 0
105 310 0
105 463 0
106 216 0
106 314 0
106 429 0
109 111 0
110 171 0
110 301 0
111 116 0
111 283 0
112 286 0
113 244 0
115 235 0
116 139 0
116 342 0
116 348 0
117 370 0
118 264 0
119 301 0
120 187 0
120 327 0
120 351 0
121 286 0
122 272 0
122 485 0
122 486 0
123 436 0
124 247 0
125 229 0
125 325 0
125 382 0
125 474 0
126 274 0
126 446 0
127 177 0
128 203 0
129 151 0
129 430 0
130 194 0
130 243 0
130 326 0
130 407 0
131 159 0
131 276 0
131 339 0
131 410 0
132 197 0
132 254 0
132 438 0
133 258 0
134 444 0
135 169 0
135 239 0
135 408 0
136 225 0
137 369 0
137 403 0
138 165 0
138 192 0
138 412 0
138 484 0
139 300 0
139 358 0
140 169 0
140 264 0
140 308 0
140 493 0
141 311 0
141 341 0
141 430 0
141 494 0
143 176 0
143 201 0
144 208 0
144 234 0
144 301 0
144 409 0
145 175 0
145 205 0
145 248 0
145 365 0
146 259 0
146 354 0
147 148 0
148 186 0
148 393 0
148 481 0
149 496 0
150 256 0
151 264 0
151 317 0
152 377 0
152 433 0
154 231 0
155 496 0
156 463 0
157 262 0
157 300 0
157 447 0
158 258 0
158 433 0
160 434 0
161 190 0
161 285 0
161 365 0
161 455 0
162 493 0
163 404 0
164 198 0
164 328 0
166 416 0
168 177 0
169 382 0
169 457 0
170 203 0
171 382 0
171 385 0
171 386 0
171 448 0
172 356 0
173 486 0
173 493 0
174 296 0
177 222 0
177 247 0
177 281 0
178 181 0
178 199 0
178 285 0
178 302 0
178 456 0
179 310 0
179 381 0
180 258 0
182 223 0
182 366 0
183 187 0
184 211 0
184 315 0
185 235 0
185 255 0
185 317 0
186 225 0
186 368 0
186 387 0
187 341 0
189 317 0
189 469 0
191 444 0
193 252 0
194 246 0
194 278 0
195 377 0
197 223 0
198 399 0
198 469 0
201 278 0
201 475 0
202 433 0
203 212 0
203 384 0
203 390 0
204 459 0
204 487 0
207 446 0
208 316 0
208 415 0
209 404 0
209 469 0
210 321 0
210 381 0
212 288 0
212 397 0
212 442 0
213 440 0
214 236 0
214 461 0
215 298 0
215 456 0
215 463 0
217 358 0
218 331 0
218 456 0
218 482 0
220 272 0
220 347 0
220 413 0
220 443 0
223 275 0
223 414 0
224 267 0
224 381 0
225 244 0
225 312 0
225 359 0
226 251 0
227 402 0
228 336 0
229 402 0
230 286 0
231 266 0
231 431 0
232 395 0
234 297 0
234 377 0
234 402 0
235 307 0
235 419 0
236 474 0
237 477 0
238 299 0
240 386 0
241 356 0
242 324 0
244 345 0
244 439 0
245 348 0
246 340 0
246 460 0
247 488 0
247 495 0
249 343 0
249 400 0
249 432 0
249 497 0
250 427 0
251 346 0
251 492 0
252 321 0
253 332 0
253 334 0
254 256 0
255 334 0
255 343 0
255 484 0
256 363 0
257 418 0
258 300 0
260 370 0
261 308 0
263 408 0
265 378 0
267 365 0
267 425 0
270 436 0
271 308 0
272 320 0
273 370 0
274 299 0
277 490 0
278 358 0
278 397 0
280 427 0
281 380 0
281 427 0
282 377 0
284 342 0
286 463 0
286 479 0
287 418 0
289 368 0
291 430 0
292 313 0
292 473 0
294 395 0
295 317 0
296 394 0
296 397 0
296 412 0
298 320 0
298 332 0
298 354 0
299 343 0
300 430 0
301 328 0
304 477 0
305 306 0
305 454 0
305 484 0
309 368 0
316 366 0
316 486 0
317 470 0
321 381 0
322 390 0
323 493 0
327 478 0
329 416 0
330 448 0
332 358 0
332 387 0
333 438 0
334 366 0
335 499 0
336 354 0
336 450 0
336 476 0
338 356 0
339 409 0
342 355 0
342 375 0
343 394 0
348 428 0
348 457 0
349 451 0
349 498 0
350 383 0
350 401 0
350 463 0
350 472 0
351 500 0
352 478 0
356 372 0
357 391 0
357 459 0
358 409 0
360 440 0
366 476 0
367 499 0
368 441 0
368 483 0
372 499 0
373 499 0
374 380 0
377 391 0
378 382 0
378 417 0
378 449 0
379 416 0
380 405 0
388 436 0
390 496 0
391 476 0
391 489 0
391 491 0
392 430 0
394 480 0
395 422 0
395 456 0
398 444 0
401 444 0
406 408 0
408 437 0
408 473 0
420 477 0
421 475 0
427 441 0
434 465 0
434 466 0
438 445 0
440 462 0
452 475 0
464 490 0
476 477 0
478 484 0
491 499 0
