250 345 0
1 134 0
2 45 0
3 4 0
3 31 0
3 32 0
3 85 0
4 94 0
4 179 0
4 213 0
4 249 0
5 200 0
6 71 0
7 119 0
7 237 0
8 18 0
8 91 0
8 216 0
8 226 0
8 246 0
9 49 0
10 51 0
10 62 0
10 63 0
10 64 0
10 101 0
11 191 0
12 217 0
13 48 0
14 40 0
14 170 0
14 234 0
15 144 0
15 195 0
16 24 0
17 83 0
19 150 0
20 54 0
21 163 0
21 176 0
22 79 0
22 186 0
23 48 0
23 57 0
23 113 0
23 124 0
23 133 0
24 145 0
24 183 0
24 246 0
24 248 0
25 93 0
25 122 0
25 184 0
25 212 0
26 234 0
27 71 0
28 57 0
28 104 0
28 179 0
28 227 0
28 245 0
29 95 0
29 136 0
29 162 0
29 224 0
29 245 0
30 50 0
30 56 0
30 152 0
31 114 0
31 148 0
31 174 0
31 231 0
32 118 0
32 131 0
32 182 0
32 222 0
32 228 0
33 66 0
34 46 0
34 99 0
34 142 0
34 183 0
34 227 0
35 124 0
35 231 0
36 103 0
37 192 0
38 235 0
39 53 0
39 59 0
39 78 0
39 201 0
40 148 0
41 239 0
42 85 0
43 134 0
43 227 0
44 84 0
45 81 0
45 90 0
45 115 0
45 120 0
45 198 0
45 237 0
45 250 0
47 48 0
48 65 0
48 201 0
49 118 0
49 139 0
49 194 0
50 57 0
50 58 0
50 69 0
50 146 0
50 204 0
52 113 0
52 174 0
53 153 0
54 107 0
54 129 0
54 153 0
54 244 0
55 106 0
55 171 0
56 175 0
56 243 0
57 187 0
58 152 0
60 91 0
61 119 0
61 235 0
64 163 0
64 216 0
65 107 0
65 110 0
65 250 0
66 82 0
66 129 0
66 171 0
67 84 0
67 238 0
68 80 0
68 226 0
68 248 0
69 104 0
69 144 0
69 177 0
69 211 0
70 176 0
71 112 0
71 136 0
71 223 0
71 229 0
72 84 0
73 148 0
74 239 0
75 77 0
75 138 0
75 155 0
75 203 0
75 208 0
76 91 0
76 100 0
77 186 0
77 223 0
78 87 0
78 191 0
78 210 0
78 239 0
78 243 0
79 83 0
79 97 0
80 116 0
80 136 0
80 168 0
81 152 0
81 161 0
81 219 0
82 225 0
83 92 0
83 101 0
84 85 0
84 118 0
85 158 0
85 189 0
85 203 0
86 218 0
86 228 0
87 126 0
87 168 0
87 222 0
87 246 0
88 191 0
89 90 0
89 125 0
89 127 0
89 129 0
89 183 0
90 121 0
90 197 0
91 93 0
91 111 0
93 97 0
93 146 0
93 200 0
93 205 0
93 218 0
96 100 0
97 129 0
97 209 0
97 220 0
97 222 0
98 137 0
98 175 0
98 188 0
98 203 0
99 149 0
99 151 0
99 172 0
99 207 0
100 143 0
100 187 0
100 218 0
101 132 0
101 140 0
101 232 0
102 200 0
103 147 0
103 164 0
103 199 0
103 209 0
103 231 0
104 140 0
104 222 0
105 107 0
105 109 0
105 131 0
105 241 0
106 168 0
106 196 0
106 211 0
106 220 0
107 140 0
107 163 0
108 150 0
110 194 0
110 232 0
111 182 0
112 163 0
112 224 0
113 156 0
113 172 0
114 197 0
117 124 0
118 134 0
119 168 0
119 169 0
120 140 0
120 150 0
120 186 0
121 154 0
123 124 0
126 239 0
127 152 0
128 131 0
128 150 0
128 220 0
129 195 0
130 160 0
130 195 0
132 136 0
132 148 0
133 192 0
133 204 0
134 159 0
135 243 0
137 166 0
141 204 0
143 223 0
145 177 0
146 160 0
146 198 0
146 238 0
148 182 0
149 238 0
152 229 0
153 154 0
154 182 0
154 190 0
154 250 0
157 230 0
160 162 0
161 235 0
163 215 0
164 186 0
164 236 0
165 207 0
165 233 0
166 187 0
166 192 0
167 232 0
168 230 0
170 181 0
170 236 0
171 244 0
173 233 0
176 203 0
176 237 0
177 189 0
177 226 0
178 217 0
179 191 0
180 232 0
181 209 0
181 210 0
181 242 0
182 228 0
185 235 0
187 217 0
187 230 0
188 195 0
192 245 0
192 247 0
193 234 0
195 205 0
197 200 0
197 238 0
202 204 0
203 227 0
206 243 0
209 234 0
210 218 0
214 217 0
219 230 0
221 228 0
225 228 0
227 229 0
229 239 0
230 236 0
233 240 0
233 246 0
235 245 0
239 247 0
