450 581 0
1 8 0
1 346 0
2 27 0
2 39 0
3 54 0
3 149 0
4 405 0
5 328 0
6 133 0
6 432 0
7 218 0
7 399 0
8 34 0
8 218 0
9 81 0
9 186 0
9 398 0
9 427 0
10 127 0
10 342 0
11 62 0
11 249 0
11 283 0
11 367 0
11 429 0
12 58 0
12 87 0
12 316 0
12 427 0
13 205 0
13 347 0
14 75 0
14 417 0
15 382 0
16 357 0
17 283 0
18 81 0
18 200 0
18 238 0
18 246 0
19 24 0
20 306 0
21 103 0
21 345 0
22 65 0
22 149 0
22 180 0
22 210 0
22 214 0
22 406 0
23 188 0
23 303 0
23 395 0
23 446 0
24 107 0
24 392 0
24 410 0
25 90 0
26 86 0
26 162 0
26 181 0
26 335 0
26 357 0
27 170 0
28 44 0
29 339 0
30 257 0
31 90 0
31 265 0
31 290 0
31 443 0
32 420 0
33 144 0
33 243 0
33 259 0
33 292 0
33 299 0
33 408 0
34 42 0
34 82 0
34 124 0
35 297 0
36 52 0
36 304 0
36 396 0
37 90 0
37 162 0
38 169 0
38 346 0
39 134 0
39 266 0
39 289 0
39 297 0
40 265 0
40 330 0
41 417 0
42 254 0
42 281 0
42 409 0
42 433 0
43 73 0
44 212 0
44 243 0
44 379 0
45 355 0
46 110 0
46 394 0
47 54 0
47 163 0
47 240 0
47 260 0
48 100 0
48 151 0
48 164 0
48 182 0
48 304 0
48 319 0
49 431 0
50 322 0
51 123 0
52 80 0
52 184 0
52 368 0
53 307 0
54 214 0
54 248 0
54 263 0
55 217 0
56 72 0
56 428 0
57 181 0
57 371 0
58 155 0
58 347 0
59 210 0
60 81 0
60 219 0
61 433 0
62 180 0
63 254 0
64 205 0
64 258 0
64 323 0
65 180 0
65 449 0
66 157 0
66 194 0
67 192 0
67 287 0
67 378 0
67 422 0
67 438 0
68 72 0
68 86 0
68 237 0
68 298 0
68 345 0
69 224 0
69 298 0
70 440 0
70 449 0
71 131 0
71 183 0
71 186 0
71 187 0
71 440 0
72 154 0
72 320 0
73 74 0
73 155 0
73 230 0
73 299 0
75 150 0
75 190 0
75 267 0
75 337 0
76 266 0
76 431 0
77 449 0
78 222 0
78 237 0
78 406 0
78 443 0
79 110 0
79 283 0
79 316 0
80 110 0
80 417 0
81 376 0
81 388 0
82 154 0
83 102 0
83 201 0
84 136 0
85 372 0
86 330 0
86 331 0
87 184 0
88 244 0
88 315 0
88 371 0
88 372 0
89 171 0
89 265 0
90 129 0
90 248 0
90 397 0
91 114 0
91 146 0
91 225 0
91 341 0
92 170 0
93 320 0
93 355 0
93 373 0
94 191 0
95 119 0
95 155 0
95 174 0
95 361 0
95 447 0
95 449 0
96 147 0
96 223 0
97 217 0
98 254 0
98 261 0
99 157 0
101 388 0
102 176 0
103 138 0
103 213 0
103 348 0
103 387 0
104 146 0
104 298 0
105 171 0
106 396 0
107 219 0
108 194 0
108 375 0
109 269 0
110 229 0
110 348 0
111 176 0
112 170 0
113 373 0
114 307 0
114 382 0
114 409 0
115 197 0
115 314 0
116 145 0
116 371 0
117 204 0
117 252 0
117 305 0
117 392 0
118 346 0
119 169 0
120 147 0
120 205 0
120 222 0
120 231 0
120 400 0
121 252 0
121 264 0
121 347 0
121 432 0
122 301 0
122 307 0
123 186 0
123 239 0
123 254 0
123 312 0
125 126 0
125 185 0
126 186 0
126 311 0
126 423 0
127 162 0
127 374 0
128 331 0
130 248 0
132 439 0
133 178 0
133 404 0
133 438 0
134 227 0
134 409 0
134 426 0
135 306 0
136 203 0
136 349 0
136 369 0
136 442 0
137 376 0
139 322 0
140 175 0
140 287 0
140 296 0
140 304 0
140 396 0
141 149 0
142 167 0
142 288 0
142 300 0
142 301 0
143 255 0
143 282 0
143 383 0
143 427 0
144 231 0
144 244 0
144 362 0
145 191 0
145 436 0
145 439 0
145 443 0
146 313 0
147 357 0
148 157 0
149 185 0
150 345 0
151 355 0
152 154 0
152 287 0
152 310 0
152 353 0
152 363 0
153 247 0
155 214 0
155 226 0
155 389 0
156 184 0
157 275 0
157 378 0
158 240 0
158 405 0
159 210 0
160 269 0
160 446 0
161 280 0
161 290 0
162 222 0
162 425 0
163 359 0
165 310 0
165 373 0
166 388 0
167 194 0
167 286 0
167 406 0
168 185 0
168 309 0
169 242 0
169 381 0
170 204 0
171 325 0
171 419 0
171 427 0
172 265 0
173 257 0
173 392 0
176 252 0
176 360 0
177 189 0
179 184 0
179 237 0
179 269 0
179 306 0
180 400 0
180 445 0
181 270 0
181 299 0
181 358 0
182 197 0
182 224 0
182 237 0
183 306 0
184 326 0
189 273 0
189 279 0
189 343 0
191 202 0
191 271 0
192 244 0
192 305 0
192 409 0
193 249 0
193 263 0
194 263 0
194 374 0
195 376 0
196 309 0
197 226 0
197 236 0
197 380 0
198 439 0
199 433 0
201 241 0
201 323 0
201 351 0
203 277 0
203 322 0
203 346 0
204 230 0
204 396 0
204 420 0
205 295 0
205 344 0
205 378 0
206 245 0
206 402 0
207 219 0
207 399 0
208 248 0
209 248 0
210 228 0
210 267 0
211 278 0
212 277 0
212 283 0
212 355 0
213 257 0
213 298 0
213 419 0
214 398 0
215 342 0
215 386 0
216 426 0
217 279 0
217 402 0
218 345 0
219 324 0
219 366 0
219 421 0
220 362 0
221 405 0
222 305 0
222 398 0
223 268 0
223 303 0
223 344 0
224 338 0
224 444 0
226 354 0
226 365 0
226 410 0
226 422 0
227 376 0
227 430 0
227 434 0
227 437 0
231 401 0
231 442 0
232 382 0
233 245 0
234 261 0
235 439 0
241 342 0
241 417 0
241 443 0
242 335 0
242 339 0
242 373 0
244 267 0
245 274 0
245 344 0
245 392 0
246 298 0
246 300 0
247 329 0
247 378 0
247 384 0
249 277 0
249 297 0
249 328 0
250 283 0
251 362 0
252 331 0
253 298 0
254 340 0
256 372 0
257 259 0
257 267 0
257 298 0
257 414 0
258 382 0
259 376 0
261 287 0
261 308 0
261 334 0
262 290 0
263 276 0
263 358 0
266 275 0
267 449 0
268 283 0
268 335 0
269 413 0
272 328 0
277 305 0
278 313 0
278 428 0
278 438 0
279 309 0
279 335 0
280 295 0
280 345 0
281 298 0
282 397 0
283 368 0
284 420 0
285 431 0
286 332 0
286 377 0
286 411 0
287 432 0
290 294 0
291 297 0
293 436 0
294 386 0
297 321 0
302 331 0
303 329 0
303 405 0
303 406 0
304 316 0
307 352 0
309 403 0
311 394 0
314 343 0
314 415 0
315 318 0
315 389 0
315 407 0
317 399 0
322 418 0
327 328 0
330 420 0
333 426 0
334 380 0
335 389 0
335 398 0
336 396 0
339 370 0
339 394 0
342 385 0
343 410 0
346 364 0
348 404 0
348 406 0
348 431 0
350 436 0
351 366 0
352 444 0
354 362 0
355 391 0
356 433 0
357 412 0
359 366 0
362 393 0
365 446 0
366 392 0
366 415 0
367 369 0
371 416 0
371 441 0
372 375 0
374 400 0
376 414 0
386 426 0
388 450 0
390 449 0
399 438 0
408 410 0
415 435 0
415 439 0
417 424 0
436 448 0
