450 515 0
1 41 0
1 390 0
2 266 0
2 372 0
2 393 0
2 429 0
3 32 0
3 116 0
3 265 0
3 424 0
4 100 0
5 67 0
6 361 0
7 144 0
8 58 0
8 276 0
8 335 0
8 337 0
9 14 0
10 424 0
11 156 0
11 230 0
11 353 0
11 355 0
12 27 0
12 187 0
13 351 0
14 196 0
14 226 0
14 435 0
15 30 0
15 328 0
16 144 0
17 444 0
18 348 0
18 399 0
19 53 0
19 124 0
19 152 0
19 251 0
20 351 0
21 148 0
21 245 0
21 273 0
21 388 0
22 119 0
22 401 0
23 380 0
24 67 0
25 67 0
25 119 0
25 176 0
25 357 0
26 55 0
26 69 0
26 333 0
26 352 0
26 438 0
27 33 0
27 68 0
28 118 0
28 241 0
28 381 0
28 448 0
29 419 0
30 280 0
30 308 0
31 88 0
32 38 0
32 83 0
32 412 0
33 75 0
33 76 0
33 114 0
33 300 0
34 270 0
35 104 0
36 355 0
37 248 0
37 357 0
39 357 0
40 66 0
40 78 0
40 242 0
41 100 0
42 295 0
43 272 0
44 108 0
44 200 0
44 312 0
44 432 0
45 217 0
46 283 0
46 302 0
46 313 0
46 326 0
47 87 0
47 169 0
47 330 0
47 423 0
47 430 0
48 139 0
49 168 0
49 376 0
50 195 0
50 334 0
51 378 0
52 197 0
54 150 0
54 419 0
56 156 0
57 191 0
59 208 0
60 150 0
61 377 0
61 390 0
62 166 0
63 274 0
64 154 0
64 440 0
65 221 0
65 411 0
65 413 0
65 429 0
66 150 0
67 293 0
67 449 0
68 334 0
70 149 0
70 151 0
70 216 0
70 320 0
70 391 0
71 161 0
71 217 0
72 144 0
73 188 0
73 316 0
73 331 0
73 350 0
74 78 0
74 215 0
75 222 0
75 242 0
75 351 0
76 394 0
77 95 0
77 107 0
77 134 0
77 252 0
78 301 0
78 395 0
78 422 0
79 93 0
79 132 0
79 176 0
79 218 0
79 219 0
80 125 0
80 256 0
81 119 0
82 91 0
82 159 0
82 237 0
82 448 0
84 357 0
85 125 0
85 271 0
85 290 0
85 334 0
85 338 0
86 208 0
86 308 0
88 170 0
88 296 0
88 397 0
89 226 0
89 283 0
89 342 0
89 447 0
90 164 0
92 150 0
93 184 0
93 251 0
93 423 0
94 398 0
96 113 0
97 405 0
98 234 0
98 235 0
98 349 0
98 450 0
99 102 0
100 229 0
100 428 0
101 106 0
101 165 0
101 318 0
101 331 0
102 256 0
102 277 0
102 337 0
103 324 0
104 141 0
104 342 0
104 439 0
105 160 0
105 213 0
109 355 0
109 398 0
110 114 0
110 185 0
110 353 0
110 417 0
111 133 0
112 139 0
112 150 0
112 271 0
112 398 0
112 439 0
113 249 0
113 262 0
113 394 0
114 155 0
114 193 0
114 311 0
114 344 0
115 294 0
115 423 0
116 195 0
116 231 0
116 403 0
116 437 0
117 405 0
118 340 0
119 240 0
120 185 0
121 444 0
122 369 0
123 270 0
125 289 0
125 360 0
126 290 0
127 271 0
127 303 0
127 309 0
127 353 0
128 387 0
129 282 0
130 228 0
130 426 0
131 272 0
132 183 0
132 205 0
132 331 0
133 184 0
133 287 0
133 304 0
135 146 0
136 308 0
137 399 0
138 295 0
139 263 0
139 401 0
140 285 0
140 380 0
142 290 0
143 361 0
144 366 0
145 247 0
146 367 0
146 415 0
146 448 0
147 191 0
147 242 0
147 247 0
147 280 0
149 399 0
152 288 0
153 354 0
154 251 0
154 373 0
154 385 0
156 180 0
156 359 0
157 380 0
158 261 0
158 346 0
158 348 0
158 368 0
158 400 0
160 419 0
161 323 0
161 338 0
161 395 0
162 213 0
163 185 0
164 207 0
164 288 0
164 333 0
164 388 0
166 186 0
166 218 0
166 331 0
167 187 0
168 213 0
170 369 0
171 202 0
171 324 0
171 351 0
172 230 0
173 174 0
173 320 0
173 347 0
173 384 0
175 433 0
176 388 0
176 395 0
177 197 0
178 405 0
179 222 0
181 268 0
182 224 0
182 369 0
183 282 0
183 375 0
183 387 0
184 294 0
184 356 0
185 232 0
187 279 0
187 296 0
189 253 0
189 333 0
189 371 0
190 355 0
191 243 0
191 442 0
192 205 0
192 223 0
192 363 0
192 407 0
192 446 0
194 247 0
196 426 0
197 210 0
197 258 0
198 274 0
199 228 0
199 291 0
199 365 0
199 407 0
200 270 0
200 272 0
200 303 0
201 229 0
201 278 0
201 292 0
201 370 0
202 251 0
202 299 0
202 406 0
203 417 0
204 356 0
204 371 0
205 274 0
205 444 0
206 268 0
208 226 0
208 383 0
209 375 0
210 265 0
210 328 0
210 354 0
211 374 0
212 238 0
213 283 0
214 426 0
215 306 0
215 388 0
215 420 0
216 357 0
217 254 0
217 423 0
217 441 0
219 309 0
219 447 0
220 233 0
220 374 0
222 314 0
222 392 0
224 343 0
225 280 0
226 257 0
226 404 0
227 376 0
228 246 0
228 265 0
228 333 0
229 339 0
229 405 0
230 421 0
230 443 0
233 246 0
235 242 0
235 324 0
235 437 0
236 266 0
236 284 0
236 380 0
238 248 0
238 315 0
238 429 0
239 444 0
241 385 0
242 309 0
244 324 0
245 371 0
246 298 0
246 329 0
247 325 0
250 270 0
251 439 0
252 295 0
252 341 0
252 343 0
255 378 0
257 281 0
257 284 0
257 382 0
258 323 0
259 343 0
260 426 0
263 381 0
264 330 0
264 361 0
265 309 0
267 328 0
268 283 0
268 307 0
269 290 0
271 296 0
272 321 0
274 319 0
275 294 0
280 396 0
282 317 0
282 358 0
285 322 0
285 337 0
285 431 0
286 333 0
287 332 0
293 294 0
295 414 0
296 374 0
297 356 0
303 313 0
303 394 0
303 429 0
304 345 0
305 398 0
308 348 0
308 362 0
308 408 0
310 375 0
311 324 0
318 450 0
320 339 0
320 378 0
327 354 0
328 440 0
332 369 0
334 425 0
336 378 0
337 339 0
339 404 0
339 447 0
340 437 0
341 348 0
341 447 0
341 448 0
342 380 0
342 426 0
343 368 0
345 433 0
348 433 0
351 430 0
353 366 0
354 445 0
355 389 0
356 377 0
358 431 0
361 366 0
363 441 0
364 437 0
366 390 0
366 433 0
369 394 0
374 427 0
375 418 0
376 395 0
376 404 0
379 424 0
386 433 0
387 402 0
387 434 0
390 436 0
394 419 0
398 449 0
399 423 0
409 417 0
410 437 0
416 424 0
417 438 0
