60 83 0
1 6 0
1 34 0
2 19 0
3 4 0
3 6 0
3 8 0
3 14 0
3 28 0
3 55 0
3 60 0
4 12 0
4 27 0
4 44 0
5 9 0
5 39 0
5 51 0
6 23 0
7 14 0
7 21 0
7 33 0
7 36 0
8 12 0
8 14 0
8 52 0
9 19 0
9 34 0
10 12 0
10 23 0
11 45 0
12 41 0
13 14 0
13 24 0
13 30 0
13 34 0
14 33 0
15 16 0
15 32 0
15 36 0
15 59 0
17 30 0
18 20 0
18 52 0
19 36 0
19 54 0
20 25 0
20 27 0
20 29 0
20 33 0
21 38 0
21 51 0
21 57 0
22 38 0
22 57 0
22 58 0
23 38 0
24 35 0
24 46 0
24 60 0
25 28 0
25 30 0
26 51 0
28 60 0
29 46 0
30 42 0
31 33 0
31 38 0
33 48 0
33 49 0
34 37 0
34 53 0
35 48 0
36 45 0
38 44 0
39 57 0
40 52 0
43 45 0
43 58 0
45 58 0
46 60 0
47 52 0
49 58 0
50 51 0
56 57 0
