500 603 0
1 74 0
1 186 0
1 230 0
1 249 0
2 214 0
2 282 0
3 226 0
3 272 0
4 33 0
4 65 0
5 54 0
6 459 0
7 157 0
7 400 0
8 342 0
9 67 0
10 153 0
11 192 0
12 103 0
13 87 0
13 161 0
13 297 0
13 497 0
14 470 0
15 92 0
16 192 0
17 54 0
17 75 0
17 95 0
17 193 0
17 202 0
18 254 0
18 461 0
19 236 0
19 303 0
20 214 0
21 363 0
21 427 0
22 150 0
22 194 0
22 220 0
22 330 0
22 414 0
23 130 0
23 142 0
23 272 0
23 330 0
23 424 0
24 98 0
24 118 0
24 201 0
24 298 0
25 92 0
25 252 0
26 195 0
26 201 0
27 173 0
27 421 0
28 42 0
28 159 0
28 172 0
28 257 0
28 398 0
29 167 0
30 82 0
31 105 0
31 112 0
31 441 0
31 471 0
32 69 0
32 129 0
32 215 0
32 217 0
32 235 0
33 275 0
33 278 0
33 326 0
33 426 0
34 416 0
35 62 0
36 279 0
36 470 0
37 62 0
37 477 0
38 244 0
38 359 0
38 418 0
38 422 0
39 53 0
39 150 0
39 263 0
40 73 0
40 260 0
40 289 0
40 316 0
41 186 0
42 118 0
42 173 0
42 236 0
42 341 0
43 480 0
44 198 0
45 334 0
46 358 0
47 373 0
48 173 0
49 144 0
49 288 0
49 384 0
49 416 0
49 459 0
50 62 0
50 78 0
50 125 0
51 101 0
51 234 0
51 294 0
51 482 0
52 110 0
53 94 0
54 68 0
54 338 0
55 103 0
56 109 0
57 451 0
58 214 0
58 292 0
58 411 0
58 486 0
59 490 0
60 490 0
61 107 0
61 212 0
62 161 0
63 85 0
63 282 0
63 351 0
63 479 0
64 121 0
65 142 0
65 343 0
65 363 0
66 317 0
67 273 0
67 314 0
67 325 0
70 263 0
71 176 0
71 178 0
71 325 0
71 368 0
72 144 0
72 416 0
72 480 0
74 302 0
75 341 0
76 301 0
77 203 0
78 134 0
79 492 0
80 272 0
80 325 0
80 385 0
80 471 0
81 246 0
82 91 0
82 145 0
82 468 0
83 404 0
84 492 0
85 131 0
85 407 0
86 203 0
88 121 0
88 134 0
89 477 0
90 224 0
90 494 0
91 94 0
91 421 0
91 486 0
92 139 0
92 230 0
92 439 0
93 425 0
94 248 0
94 381 0
95 135 0
95 460 0
95 491 0
95 492 0
96 98 0
96 357 0
97 373 0
98 222 0
98 240 0
99 101 0
100 190 0
100 478 0
101 249 0
101 313 0
101 429 0
102 123 0
102 252 0
102 264 0
102 375 0
102 437 0
103 147 0
103 251 0
103 455 0
104 204 0
106 165 0
106 295 0
107 200 0
107 274 0
107 285 0
107 446 0
108 216 0
108 219 0
108 346 0
108 425 0
109 161 0
109 239 0
109 367 0
109 418 0
110 147 0
110 396 0
110 434 0
110 450 0
111 281 0
111 375 0
111 447 0
111 469 0
111 473 0
113 154 0
114 334 0
115 237 0
116 231 0
117 131 0
117 149 0
117 283 0
117 392 0
117 465 0
118 139 0
118 238 0
119 301 0
119 480 0
120 255 0
120 301 0
121 268 0
121 285 0
122 123 0
122 195 0
123 267 0
123 303 0
123 339 0
123 450 0
124 292 0
125 355 0
125 371 0
125 456 0
126 411 0
127 238 0
127 420 0
128 151 0
128 206 0
128 423 0
128 455 0
129 250 0
130 301 0
132 306 0
133 437 0
134 174 0
134 338 0
134 396 0
134 445 0
136 145 0
136 226 0
137 378 0
137 410 0
137 415 0
137 424 0
138 360 0
139 242 0
139 374 0
140 154 0
141 324 0
141 480 0
142 198 0
142 377 0
143 158 0
143 414 0
143 462 0
143 496 0
144 157 0
144 293 0
146 376 0
146 452 0
146 477 0
146 480 0
148 451 0
151 248 0
151 421 0
152 246 0
153 309 0
153 483 0
153 498 0
154 318 0
154 391 0
154 438 0
154 498 0
155 219 0
155 375 0
155 393 0
155 452 0
156 234 0
156 237 0
156 271 0
156 470 0
157 307 0
157 392 0
158 228 0
158 396 0
158 401 0
158 467 0
160 345 0
161 219 0
162 377 0
163 358 0
164 345 0
165 197 0
165 283 0
165 290 0
165 395 0
165 454 0
166 173 0
166 485 0
167 181 0
167 403 0
167 495 0
168 236 0
169 226 0
170 246 0
171 242 0
172 298 0
175 421 0
177 271 0
179 253 0
179 344 0
179 398 0
179 432 0
179 438 0
180 358 0
181 304 0
181 406 0
181 452 0
182 249 0
182 372 0
183 342 0
184 277 0
184 283 0
184 365 0
184 449 0
185 342 0
185 414 0
186 448 0
186 455 0
187 376 0
188 206 0
188 346 0
189 406 0
190 198 0
191 242 0
192 433 0
192 471 0
193 196 0
193 215 0
193 283 0
193 320 0
195 384 0
196 393 0
196 467 0
196 486 0
197 212 0
198 266 0
199 377 0
200 307 0
200 346 0
201 310 0
201 430 0
202 225 0
202 269 0
202 347 0
203 469 0
203 493 0
204 370 0
204 390 0
204 467 0
205 208 0
207 306 0
208 326 0
208 410 0
208 436 0
208 499 0
209 482 0
210 279 0
210 470 0
211 374 0
212 291 0
212 313 0
212 374 0
212 457 0
213 216 0
214 296 0
215 231 0
215 301 0
216 362 0
216 364 0
217 360 0
217 376 0
218 293 0
219 313 0
221 482 0
223 246 0
223 342 0
223 348 0
223 358 0
224 360 0
226 392 0
227 376 0
227 490 0
229 477 0
231 335 0
231 353 0
232 384 0
233 476 0
233 482 0
234 238 0
234 427 0
234 438 0
235 354 0
236 313 0
236 388 0
236 479 0
237 456 0
237 484 0
238 255 0
238 332 0
241 271 0
242 327 0
242 347 0
243 314 0
243 337 0
245 407 0
246 376 0
247 299 0
247 387 0
247 422 0
247 431 0
250 360 0
251 293 0
252 319 0
252 354 0
254 372 0
255 272 0
255 393 0
256 311 0
257 317 0
258 275 0
258 421 0
259 425 0
259 452 0
260 293 0
260 348 0
260 404 0
261 422 0
261 427 0
262 345 0
263 285 0
263 475 0
264 478 0
265 294 0
270 459 0
271 352 0
272 348 0
276 416 0
277 325 0
279 292 0
280 411 0
284 298 0
285 348 0
286 317 0
287 442 0
288 393 0
288 455 0
288 479 0
290 479 0
292 356 0
293 320 0
293 357 0
294 321 0
294 496 0
295 407 0
297 473 0
298 329 0
298 371 0
298 477 0
300 421 0
302 409 0
302 422 0
302 488 0
303 306 0
304 333 0
304 366 0
304 386 0
304 463 0
305 451 0
306 385 0
308 428 0
309 372 0
309 428 0
309 486 0
311 313 0
311 320 0
311 487 0
312 461 0
313 376 0
313 420 0
315 354 0
315 404 0
317 469 0
322 414 0
323 337 0
324 372 0
325 442 0
326 332 0
326 373 0
328 342 0
330 360 0
330 492 0
331 442 0
332 396 0
332 422 0
334 424 0
334 453 0
336 337 0
337 385 0
340 412 0
340 494 0
341 400 0
341 401 0
341 458 0
345 385 0
346 397 0
346 474 0
349 427 0
350 373 0
351 382 0
355 370 0
355 383 0
355 424 0
355 472 0
361 437 0
369 382 0
374 419 0
374 466 0
375 392 0
375 469 0
377 397 0
379 461 0
380 404 0
382 396 0
382 435 0
382 489 0
384 464 0
389 411 0
391 494 0
392 451 0
394 406 0
395 428 0
399 459 0
402 490 0
405 420 0
406 485 0
407 417 0
407 471 0
408 425 0
413 470 0
413 478 0
414 443 0
414 463 0
420 444 0
427 479 0
428 500 0
437 440 0
438 490 0
442 481 0
452 463 0
461 463 0
462 492 0
463 478 0
467 494 0
476 477 0
