400 459 0
1 67 0
1 153 0
1 263 0
1 323 0
2 397 0
3 349 0
4 213 0
4 312 0
5 12 0
5 42 0
5 236 0
5 325 0
6 18 0
6 42 0
6 70 0
6 117 0
6 391 0
7 51 0
8 349 0
9 215 0
9 252 0
9 322 0
9 368 0
10 106 0
11 17 0
11 46 0
11 275 0
11 287 0
12 23 0
13 273 0
13 350 0
14 362 0
15 110 0
15 187 0
15 200 0
15 248 0
16 22 0
16 67 0
16 355 0
16 382 0
19 154 0
20 386 0
21 63 0
21 273 0
21 284 0
21 378 0
21 393 0
22 60 0
22 188 0
22 383 0
23 252 0
24 106 0
25 113 0
25 217 0
26 37 0
26 338 0
26 367 0
26 378 0
27 28 0
27 133 0
27 157 0
27 171 0
28 65 0
28 233 0
28 254 0
28 308 0
29 104 0
29 134 0
29 281 0
29 297 0
30 75 0
30 184 0
30 267 0
30 365 0
31 79 0
32 73 0
32 137 0
32 174 0
32 394 0
33 222 0
33 353 0
33 359 0
33 389 0
34 138 0
34 294 0
34 312 0
34 355 0
35 85 0
36 370 0
38 183 0
39 270 0
39 322 0
40 58 0
40 113 0
40 179 0
41 160 0
41 290 0
41 357 0
41 379 0
42 130 0
42 169 0
42 383 0
43 68 0
44 159 0
44 189 0
44 240 0
44 278 0
45 65 0
46 274 0
46 276 0
46 388 0
47 59 0
48 144 0
49 295 0
50 388 0
51 132 0
51 143 0
51 361 0
52 86 0
52 322 0
53 327 0
53 367 0
54 100 0
54 104 0
54 139 0
54 360 0
55 72 0
55 167 0
55 311 0
55 315 0
56 198 0
57 286 0
58 172 0
58 210 0
58 225 0
59 191 0
59 205 0
59 400 0
60 136 0
60 143 0
60 198 0
60 400 0
61 308 0
62 265 0
63 193 0
63 208 0
63 310 0
64 309 0
65 97 0
65 212 0
65 393 0
66 185 0
66 201 0
66 234 0
66 268 0
67 129 0
67 186 0
68 165 0
68 171 0
68 229 0
69 220 0
69 332 0
71 313 0
74 213 0
75 135 0
75 145 0
75 150 0
76 354 0
77 116 0
78 150 0
79 128 0
79 330 0
79 393 0
80 262 0
81 158 0
81 307 0
81 352 0
81 387 0
82 310 0
83 308 0
84 216 0
85 111 0
85 185 0
85 347 0
86 96 0
86 230 0
86 382 0
87 102 0
87 111 0
88 137 0
88 272 0
88 366 0
88 396 0
89 327 0
89 348 0
90 388 0
91 169 0
91 239 0
92 115 0
92 142 0
92 221 0
92 378 0
93 171 0
93 260 0
93 277 0
93 320 0
94 269 0
95 209 0
95 389 0
97 98 0
98 266 0
98 381 0
99 245 0
99 255 0
99 278 0
99 283 0
100 116 0
100 140 0
101 243 0
101 390 0
102 149 0
102 285 0
102 291 0
103 208 0
104 251 0
104 256 0
104 277 0
105 381 0
106 364 0
106 393 0
107 368 0
108 335 0
109 114 0
109 198 0
109 295 0
109 354 0
112 164 0
112 305 0
113 150 0
113 176 0
113 227 0
113 382 0
114 160 0
114 201 0
114 273 0
114 352 0
116 190 0
116 259 0
116 400 0
118 214 0
119 379 0
119 381 0
120 144 0
121 143 0
121 223 0
121 303 0
121 321 0
121 322 0
122 136 0
122 241 0
122 351 0
122 376 0
123 368 0
124 198 0
125 129 0
126 276 0
127 327 0
129 148 0
129 224 0
129 304 0
130 174 0
130 232 0
131 145 0
131 269 0
131 313 0
131 390 0
133 145 0
133 188 0
133 215 0
135 214 0
135 232 0
135 370 0
136 335 0
136 386 0
137 274 0
137 309 0
137 358 0
140 332 0
141 254 0
142 326 0
143 166 0
143 362 0
144 343 0
144 352 0
145 271 0
145 274 0
146 370 0
147 386 0
148 309 0
150 173 0
150 199 0
151 179 0
151 207 0
151 238 0
151 400 0
152 309 0
153 161 0
154 157 0
154 180 0
154 217 0
155 370 0
156 335 0
157 209 0
157 262 0
160 194 0
160 327 0
161 371 0
162 283 0
162 354 0
163 254 0
164 310 0
164 382 0
166 194 0
168 193 0
169 182 0
169 218 0
170 265 0
171 216 0
172 391 0
175 193 0
175 346 0
177 230 0
177 362 0
178 233 0
178 362 0
181 233 0
181 246 0
183 285 0
183 334 0
183 392 0
184 188 0
185 251 0
185 265 0
186 211 0
186 250 0
186 336 0
188 273 0
192 213 0
192 343 0
193 348 0
194 195 0
194 341 0
196 302 0
197 313 0
198 369 0
200 251 0
200 286 0
200 295 0
200 381 0
202 292 0
203 289 0
203 333 0
203 355 0
203 391 0
204 252 0
206 354 0
206 387 0
208 293 0
208 306 0
209 288 0
209 356 0
210 243 0
210 341 0
213 311 0
214 258 0
214 282 0
215 278 0
215 359 0
216 337 0
216 384 0
219 332 0
220 300 0
220 355 0
220 363 0
225 230 0
225 292 0
225 383 0
225 397 0
226 368 0
227 256 0
228 292 0
231 305 0
232 249 0
232 326 0
233 244 0
233 346 0
234 265 0
235 262 0
237 305 0
239 247 0
242 399 0
243 256 0
246 350 0
246 383 0
247 342 0
247 344 0
247 382 0
251 273 0
252 261 0
253 371 0
254 398 0
256 301 0
256 319 0
257 371 0
262 317 0
264 286 0
265 266 0
269 314 0
269 373 0
270 393 0
270 397 0
271 276 0
274 311 0
276 298 0
276 329 0
278 305 0
279 322 0
280 332 0
284 390 0
285 332 0
285 383 0
286 340 0
289 400 0
292 324 0
293 363 0
295 345 0
295 385 0
296 397 0
298 310 0
299 335 0
302 329 0
302 377 0
302 378 0
308 339 0
310 395 0
311 371 0
313 331 0
316 386 0
318 349 0
322 380 0
328 399 0
334 400 0
349 352 0
350 359 0
350 374 0
358 388 0
359 399 0
372 390 0
375 399 0
