450 482 0
1 109 0
1 185 0
1 317 0
1 365 0
2 84 0
2 92 0
2 203 0
2 386 0
3 52 0
3 359 0
4 52 0
5 216 0
5 251 0
5 286 0
5 411 0
5 418 0
6 403 0
7 219 0
8 403 0
9 150 0
10 122 0
10 201 0
10 213 0
10 270 0
11 176 0
11 299 0
11 424 0
11 434 0
12 72 0
12 161 0
12 225 0
12 276 0
13 318 0
14 55 0
15 77 0
15 143 0
15 375 0
15 437 0
16 50 0
17 334 0
18 50 0
19 229 0
19 329 0
20 137 0
20 309 0
21 442 0
22 137 0
22 307 0
22 392 0
22 440 0
23 59 0
23 91 0
23 217 0
23 409 0
24 296 0
25 411 0
25 424 0
26 44 0
26 59 0
26 115 0
26 247 0
26 347 0
27 176 0
27 420 0
28 73 0
28 101 0
28 272 0
28 438 0
29 328 0
30 121 0
30 256 0
30 283 0
30 314 0
31 156 0
32 310 0
32 347 0
32 349 0
32 387 0
33 78 0
33 128 0
33 416 0
33 448 0
34 205 0
34 263 0
34 274 0
34 299 0
35 56 0
35 79 0
35 208 0
35 317 0
36 41 0
36 374 0
36 380 0
36 417 0
37 267 0
38 366 0
39 353 0
40 439 0
41 52 0
41 286 0
41 318 0
42 43 0
43 71 0
43 390 0
43 432 0
44 217 0
44 221 0
44 436 0
45 55 0
46 161 0
46 222 0
47 60 0
47 150 0
47 298 0
47 420 0
48 83 0
49 428 0
50 67 0
50 115 0
51 320 0
52 290 0
53 316 0
54 119 0
55 116 0
55 450 0
57 443 0
58 243 0
59 132 0
59 248 0
60 95 0
60 233 0
60 437 0
61 193 0
61 234 0
61 316 0
61 424 0
62 224 0
62 242 0
62 271 0
62 337 0
63 407 0
64 400 0
65 216 0
66 135 0
68 188 0
69 307 0
70 159 0
72 187 0
72 226 0
72 238 0
74 81 0
75 87 0
75 171 0
75 259 0
75 360 0
75 386 0
76 344 0
80 156 0
81 235 0
81 261 0
81 316 0
82 177 0
83 184 0
83 304 0
83 347 0
85 140 0
86 95 0
86 218 0
86 225 0
86 338 0
87 156 0
87 333 0
87 436 0
88 391 0
89 276 0
90 159 0
93 211 0
94 442 0
95 202 0
95 333 0
96 320 0
97 138 0
97 173 0
97 225 0
97 257 0
98 280 0
99 274 0
100 254 0
100 312 0
100 368 0
100 450 0
101 112 0
101 188 0
101 202 0
102 353 0
103 196 0
104 198 0
104 241 0
105 296 0
106 268 0
107 280 0
108 137 0
108 287 0
110 355 0
111 449 0
112 138 0
112 149 0
112 378 0
112 408 0
113 304 0
113 400 0
114 391 0
115 294 0
115 396 0
117 229 0
118 221 0
119 164 0
119 264 0
119 284 0
120 194 0
120 219 0
123 396 0
124 344 0
125 443 0
126 211 0
127 248 0
129 150 0
130 137 0
130 330 0
131 205 0
132 363 0
132 431 0
132 433 0
133 227 0
134 173 0
135 195 0
135 207 0
135 317 0
136 411 0
137 194 0
138 214 0
138 288 0
138 410 0
139 391 0
140 240 0
140 367 0
140 397 0
141 329 0
142 216 0
144 243 0
145 159 0
146 316 0
146 338 0
146 407 0
146 449 0
147 345 0
148 355 0
150 224 0
150 435 0
151 173 0
152 179 0
153 223 0
153 241 0
153 335 0
153 379 0
154 268 0
155 222 0
155 298 0
156 215 0
157 203 0
157 245 0
157 303 0
157 335 0
158 289 0
159 446 0
160 229 0
161 327 0
161 388 0
162 257 0
163 274 0
165 423 0
166 318 0
167 257 0
168 371 0
169 371 0
170 177 0
172 219 0
173 262 0
174 293 0
174 415 0
175 311 0
175 387 0
176 397 0
176 402 0
176 430 0
177 256 0
177 258 0
178 396 0
179 277 0
179 367 0
179 382 0
180 407 0
181 229 0
182 355 0
183 307 0
186 263 0
188 393 0
188 414 0
189 424 0
190 399 0
191 354 0
192 428 0
196 300 0
196 359 0
196 389 0
197 267 0
198 203 0
198 230 0
198 356 0
199 395 0
200 366 0
202 275 0
202 450 0
203 328 0
204 420 0
205 232 0
205 265 0
206 395 0
209 442 0
210 242 0
210 328 0
211 212 0
211 337 0
213 296 0
213 338 0
213 391 0
216 282 0
218 247 0
218 303 0
219 275 0
220 276 0
221 231 0
221 237 0
221 331 0
222 403 0
225 448 0
227 275 0
227 278 0
227 445 0
228 311 0
229 437 0
230 319 0
233 267 0
233 268 0
233 443 0
236 423 0
239 251 0
243 319 0
243 437 0
244 248 0
245 353 0
245 361 0
245 422 0
246 422 0
247 286 0
247 341 0
248 305 0
249 294 0
250 396 0
251 421 0
251 444 0
252 268 0
253 257 0
253 400 0
255 334 0
256 333 0
256 399 0
257 404 0
260 344 0
260 426 0
263 293 0
263 426 0
264 309 0
264 440 0
264 442 0
266 289 0
267 370 0
269 392 0
273 294 0
274 285 0
275 400 0
276 291 0
276 372 0
279 449 0
280 394 0
280 432 0
281 296 0
286 309 0
286 337 0
287 345 0
289 347 0
289 384 0
292 449 0
294 447 0
295 298 0
297 329 0
298 418 0
299 303 0
299 406 0
301 428 0
302 420 0
303 440 0
306 330 0
306 348 0
306 406 0
306 441 0
307 405 0
308 343 0
308 411 0
309 339 0
309 419 0
311 321 0
311 446 0
313 399 0
315 424 0
317 333 0
318 369 0
320 325 0
320 448 0
322 329 0
322 334 0
323 353 0
324 423 0
326 407 0
328 385 0
329 406 0
330 349 0
331 341 0
331 371 0
331 428 0
332 366 0
334 450 0
335 344 0
335 403 0
336 422 0
337 354 0
338 446 0
340 439 0
341 359 0
341 367 0
342 439 0
343 436 0
345 362 0
345 448 0
346 392 0
350 434 0
351 354 0
352 411 0
354 372 0
355 446 0
357 434 0
358 415 0
359 366 0
359 395 0
361 413 0
361 425 0
361 429 0
364 395 0
367 415 0
371 398 0
373 434 0
376 422 0
377 415 0
381 436 0
383 420 0
392 401 0
399 412 0
402 430 0
406 439 0
423 432 0
427 443 0
432 440 0
