700 861 0
1 146 0
1 269 0
1 444 0
1 685 0
2 363 0
3 308 0
3 389 0
3 596 0
3 600 0
3 633 0
4 324 0
5 259 0
5 394 0
5 443 0
6 697 0
7 321 0
7 362 0
7 524 0
7 530 0
8 56 0
9 84 0
10 271 0
10 300 0
10 328 0
10 407 0
10 415 0
11 470 0
12 489 0
13 46 0
14 235 0
15 188 0
16 473 0
17 39 0
17 410 0
17 478 0
17 584 0
17 689 0
18 36 0
19 248 0
20 266 0
21 101 0
21 164 0
21 281 0
21 447 0
22 277 0
22 281 0
22 375 0
23 151 0
23 178 0
23 307 0
23 543 0
24 539 0
25 261 0
25 309 0
25 331 0
25 672 0
26 452 0
27 586 0
28 86 0
28 138 0
28 301 0
28 328 0
28 603 0
29 202 0
29 219 0
29 367 0
29 377 0
29 452 0
30 39 0
30 326 0
30 550 0
31 177 0
31 356 0
31 375 0
31 554 0
32 167 0
32 305 0
32 631 0
33 213 0
34 376 0
35 476 0
36 257 0
36 485 0
36 600 0
37 537 0
38 449 0
39 521 0
39 627 0
39 654 0
40 101 0
40 156 0
40 683 0
41 218 0
41 282 0
41 289 0
42 49 0
42 314 0
42 381 0
42 525 0
43 289 0
44 88 0
44 375 0
44 396 0
44 459 0
45 368 0
46 72 0
46 85 0
46 143 0
47 93 0
47 225 0
47 533 0
48 284 0
48 455 0
48 469 0
48 554 0
49 251 0
49 324 0
50 582 0
51 299 0
52 670 0
53 447 0
54 103 0
54 167 0
54 248 0
54 428 0
54 690 0
55 76 0
56 83 0
56 194 0
56 244 0
57 640 0
58 164 0
59 542 0
60 83 0
60 226 0
60 258 0
60 267 0
60 565 0
61 561 0
62 84 0
62 96 0
62 396 0
62 407 0
62 506 0
62 599 0
63 96 0
64 66 0
64 309 0
64 347 0
64 547 0
64 599 0
65 135 0
65 349 0
65 374 0
67 476 0
68 94 0
68 159 0
68 166 0
68 574 0
69 700 0
70 341 0
71 621 0
73 460 0
74 114 0
74 639 0
74 642 0
75 289 0
75 367 0
75 578 0
75 618 0
76 304 0
76 546 0
76 570 0
76 681 0
77 104 0
77 273 0
77 582 0
78 145 0
78 330 0
78 475 0
78 665 0
79 142 0
79 364 0
79 390 0
79 647 0
80 127 0
81 443 0
82 114 0
82 127 0
82 459 0
83 476 0
83 615 0
84 220 0
84 236 0
84 407 0
84 434 0
85 100 0
85 140 0
85 396 0
85 432 0
86 438 0
86 452 0
87 663 0
88 218 0
88 314 0
88 378 0
88 516 0
88 587 0
89 575 0
90 608 0
91 135 0
92 519 0
93 153 0
93 336 0
93 350 0
93 430 0
93 451 0
94 419 0
94 439 0
95 696 0
96 172 0
96 540 0
96 632 0
97 561 0
98 338 0
99 152 0
100 439 0
100 642 0
101 204 0
101 295 0
101 532 0
101 555 0
102 127 0
103 325 0
103 552 0
103 686 0
104 351 0
104 420 0
104 434 0
104 554 0
104 681 0
105 473 0
106 201 0
106 232 0
106 275 0
106 435 0
107 613 0
108 277 0
109 645 0
110 341 0
111 594 0
112 164 0
113 490 0
114 193 0
114 355 0
114 400 0
114 406 0
114 630 0
115 240 0
115 259 0
115 518 0
115 607 0
116 273 0
117 541 0
118 341 0
118 367 0
118 470 0
118 569 0
118 575 0
119 697 0
120 204 0
120 234 0
120 489 0
121 368 0
122 573 0
123 306 0
123 341 0
123 429 0
124 689 0
125 574 0
126 573 0
127 390 0
127 406 0
127 611 0
128 490 0
129 536 0
130 160 0
131 177 0
131 258 0
131 300 0
131 444 0
131 556 0
131 563 0
132 247 0
132 340 0
132 647 0
132 666 0
133 134 0
133 169 0
133 641 0
133 681 0
135 149 0
135 180 0
136 542 0
137 443 0
139 174 0
139 349 0
139 367 0
139 432 0
140 200 0
140 465 0
140 637 0
141 306 0
142 367 0
142 375 0
142 480 0
142 491 0
144 449 0
147 208 0
148 487 0
150 205 0
151 246 0
151 321 0
151 512 0
151 569 0
152 528 0
152 657 0
152 690 0
153 494 0
153 615 0
154 377 0
155 417 0
156 310 0
156 416 0
156 600 0
157 439 0
157 499 0
157 541 0
158 380 0
159 384 0
159 426 0
159 630 0
160 330 0
160 399 0
160 619 0
160 682 0
161 238 0
162 202 0
163 165 0
163 311 0
163 359 0
163 471 0
163 660 0
164 567 0
166 259 0
166 339 0
166 435 0
166 451 0
166 508 0
166 555 0
167 211 0
167 311 0
167 692 0
168 437 0
169 246 0
169 399 0
169 697 0
170 398 0
170 556 0
170 671 0
170 677 0
171 460 0
172 221 0
172 248 0
172 356 0
172 683 0
173 324 0
174 402 0
174 447 0
175 689 0
176 266 0
177 544 0
177 555 0
178 464 0
178 612 0
178 679 0
179 429 0
180 198 0
180 418 0
180 490 0
180 615 0
181 305 0
182 618 0
183 644 0
184 523 0
185 472 0
185 535 0
185 587 0
185 680 0
186 542 0
187 432 0
188 284 0
188 372 0
188 415 0
188 548 0
189 338 0
190 363 0
191 196 0
192 424 0
192 489 0
192 544 0
192 621 0
195 543 0
196 365 0
196 532 0
196 563 0
197 487 0
198 385 0
198 414 0
198 453 0
199 425 0
199 497 0
199 653 0
200 358 0
200 470 0
202 275 0
202 412 0
202 458 0
202 620 0
203 346 0
204 338 0
204 550 0
204 631 0
205 374 0
205 378 0
205 495 0
206 368 0
206 529 0
206 586 0
206 588 0
207 433 0
208 339 0
208 353 0
208 401 0
209 393 0
210 307 0
212 225 0
213 390 0
213 441 0
213 584 0
213 602 0
214 433 0
215 306 0
216 470 0
217 235 0
218 266 0
218 421 0
218 460 0
218 632 0
219 305 0
219 447 0
219 653 0
220 587 0
220 618 0
220 644 0
221 286 0
221 376 0
222 229 0
223 450 0
224 583 0
225 234 0
225 505 0
227 358 0
228 383 0
228 390 0
228 622 0
228 699 0
229 455 0
229 508 0
229 698 0
230 393 0
231 421 0
232 375 0
232 447 0
233 394 0
234 252 0
234 529 0
234 561 0
235 502 0
235 598 0
235 620 0
236 447 0
236 582 0
237 283 0
238 318 0
238 362 0
238 406 0
238 469 0
239 420 0
239 451 0
239 491 0
239 609 0
241 588 0
242 288 0
242 327 0
242 380 0
243 271 0
245 688 0
246 264 0
246 433 0
246 644 0
248 272 0
248 438 0
249 437 0
250 543 0
251 276 0
251 350 0
251 424 0
252 296 0
252 357 0
252 669 0
253 541 0
254 271 0
255 283 0
256 293 0
258 594 0
259 417 0
259 542 0
260 368 0
262 506 0
263 349 0
264 382 0
264 391 0
264 403 0
264 456 0
265 421 0
266 650 0
268 320 0
270 452 0
271 571 0
273 360 0
273 576 0
273 681 0
274 608 0
275 396 0
276 446 0
276 483 0
276 598 0
276 684 0
277 422 0
277 614 0
277 636 0
278 279 0
278 392 0
278 479 0
278 647 0
280 346 0
281 287 0
281 419 0
281 579 0
281 619 0
282 292 0
282 317 0
282 364 0
283 577 0
283 660 0
284 394 0
284 425 0
285 694 0
286 333 0
286 533 0
286 675 0
288 361 0
288 373 0
288 468 0
289 510 0
289 649 0
290 694 0
291 700 0
292 346 0
292 543 0
293 321 0
293 413 0
293 534 0
294 432 0
295 362 0
295 417 0
295 615 0
297 578 0
298 417 0
299 361 0
299 366 0
299 482 0
300 350 0
300 582 0
302 537 0
303 450 0
305 311 0
305 411 0
305 516 0
306 332 0
306 533 0
306 653 0
307 493 0
307 504 0
308 342 0
308 621 0
309 487 0
309 615 0
312 543 0
313 631 0
314 449 0
314 663 0
315 670 0
316 487 0
319 514 0
320 348 0
320 386 0
320 598 0
321 376 0
322 574 0
323 499 0
324 630 0
324 634 0
326 350 0
326 466 0
326 526 0
326 662 0
327 338 0
327 600 0
327 630 0
328 450 0
328 464 0
329 697 0
330 396 0
330 439 0
334 592 0
335 394 0
337 575 0
339 536 0
339 562 0
341 597 0
342 351 0
342 405 0
342 511 0
343 519 0
344 429 0
345 537 0
346 356 0
346 657 0
349 408 0
349 463 0
350 514 0
350 525 0
351 415 0
351 497 0
351 700 0
352 410 0
354 452 0
355 542 0
355 621 0
358 420 0
358 431 0
358 527 0
361 478 0
361 612 0
361 642 0
363 605 0
363 657 0
364 611 0
364 683 0
364 692 0
364 697 0
369 594 0
370 506 0
371 514 0
373 494 0
373 497 0
374 413 0
374 494 0
374 499 0
374 529 0
375 512 0
376 492 0
376 589 0
376 692 0
377 625 0
377 646 0
378 402 0
379 688 0
380 435 0
380 486 0
380 638 0
387 523 0
388 562 0
390 434 0
393 469 0
393 551 0
394 488 0
395 561 0
396 580 0
397 439 0
399 649 0
402 454 0
402 572 0
402 619 0
404 644 0
408 480 0
408 688 0
408 694 0
409 557 0
410 442 0
410 601 0
413 443 0
417 546 0
418 499 0
418 573 0
418 612 0
419 598 0
419 639 0
420 639 0
421 590 0
423 550 0
424 616 0
424 687 0
425 585 0
425 678 0
425 691 0
427 683 0
428 535 0
428 555 0
428 571 0
428 572 0
429 603 0
429 611 0
432 436 0
433 584 0
435 437 0
437 623 0
437 659 0
438 544 0
438 630 0
439 513 0
440 447 0
443 532 0
444 640 0
444 670 0
445 663 0
447 553 0
448 572 0
448 575 0
448 689 0
449 604 0
450 535 0
450 632 0
455 613 0
455 645 0
456 593 0
456 683 0
457 473 0
459 598 0
459 603 0
459 614 0
460 626 0
461 539 0
462 574 0
464 642 0
467 670 0
469 592 0
470 610 0
473 556 0
474 582 0
476 477 0
476 525 0
478 512 0
478 533 0
480 630 0
480 657 0
481 593 0
484 631 0
487 623 0
489 654 0
490 629 0
491 683 0
494 564 0
494 595 0
494 652 0
496 586 0
497 517 0
497 559 0
498 696 0
499 653 0
500 550 0
501 592 0
503 613 0
506 599 0
506 690 0
507 583 0
508 613 0
508 649 0
509 645 0
512 529 0
514 655 0
515 688 0
516 537 0
516 608 0
519 532 0
519 674 0
520 689 0
522 536 0
523 556 0
523 651 0
531 613 0
533 539 0
535 541 0
536 566 0
538 541 0
539 606 0
544 600 0
544 660 0
545 640 0
546 640 0
549 578 0
550 628 0
554 615 0
556 649 0
557 660 0
557 667 0
557 693 0
558 562 0
560 583 0
562 635 0
563 631 0
568 645 0
569 588 0
571 578 0
572 573 0
572 593 0
574 614 0
578 676 0
580 586 0
580 594 0
581 700 0
583 647 0
588 661 0
591 621 0
592 617 0
593 648 0
593 695 0
594 603 0
594 654 0
608 656 0
614 696 0
618 643 0
620 696 0
623 644 0
624 639 0
639 673 0
642 664 0
658 694 0
663 668 0
