1000 1047 0
1 85 0
2 895 0
3 79 0
4 406 0
5 743 0
6 877 0
7 330 0
8 628 0
9 232 0
9 340 0
9 506 0
9 597 0
10 30 0
10 495 0
10 701 0
10 810 0
11 324 0
11 636 0
11 684 0
11 826 0
12 290 0
12 400 0
12 437 0
12 470 0
13 983 0
14 426 0
15 95 0
15 203 0
15 790 0
15 949 0
16 205 0
17 857 0
18 240 0
18 275 0
18 631 0
18 664 0
19 420 0
20 53 0
20 113 0
20 478 0
20 842 0
21 559 0
22 266 0
22 628 0
22 897 0
22 938 0
23 419 0
24 813 0
25 996 0
26 883 0
27 67 0
27 191 0
27 261 0
27 286 0
27 548 0
27 738 0
28 861 0
29 78 0
31 217 0
31 353 0
31 491 0
31 958 0
32 293 0
33 139 0
33 415 0
33 472 0
34 48 0
34 119 0
34 391 0
34 515 0
35 87 0
35 197 0
35 635 0
35 642 0
35 669 0
36 327 0
37 742 0
38 153 0
38 326 0
38 369 0
38 937 0
39 70 0
40 953 0
41 157 0
42 163 0
42 209 0
42 233 0
42 604 0
43 924 0
44 73 0
45 857 0
46 938 0
47 379 0
48 284 0
48 778 0
49 514 0
49 709 0
49 913 0
49 972 0
50 160 0
50 176 0
50 983 0
50 987 0
51 122 0
52 164 0
52 255 0
52 310 0
52 609 0
53 507 0
53 706 0
53 728 0
54 222 0
54 467 0
54 484 0
54 625 0
55 134 0
55 681 0
55 903 0
55 952 0
56 411 0
57 707 0
58 795 0
59 283 0
59 551 0
59 649 0
59 836 0
60 736 0
61 456 0
61 471 0
61 498 0
61 648 0
62 961 0
63 739 0
64 90 0
64 102 0
64 991 0
64 996 0
65 77 0
66 794 0
67 125 0
67 298 0
67 364 0
68 187 0
69 351 0
70 404 0
70 451 0
70 868 0
71 290 0
72 792 0
73 562 0
73 797 0
73 863 0
73 911 0
74 387 0
74 391 0
74 424 0
74 669 0
75 157 0
75 211 0
75 812 0
75 840 0
76 559 0
77 133 0
77 206 0
77 439 0
78 536 0
78 785 0
78 926 0
79 199 0
79 808 0
79 819 0
80 710 0
81 877 0
82 478 0
83 251 0
84 587 0
85 237 0
85 481 0
85 906 0
86 123 0
86 536 0
86 685 0
86 835 0
88 225 0
88 729 0
88 793 0
88 958 0
89 259 0
89 376 0
89 396 0
89 998 0
90 315 0
90 339 0
90 700 0
90 900 0
91 487 0
92 193 0
92 326 0
92 588 0
92 809 0
93 290 0
94 321 0
96 117 0
97 840 0
98 311 0
99 396 0
100 275 0
100 540 0
100 671 0
100 817 0
101 467 0
102 542 0
102 771 0
102 825 0
103 442 0
104 834 0
105 742 0
106 210 0
107 964 0
108 987 0
109 320 0
110 265 0
110 470 0
110 605 0
110 948 0
111 113 0
112 293 0
113 675 0
113 841 0
114 242 0
115 274 0
116 259 0
116 379 0
116 555 0
116 721 0
117 125 0
117 198 0
117 592 0
118 879 0
119 166 0
119 266 0
119 780 0
120 640 0
120 745 0
120 902 0
120 989 0
121 852 0
122 125 0
122 254 0
122 916 0
124 496 0
124 767 0
124 895 0
124 975 0
125 792 0
126 843 0
127 786 0
128 633 0
129 415 0
130 794 0
131 442 0
132 293 0
135 777 0
136 157 0
137 800 0
138 464 0
139 209 0
139 372 0
139 673 0
139 917 0
140 148 0
140 597 0
140 870 0
140 940 0
141 168 0
141 298 0
141 302 0
141 349 0
142 314 0
143 667 0
144 777 0
145 395 0
146 683 0
146 692 0
146 751 0
146 970 0
147 767 0
149 190 0
149 571 0
149 670 0
149 709 0
150 734 0
151 890 0
152 555 0
152 717 0
152 724 0
154 545 0
155 330 0
156 324 0
156 417 0
156 440 0
157 486 0
158 487 0
159 274 0
159 311 0
159 401 0
159 779 0
160 389 0
160 490 0
160 697 0
161 484 0
162 656 0
164 395 0
164 564 0
164 746 0
165 248 0
165 440 0
165 472 0
165 831 0
166 294 0
166 583 0
166 848 0
167 993 0
169 915 0
170 827 0
171 877 0
172 219 0
172 235 0
172 329 0
172 581 0
173 882 0
174 376 0
175 963 0
176 461 0
176 535 0
176 980 0
177 417 0
178 776 0
179 246 0
179 427 0
179 526 0
179 886 0
180 924 0
181 258 0
182 503 0
183 437 0
184 489 0
184 638 0
184 953 0
184 978 0
185 535 0
185 649 0
185 714 0
185 761 0
186 624 0
187 276 0
187 920 0
187 933 0
188 550 0
189 953 0
191 241 0
191 307 0
191 601 0
192 259 0
192 438 0
192 633 0
192 800 0
194 483 0
195 872 0
196 882 0
199 549 0
199 554 0
199 828 0
200 812 0
201 824 0
202 677 0
204 623 0
205 508 0
205 662 0
205 850 0
206 222 0
206 882 0
206 936 0
207 620 0
207 641 0
207 791 0
207 871 0
208 321 0
209 724 0
209 739 0
210 600 0
210 622 0
210 930 0
211 456 0
211 672 0
211 985 0
212 857 0
213 556 0
214 216 0
214 534 0
214 572 0
214 823 0
215 617 0
218 725 0
220 236 0
221 248 0
222 237 0
222 391 0
222 900 0
223 252 0
224 421 0
224 773 0
224 945 0
224 977 0
226 284 0
226 854 0
226 862 0
226 945 0
227 559 0
227 666 0
227 795 0
227 831 0
228 801 0
229 625 0
230 812 0
231 333 0
233 742 0
233 983 0
234 555 0
235 266 0
235 776 0
235 993 0
236 240 0
236 747 0
236 844 0
236 935 0
237 293 0
237 556 0
238 861 0
239 556 0
240 483 0
240 606 0
240 898 0
242 257 0
242 711 0
242 761 0
243 472 0
244 874 0
245 642 0
245 823 0
245 875 0
245 894 0
247 714 0
247 731 0
247 849 0
247 866 0
248 431 0
248 504 0
249 786 0
250 464 0
250 559 0
250 883 0
251 533 0
251 747 0
251 751 0
252 398 0
252 903 0
252 905 0
253 406 0
256 499 0
258 525 0
258 529 0
258 989 0
259 517 0
260 548 0
261 754 0
261 998 0
262 358 0
263 292 0
264 555 0
265 426 0
265 520 0
265 780 0
266 531 0
267 964 0
268 748 0
269 463 0
270 633 0
271 550 0
272 277 0
273 311 0
274 402 0
274 932 0
275 512 0
275 586 0
277 453 0
277 671 0
277 708 0
277 887 0
278 690 0
279 545 0
280 804 0
281 463 0
282 292 0
284 364 0
284 517 0
284 671 0
285 400 0
286 738 0
286 879 0
287 480 0
288 943 0
289 910 0
290 598 0
290 933 0
291 395 0
292 368 0
292 509 0
292 701 0
294 743 0
294 883 0
294 976 0
295 738 0
296 465 0
296 662 0
296 733 0
296 995 0
297 710 0
298 476 0
298 765 0
299 897 0
300 874 0
301 690 0
303 330 0
303 720 0
303 852 0
303 880 0
304 718 0
305 924 0
306 890 0
307 611 0
307 963 0
308 316 0
309 554 0
311 645 0
311 982 0
312 718 0
313 316 0
314 453 0
314 558 0
314 947 0
316 450 0
316 669 0
317 624 0
318 978 0
319 765 0
320 387 0
320 678 0
320 892 0
321 562 0
321 579 0
321 761 0
322 796 0
323 332 0
323 403 0
323 603 0
323 949 0
324 834 0
324 842 0
324 943 0
325 638 0
326 336 0
326 354 0
327 469 0
327 488 0
327 649 0
328 954 0
330 418 0
331 796 0
333 337 0
333 352 0
333 818 0
334 736 0
335 766 0
336 344 0
336 459 0
336 815 0
338 998 0
341 915 0
342 554 0
343 998 0
345 976 0
346 618 0
347 767 0
348 501 0
348 536 0
348 644 0
348 957 0
350 468 0
350 582 0
350 876 0
350 900 0
351 423 0
351 787 0
351 862 0
354 422 0
354 517 0
354 701 0
355 378 0
356 824 0
357 629 0
358 461 0
358 679 0
358 784 0
359 953 0
360 829 0
361 378 0
362 455 0
362 509 0
362 797 0
362 868 0
362 985 0
363 734 0
364 744 0
364 779 0
365 738 0
366 638 0
367 458 0
370 680 0
371 710 0
372 499 0
372 918 0
373 964 0
374 796 0
375 738 0
376 516 0
376 822 0
377 879 0
378 414 0
378 461 0
379 885 0
379 974 0
380 412 0
381 487 0
382 608 0
382 798 0
382 818 0
382 959 0
383 834 0
384 458 0
385 432 0
385 647 0
385 695 0
385 714 0
386 712 0
387 406 0
387 487 0
388 943 0
390 520 0
391 489 0
392 800 0
393 944 0
394 639 0
395 634 0
396 457 0
396 923 0
397 962 0
399 555 0
400 688 0
400 693 0
400 989 0
401 413 0
401 433 0
401 939 0
404 535 0
404 766 0
405 944 0
406 610 0
407 690 0
408 861 0
409 483 0
410 795 0
411 672 0
411 889 0
411 941 0
412 560 0
412 649 0
412 878 0
415 575 0
415 768 0
415 980 0
416 721 0
417 510 0
417 864 0
419 510 0
419 888 0
419 966 0
420 494 0
420 698 0
420 791 0
422 617 0
422 629 0
422 748 0
424 732 0
424 755 0
424 827 0
424 898 0
425 976 0
426 979 0
426 1000 0
428 834 0
429 954 0
430 712 0
434 440 0
435 611 0
436 478 0
437 662 0
437 816 0
438 612 0
438 789 0
438 845 0
440 593 0
440 981 0
441 652 0
442 446 0
442 631 0
443 978 0
444 781 0
445 476 0
447 625 0
448 652 0
449 896 0
452 656 0
453 689 0
453 746 0
454 480 0
455 707 0
455 944 0
455 954 0
455 992 0
456 777 0
456 833 0
458 524 0
458 553 0
460 910 0
461 766 0
462 677 0
463 848 0
463 997 0
464 630 0
464 761 0
466 883 0
467 616 0
467 663 0
470 714 0
472 573 0
473 804 0
474 484 0
475 976 0
476 753 0
476 912 0
477 755 0
478 908 0
479 827 0
480 791 0
480 799 0
482 594 0
482 842 0
482 872 0
483 568 0
484 657 0
485 569 0
485 619 0
485 848 0
485 928 0
489 958 0
489 989 0
492 694 0
492 704 0
492 750 0
492 862 0
493 961 0
494 556 0
494 606 0
496 594 0
496 823 0
496 985 0
497 766 0
499 519 0
499 631 0
499 922 0
500 993 0
502 666 0
503 561 0
503 760 0
503 823 0
505 549 0
509 606 0
510 801 0
510 831 0
511 721 0
512 528 0
512 659 0
512 665 0
513 830 0
515 724 0
515 746 0
515 828 0
517 880 0
518 993 0
520 687 0
520 757 0
521 962 0
522 961 0
523 765 0
526 587 0
526 779 0
526 781 0
527 833 0
530 987 0
531 611 0
531 623 0
531 962 0
532 618 0
535 778 0
535 842 0
536 828 0
537 548 0
538 586 0
539 936 0
541 987 0
543 813 0
544 628 0
545 594 0
545 626 0
546 833 0
547 720 0
548 846 0
549 867 0
549 907 0
550 594 0
550 716 0
552 829 0
553 744 0
553 786 0
553 964 0
554 881 0
556 805 0
557 896 0
559 562 0
563 786 0
564 607 0
564 769 0
564 803 0
565 975 0
566 720 0
567 840 0
570 955 0
574 975 0
576 718 0
577 666 0
578 915 0
580 625 0
582 656 0
582 690 0
582 744 0
583 804 0
583 877 0
583 918 0
584 623 0
585 978 0
586 811 0
586 984 0
587 782 0
587 806 0
587 908 0
589 767 0
590 936 0
591 975 0
594 639 0
595 754 0
596 897 0
597 680 0
597 780 0
599 611 0
602 618 0
606 691 0
606 762 0
611 934 0
613 617 0
614 827 0
615 794 0
617 891 0
618 797 0
621 812 0
623 783 0
624 637 0
624 818 0
625 992 0
627 680 0
628 715 0
629 735 0
629 931 0
631 794 0
632 781 0
633 994 0
638 668 0
639 838 0
639 971 0
642 991 0
643 813 0
646 830 0
650 897 0
651 743 0
652 669 0
652 968 0
653 739 0
654 883 0
655 843 0
656 851 0
658 944 0
660 829 0
661 766 0
662 744 0
664 778 0
664 831 0
664 991 0
666 719 0
667 730 0
667 904 0
667 929 0
669 747 0
672 710 0
672 924 0
674 830 0
676 847 0
676 858 0
676 898 0
676 930 0
677 980 0
677 988 0
680 821 0
682 938 0
686 955 0
689 802 0
689 820 0
689 899 0
696 882 0
699 736 0
701 734 0
702 717 0
703 833 0
705 983 0
707 722 0
707 855 0
709 724 0
709 843 0
712 933 0
712 946 0
713 801 0
714 736 0
717 749 0
717 980 0
718 730 0
720 759 0
721 814 0
723 910 0
724 903 0
725 772 0
725 930 0
725 973 0
726 781 0
727 874 0
730 828 0
730 874 0
732 775 0
732 869 0
732 982 0
734 956 0
737 852 0
739 764 0
739 908 0
740 792 0
741 748 0
742 751 0
742 969 0
743 893 0
746 791 0
748 752 0
751 842 0
754 756 0
754 848 0
754 986 0
755 837 0
755 992 0
758 765 0
763 996 0
770 824 0
774 943 0
776 951 0
776 967 0
777 914 0
778 985 0
779 930 0
780 933 0
788 918 0
792 950 0
795 921 0
796 963 0
797 961 0
800 865 0
801 999 0
804 873 0
807 872 0
813 945 0
818 991 0
824 958 0
829 868 0
830 868 0
832 840 0
839 954 0
843 860 0
852 919 0
853 983 0
854 857 0
854 896 0
854 910 0
856 896 0
859 938 0
861 945 0
862 955 0
872 903 0
879 949 0
880 890 0
880 963 0
884 996 0
890 925 0
895 927 0
895 942 0
901 955 0
909 918 0
915 963 0
918 960 0
936 990 0
949 991 0
962 965 0
982 996 0
