400 459 0
1 26 0
1 397 0
2 31 0
2 149 0
3 53 0
3 179 0
4 204 0
5 128 0
6 25 0
6 206 0
6 233 0
6 250 0
6 327 0
7 209 0
8 20 0
8 146 0
8 208 0
8 396 0
9 189 0
10 62 0
11 62 0
11 183 0
11 281 0
11 321 0
12 112 0
12 178 0
12 182 0
12 297 0
12 334 0
12 352 0
13 28 0
13 269 0
13 307 0
13 348 0
14 295 0
15 71 0
16 18 0
17 176 0
17 237 0
18 125 0
18 287 0
18 391 0
19 67 0
20 251 0
20 323 0
20 356 0
21 223 0
21 287 0
22 298 0
23 42 0
24 32 0
25 73 0
25 151 0
25 295 0
25 298 0
26 134 0
26 184 0
26 299 0
27 292 0
28 43 0
28 156 0
28 177 0
28 310 0
29 392 0
30 141 0
31 121 0
32 132 0
32 238 0
32 340 0
33 72 0
34 36 0
35 79 0
35 175 0
35 192 0
35 287 0
36 279 0
36 317 0
36 359 0
37 181 0
38 254 0
39 107 0
40 107 0
40 216 0
41 73 0
41 237 0
41 270 0
41 390 0
42 81 0
42 102 0
42 160 0
42 221 0
42 353 0
43 185 0
43 221 0
43 243 0
43 271 0
44 133 0
44 262 0
44 289 0
44 388 0
45 141 0
45 339 0
46 62 0
47 161 0
47 253 0
48 278 0
49 128 0
50 390 0
51 94 0
51 200 0
51 294 0
51 328 0
52 71 0
53 63 0
53 111 0
53 218 0
54 324 0
54 392 0
55 100 0
56 121 0
57 292 0
58 71 0
58 77 0
58 80 0
58 150 0
58 378 0
59 270 0
59 317 0
60 203 0
61 331 0
62 216 0
64 204 0
65 90 0
65 157 0
65 265 0
65 357 0
66 274 0
67 117 0
67 185 0
67 224 0
68 213 0
68 288 0
68 292 0
68 370 0
69 266 0
70 339 0
71 114 0
71 330 0
72 218 0
72 333 0
72 366 0
73 132 0
73 221 0
74 349 0
75 231 0
75 249 0
76 231 0
78 189 0
80 109 0
80 118 0
80 202 0
82 91 0
83 270 0
84 230 0
85 353 0
85 384 0
86 100 0
87 254 0
88 181 0
88 187 0
89 138 0
89 139 0
89 271 0
89 312 0
89 362 0
91 97 0
91 286 0
91 312 0
92 241 0
92 244 0
92 255 0
92 388 0
93 244 0
93 303 0
94 143 0
94 308 0
94 350 0
95 245 0
96 186 0
96 195 0
96 365 0
96 396 0
98 203 0
99 106 0
99 188 0
100 152 0
100 261 0
101 234 0
102 149 0
102 195 0
102 204 0
102 257 0
103 231 0
104 308 0
105 177 0
105 244 0
106 109 0
107 158 0
107 352 0
108 143 0
108 161 0
108 199 0
108 386 0
109 122 0
109 132 0
109 296 0
110 297 0
111 359 0
111 389 0
112 188 0
112 197 0
112 361 0
113 321 0
114 143 0
114 266 0
114 278 0
115 217 0
116 157 0
116 202 0
116 213 0
116 241 0
116 334 0
117 168 0
118 137 0
118 193 0
118 205 0
119 292 0
119 378 0
120 257 0
121 212 0
121 394 0
123 203 0
124 346 0
126 331 0
127 265 0
127 350 0
128 134 0
128 163 0
129 246 0
130 209 0
131 361 0
132 297 0
132 346 0
134 230 0
134 365 0
135 188 0
136 331 0
140 156 0
141 314 0
141 332 0
141 388 0
142 212 0
142 361 0
143 161 0
143 221 0
144 386 0
145 389 0
146 210 0
146 264 0
146 336 0
147 351 0
148 266 0
149 235 0
149 393 0
151 168 0
151 305 0
151 363 0
152 323 0
153 397 0
154 234 0
155 165 0
155 187 0
155 215 0
155 257 0
155 301 0
156 310 0
156 380 0
157 217 0
157 246 0
159 384 0
160 195 0
160 245 0
160 274 0
160 366 0
161 284 0
161 293 0
162 232 0
164 230 0
166 197 0
167 223 0
169 173 0
169 185 0
169 285 0
169 372 0
170 217 0
171 208 0
171 231 0
171 396 0
172 344 0
174 288 0
174 316 0
176 287 0
176 291 0
176 307 0
176 325 0
177 252 0
177 345 0
178 232 0
179 199 0
180 303 0
181 250 0
181 256 0
182 203 0
182 234 0
182 384 0
183 276 0
183 342 0
183 400 0
184 332 0
185 389 0
186 221 0
186 334 0
188 347 0
189 243 0
189 267 0
190 321 0
191 389 0
194 315 0
195 312 0
196 274 0
197 313 0
197 358 0
198 297 0
199 335 0
199 338 0
201 266 0
202 344 0
202 392 0
204 290 0
207 321 0
208 268 0
208 277 0
209 261 0
209 283 0
211 382 0
212 213 0
212 231 0
212 331 0
213 301 0
214 397 0
215 241 0
216 262 0
217 375 0
218 339 0
218 365 0
219 368 0
220 392 0
222 350 0
223 318 0
223 359 0
224 335 0
225 384 0
226 368 0
227 246 0
228 370 0
229 254 0
230 275 0
230 305 0
232 301 0
232 302 0
233 281 0
233 322 0
234 239 0
234 327 0
236 344 0
237 282 0
237 311 0
237 329 0
238 376 0
240 346 0
242 349 0
243 262 0
243 351 0
243 397 0
245 300 0
245 387 0
246 304 0
247 397 0
248 298 0
249 308 0
250 382 0
250 396 0
253 288 0
254 352 0
257 272 0
257 316 0
258 382 0
259 315 0
260 295 0
261 278 0
261 349 0
261 365 0
263 278 0
270 306 0
271 346 0
273 389 0
274 364 0
276 307 0
278 293 0
278 379 0
280 383 0
281 287 0
281 334 0
281 359 0
285 382 0
288 376 0
295 324 0
297 377 0
298 355 0
301 315 0
303 312 0
303 337 0
308 385 0
309 390 0
315 381 0
319 386 0
320 390 0
322 383 0
326 344 0
327 335 0
338 372 0
339 367 0
341 370 0
343 351 0
349 399 0
350 369 0
351 360 0
352 383 0
353 400 0
354 386 0
359 368 0
359 386 0
361 373 0
364 389 0
368 395 0
370 371 0
374 383 0
382 398 0
388 396 0
