40 60 0
1 3 0
1 6 0
1 9 0
1 18 0
1 21 0
1 38 0
2 14 0
2 21 0
2 22 0
3 11 0
3 33 0
4 28 0
4 38 0
5 6 0
5 20 0
6 15 0
6 23 0
6 33 0
6 39 0
7 13 0
7 21 0
8 38 0
9 10 0
9 29 0
9 35 0
10 34 0
11 14 0
11 25 0
11 37 0
12 22 0
13 14 0
13 36 0
14 26 0
14 28 0
14 30 0
16 22 0
16 29 0
17 19 0
18 37 0
19 27 0
19 33 0
19 34 0
20 38 0
21 39 0
22 24 0
22 33 0
25 28 0
25 31 0
25 32 0
26 39 0
28 31 0
29 40 0
31 37 0
32 34 0
33 34 0
33 36 0
35 36 0
36 37 0
37 40 0
38 39 0
