60 119 0
1 9 0
1 10 0
1 15 0
1 37 0
2 24 0
2 37 0
3 29 0
3 33 0
3 40 0
4 6 0
4 17 0
4 53 0
5 13 0
5 15 0
5 22 0
5 30 0
5 34 0
5 38 0
5 54 0
5 59 0
6 9 0
6 17 0
6 45 0
6 51 0
7 55 0
8 14 0
8 24 0
8 51 0
8 57 0
9 10 0
9 36 0
9 45 0
9 58 0
10 51 0
11 14 0
11 15 0
11 36 0
11 41 0
11 48 0
12 26 0
12 52 0
12 53 0
13 24 0
13 25 0
14 17 0
14 25 0
14 39 0
14 45 0
14 53 0
14 57 0
15 17 0
15 22 0
15 34 0
16 43 0
16 60 0
17 22 0
17 30 0
17 32 0
17 44 0
17 57 0
18 29 0
18 33 0
18 43 0
19 40 0
19 41 0
19 43 0
20 30 0
20 44 0
20 56 0
21 23 0
21 35 0
21 53 0
22 33 0
22 57 0
23 33 0
24 26 0
24 29 0
24 37 0
24 55 0
24 56 0
25 33 0
25 37 0
25 52 0
26 43 0
27 33 0
28 31 0
28 37 0
28 60 0
29 40 0
29 51 0
30 38 0
31 33 0
31 41 0
32 50 0
33 36 0
35 55 0
36 41 0
36 57 0
37 54 0
37 60 0
38 40 0
38 44 0
39 50 0
39 52 0
39 54 0
40 52 0
41 46 0
41 49 0
42 51 0
42 55 0
43 45 0
43 51 0
43 60 0
47 52 0
48 56 0
49 52 0
50 56 0
51 52 0
51 60 0
