600 787 0
1 64 0
2 67 0
2 221 0
2 374 0
3 168 0
3 395 0
3 594 0
4 90 0
5 25 0
5 27 0
5 158 0
5 461 0
6 511 0
7 228 0
8 136 0
8 182 0
8 396 0
8 422 0
9 322 0
10 106 0
10 252 0
10 284 0
10 363 0
10 381 0
10 497 0
11 588 0
12 316 0
13 61 0
13 92 0
13 321 0
13 490 0
14 90 0
15 67 0
16 278 0
17 62 0
17 397 0
17 456 0
18 393 0
19 69 0
19 107 0
19 186 0
19 190 0
20 536 0
21 205 0
22 46 0
22 107 0
22 150 0
22 181 0
23 42 0
23 65 0
23 218 0
23 457 0
24 370 0
26 48 0
26 240 0
26 325 0
28 61 0
28 429 0
28 457 0
28 581 0
29 160 0
30 341 0
31 260 0
32 88 0
32 317 0
32 325 0
32 382 0
33 39 0
33 84 0
33 337 0
33 490 0
33 544 0
34 563 0
35 559 0
36 162 0
37 496 0
38 110 0
38 296 0
38 355 0
38 365 0
38 420 0
39 67 0
39 298 0
39 553 0
40 270 0
41 203 0
42 212 0
42 220 0
42 382 0
42 407 0
42 572 0
43 157 0
43 223 0
43 403 0
43 517 0
44 331 0
45 136 0
45 266 0
45 285 0
45 357 0
45 394 0
47 97 0
47 162 0
47 203 0
48 333 0
48 449 0
48 507 0
48 555 0
49 62 0
50 77 0
50 524 0
50 535 0
50 543 0
51 230 0
52 116 0
52 222 0
52 258 0
52 273 0
52 327 0
52 330 0
52 413 0
53 186 0
53 280 0
53 298 0
53 328 0
53 396 0
53 399 0
54 64 0
54 88 0
54 164 0
54 203 0
55 496 0
56 572 0
57 133 0
57 351 0
57 455 0
57 520 0
58 168 0
58 254 0
58 410 0
58 582 0
59 97 0
59 168 0
59 322 0
60 260 0
61 364 0
61 370 0
61 429 0
62 237 0
62 363 0
62 396 0
62 600 0
63 320 0
64 95 0
64 236 0
64 494 0
65 172 0
65 421 0
65 461 0
65 471 0
66 153 0
66 252 0
66 395 0
66 465 0
66 537 0
67 93 0
67 206 0
67 257 0
67 312 0
68 257 0
68 291 0
68 293 0
68 342 0
68 426 0
70 131 0
70 317 0
70 387 0
70 428 0
70 496 0
71 104 0
72 550 0
73 176 0
73 233 0
73 382 0
73 457 0
73 541 0
74 306 0
75 91 0
76 345 0
78 191 0
78 451 0
78 505 0
78 508 0
78 566 0
79 427 0
80 88 0
80 169 0
80 270 0
80 278 0
80 491 0
80 524 0
81 528 0
82 387 0
83 282 0
83 283 0
83 342 0
83 433 0
83 564 0
84 85 0
84 220 0
85 244 0
85 252 0
85 272 0
85 429 0
85 454 0
85 557 0
86 456 0
86 463 0
86 529 0
87 218 0
87 523 0
87 526 0
88 316 0
89 91 0
90 299 0
90 312 0
90 557 0
91 356 0
91 373 0
91 595 0
92 471 0
92 556 0
94 469 0
96 130 0
96 211 0
96 245 0
96 496 0
96 527 0
97 127 0
97 202 0
97 430 0
98 484 0
99 341 0
99 351 0
99 374 0
100 211 0
100 270 0
100 451 0
101 210 0
102 131 0
102 218 0
102 432 0
103 286 0
103 356 0
103 450 0
104 209 0
104 247 0
104 255 0
104 300 0
105 536 0
106 260 0
106 418 0
107 137 0
107 228 0
107 333 0
107 566 0
108 189 0
109 142 0
109 214 0
109 395 0
109 464 0
111 486 0
112 141 0
112 218 0
112 479 0
112 551 0
113 456 0
114 484 0
115 185 0
115 274 0
115 304 0
116 511 0
116 595 0
117 156 0
118 485 0
119 309 0
119 317 0
119 319 0
119 475 0
119 517 0
120 590 0
121 286 0
121 293 0
121 434 0
122 161 0
123 183 0
124 235 0
124 266 0
124 384 0
124 389 0
125 452 0
126 560 0
128 485 0
129 486 0
130 131 0
130 341 0
131 192 0
131 568 0
132 139 0
134 167 0
134 277 0
134 293 0
134 307 0
134 380 0
134 398 0
134 585 0
135 138 0
135 292 0
135 413 0
135 437 0
135 548 0
136 319 0
137 168 0
137 294 0
139 248 0
139 289 0
139 310 0
139 353 0
140 183 0
140 233 0
140 486 0
143 220 0
144 529 0
145 246 0
145 270 0
145 345 0
146 370 0
147 234 0
148 345 0
149 329 0
149 386 0
149 558 0
151 312 0
151 450 0
151 501 0
151 595 0
152 229 0
152 279 0
152 524 0
153 221 0
153 344 0
153 491 0
154 211 0
155 442 0
156 247 0
156 297 0
156 323 0
159 322 0
160 170 0
160 298 0
160 472 0
161 376 0
161 401 0
161 472 0
162 349 0
162 378 0
163 253 0
163 259 0
163 312 0
163 411 0
164 165 0
164 227 0
164 255 0
164 358 0
166 541 0
168 199 0
168 255 0
168 306 0
168 335 0
169 267 0
169 371 0
169 381 0
169 412 0
169 448 0
171 443 0
173 415 0
174 221 0
175 224 0
176 417 0
176 489 0
176 525 0
177 463 0
177 493 0
177 507 0
177 536 0
177 590 0
178 219 0
179 505 0
180 233 0
182 398 0
182 403 0
182 406 0
182 556 0
183 196 0
183 247 0
183 416 0
184 199 0
185 243 0
185 434 0
185 469 0
186 396 0
187 306 0
188 269 0
189 290 0
189 445 0
189 510 0
191 456 0
191 541 0
193 271 0
194 320 0
195 329 0
196 509 0
196 590 0
197 443 0
198 344 0
199 276 0
199 362 0
200 443 0
201 462 0
202 211 0
202 279 0
202 554 0
203 424 0
203 503 0
204 560 0
205 249 0
205 339 0
205 418 0
205 533 0
207 590 0
208 274 0
209 210 0
209 577 0
210 232 0
210 441 0
210 466 0
210 579 0
211 453 0
211 502 0
212 392 0
212 481 0
212 591 0
213 279 0
215 462 0
216 279 0
217 572 0
218 427 0
218 555 0
218 560 0
219 251 0
219 447 0
219 524 0
219 546 0
219 593 0
220 493 0
220 521 0
221 301 0
221 506 0
221 538 0
221 543 0
223 253 0
223 293 0
224 264 0
224 472 0
224 546 0
225 509 0
226 508 0
228 302 0
228 562 0
229 268 0
229 465 0
229 532 0
229 570 0
230 368 0
230 431 0
230 570 0
231 461 0
231 497 0
231 512 0
231 548 0
233 253 0
233 343 0
233 436 0
234 346 0
234 476 0
234 546 0
234 595 0
236 289 0
236 404 0
238 552 0
239 266 0
239 396 0
239 465 0
239 542 0
240 364 0
240 422 0
240 554 0
240 591 0
241 388 0
242 270 0
243 304 0
243 312 0
243 471 0
243 567 0
245 276 0
245 327 0
245 418 0
245 495 0
246 348 0
246 420 0
246 441 0
246 597 0
247 554 0
248 552 0
248 599 0
250 484 0
252 334 0
252 599 0
253 298 0
256 269 0
257 294 0
260 395 0
260 565 0
261 456 0
262 304 0
263 393 0
264 333 0
264 505 0
265 577 0
266 275 0
268 344 0
268 469 0
268 558 0
269 307 0
269 441 0
269 596 0
270 478 0
271 273 0
271 318 0
271 492 0
271 592 0
273 386 0
274 435 0
274 579 0
275 288 0
275 405 0
275 468 0
275 477 0
276 306 0
278 293 0
278 580 0
281 469 0
286 360 0
286 448 0
286 532 0
286 534 0
287 558 0
289 335 0
289 588 0
289 589 0
294 487 0
294 492 0
294 527 0
295 451 0
298 516 0
303 320 0
303 369 0
303 540 0
303 543 0
304 340 0
304 492 0
305 341 0
306 516 0
306 578 0
307 364 0
307 528 0
308 530 0
309 381 0
309 397 0
311 345 0
313 511 0
314 475 0
315 589 0
316 425 0
316 577 0
317 342 0
317 420 0
319 336 0
319 342 0
319 352 0
319 483 0
320 396 0
320 423 0
322 403 0
322 539 0
324 393 0
324 397 0
324 540 0
324 555 0
325 450 0
325 465 0
326 599 0
327 441 0
327 477 0
329 504 0
329 537 0
329 538 0
331 363 0
331 402 0
331 418 0
331 531 0
332 387 0
333 393 0
334 544 0
334 589 0
335 450 0
335 543 0
336 360 0
336 550 0
336 591 0
338 509 0
339 345 0
339 594 0
341 542 0
341 569 0
344 586 0
345 376 0
345 501 0
347 432 0
350 563 0
351 359 0
351 360 0
351 422 0
351 428 0
351 456 0
354 442 0
356 536 0
356 579 0
359 367 0
359 470 0
359 534 0
359 573 0
361 397 0
364 472 0
365 486 0
365 563 0
366 528 0
369 505 0
369 564 0
370 440 0
372 388 0
374 395 0
374 556 0
375 588 0
376 397 0
377 404 0
378 422 0
378 509 0
378 559 0
379 388 0
380 456 0
380 505 0
381 450 0
382 447 0
382 583 0
383 589 0
385 530 0
386 448 0
386 501 0
386 515 0
387 571 0
388 532 0
390 432 0
390 485 0
390 554 0
390 567 0
391 530 0
395 407 0
398 477 0
398 507 0
400 434 0
403 422 0
404 438 0
404 490 0
404 570 0
407 439 0
407 567 0
408 526 0
409 485 0
412 463 0
412 555 0
413 449 0
413 594 0
414 526 0
415 458 0
415 557 0
415 595 0
418 507 0
419 496 0
420 443 0
420 523 0
422 527 0
427 446 0
427 473 0
428 528 0
429 468 0
432 468 0
432 493 0
434 544 0
439 465 0
439 552 0
442 447 0
442 500 0
444 563 0
445 449 0
445 484 0
445 530 0
447 452 0
448 517 0
449 538 0
449 579 0
449 591 0
450 566 0
451 564 0
452 513 0
452 598 0
456 467 0
459 553 0
460 508 0
461 566 0
462 537 0
462 545 0
463 471 0
463 583 0
465 535 0
469 549 0
474 475 0
475 570 0
480 529 0
482 572 0
486 532 0
488 599 0
491 560 0
492 507 0
492 523 0
497 508 0
498 553 0
499 550 0
501 553 0
508 547 0
509 535 0
511 542 0
511 597 0
514 541 0
516 540 0
518 553 0
519 588 0
522 559 0
523 559 0
526 543 0
529 544 0
534 548 0
534 556 0
537 563 0
537 583 0
540 574 0
542 550 0
544 555 0
552 576 0
552 579 0
556 563 0
558 587 0
561 567 0
564 589 0
567 584 0
575 590 0
594 597 0
