800 843 0
1 81 0
1 113 0
1 242 0
1 259 0
2 225 0
3 726 0
4 187 0
5 557 0
6 249 0
7 89 0
7 251 0
7 337 0
8 170 0
9 263 0
9 266 0
9 452 0
9 543 0
10 461 0
11 392 0
11 450 0
11 485 0
11 792 0
12 656 0
13 106 0
13 150 0
13 687 0
13 722 0
14 408 0
14 672 0
14 690 0
14 698 0
15 414 0
15 697 0
15 713 0
15 758 0
16 786 0
17 34 0
17 141 0
17 209 0
17 434 0
18 662 0
19 78 0
20 24 0
20 207 0
20 258 0
20 454 0
21 308 0
21 328 0
21 439 0
21 655 0
21 717 0
22 330 0
23 153 0
25 311 0
26 444 0
27 296 0
28 621 0
29 453 0
30 93 0
30 205 0
30 319 0
30 329 0
31 179 0
31 362 0
31 569 0
31 599 0
31 722 0
32 72 0
32 387 0
32 596 0
32 764 0
33 105 0
33 257 0
33 279 0
33 666 0
33 688 0
34 90 0
34 474 0
34 524 0
35 168 0
35 364 0
35 401 0
35 639 0
35 775 0
36 89 0
36 124 0
36 596 0
37 516 0
37 525 0
37 719 0
37 792 0
38 207 0
38 348 0
38 371 0
38 480 0
39 403 0
40 477 0
40 503 0
40 640 0
40 781 0
41 201 0
41 254 0
41 300 0
41 618 0
42 426 0
42 467 0
42 685 0
42 716 0
43 173 0
43 518 0
43 546 0
43 731 0
44 619 0
45 100 0
45 505 0
45 525 0
45 784 0
46 659 0
47 688 0
48 524 0
49 182 0
49 272 0
49 455 0
49 738 0
49 791 0
50 129 0
51 267 0
51 304 0
51 547 0
51 686 0
52 677 0
52 694 0
52 706 0
52 785 0
53 664 0
54 646 0
55 145 0
56 581 0
57 123 0
57 433 0
57 562 0
57 585 0
58 116 0
58 492 0
58 514 0
58 709 0
59 396 0
60 628 0
61 72 0
61 445 0
61 470 0
61 657 0
62 693 0
63 512 0
64 693 0
65 146 0
65 153 0
65 387 0
65 693 0
66 661 0
67 516 0
68 247 0
68 489 0
68 506 0
69 671 0
70 160 0
71 502 0
72 158 0
72 252 0
73 688 0
74 700 0
75 399 0
76 579 0
77 662 0
78 121 0
78 386 0
78 540 0
79 320 0
80 311 0
81 316 0
81 490 0
81 614 0
82 502 0
83 581 0
84 756 0
85 206 0
85 580 0
85 619 0
85 679 0
86 251 0
86 280 0
86 387 0
87 403 0
88 324 0
89 264 0
89 273 0
89 493 0
90 253 0
90 371 0
90 374 0
90 554 0
91 94 0
92 589 0
94 331 0
94 550 0
94 552 0
95 770 0
96 346 0
96 361 0
96 429 0
96 672 0
97 265 0
97 510 0
97 562 0
97 728 0
98 189 0
99 631 0
101 703 0
102 109 0
103 587 0
104 212 0
104 218 0
104 488 0
104 558 0
105 412 0
105 541 0
105 712 0
107 656 0
108 589 0
109 269 0
109 402 0
109 707 0
110 158 0
111 786 0
112 133 0
112 624 0
112 645 0
112 760 0
114 361 0
114 560 0
114 601 0
114 651 0
115 126 0
116 151 0
116 287 0
116 394 0
117 296 0
118 192 0
118 292 0
118 303 0
118 542 0
119 142 0
119 172 0
119 439 0
119 769 0
120 145 0
120 189 0
120 723 0
122 457 0
124 154 0
124 474 0
124 710 0
125 588 0
126 128 0
126 501 0
126 648 0
127 275 0
128 303 0
128 305 0
128 649 0
129 338 0
129 377 0
129 685 0
130 250 0
131 456 0
132 748 0
134 614 0
135 370 0
136 229 0
137 718 0
138 653 0
139 163 0
140 644 0
143 207 0
143 353 0
143 378 0
143 720 0
143 752 0
144 251 0
145 361 0
145 447 0
145 736 0
146 197 0
146 553 0
146 783 0
147 148 0
147 456 0
147 628 0
147 708 0
148 264 0
148 281 0
148 701 0
149 340 0
151 180 0
151 517 0
151 776 0
152 644 0
153 368 0
153 439 0
153 496 0
154 207 0
154 487 0
154 638 0
155 557 0
156 163 0
157 158 0
158 522 0
159 279 0
160 540 0
160 577 0
160 727 0
161 335 0
162 453 0
163 508 0
163 672 0
164 354 0
165 564 0
166 399 0
167 320 0
169 619 0
170 175 0
170 350 0
170 608 0
171 260 0
171 477 0
171 538 0
171 765 0
174 665 0
175 444 0
175 671 0
176 330 0
177 294 0
178 320 0
181 360 0
182 285 0
182 294 0
182 459 0
183 275 0
184 398 0
185 526 0
186 579 0
187 344 0
187 393 0
187 638 0
188 473 0
188 561 0
188 746 0
188 782 0
189 270 0
189 309 0
189 654 0
190 230 0
191 373 0
192 317 0
192 369 0
192 753 0
193 524 0
194 688 0
195 649 0
196 618 0
198 458 0
199 400 0
199 584 0
199 731 0
199 749 0
200 322 0
201 264 0
201 525 0
201 530 0
202 506 0
203 355 0
204 772 0
206 477 0
206 493 0
206 722 0
208 659 0
210 512 0
211 606 0
213 230 0
214 359 0
214 390 0
214 473 0
214 551 0
215 288 0
215 436 0
215 537 0
215 694 0
216 708 0
217 382 0
217 430 0
217 482 0
217 535 0
219 249 0
220 678 0
221 311 0
222 724 0
223 394 0
224 444 0
225 266 0
225 605 0
225 779 0
226 292 0
227 252 0
228 600 0
229 379 0
229 634 0
229 764 0
230 464 0
230 604 0
231 335 0
231 459 0
231 606 0
231 741 0
232 718 0
233 255 0
234 337 0
235 398 0
236 724 0
237 759 0
238 483 0
238 539 0
238 590 0
238 778 0
239 708 0
240 275 0
241 763 0
243 729 0
244 444 0
245 606 0
246 642 0
247 333 0
247 425 0
247 692 0
248 290 0
248 516 0
248 533 0
249 437 0
249 523 0
250 276 0
250 346 0
250 689 0
251 284 0
251 488 0
252 599 0
252 647 0
254 261 0
254 262 0
254 472 0
255 309 0
255 378 0
255 447 0
255 460 0
255 798 0
256 623 0
256 701 0
256 742 0
256 768 0
257 703 0
257 729 0
264 323 0
266 630 0
266 667 0
267 474 0
267 499 0
267 506 0
268 340 0
269 303 0
269 564 0
269 579 0
271 628 0
272 586 0
272 723 0
273 459 0
273 666 0
273 761 0
274 409 0
275 363 0
275 604 0
277 526 0
278 650 0
279 520 0
279 593 0
280 388 0
280 530 0
280 695 0
281 557 0
281 559 0
281 642 0
282 431 0
282 504 0
282 549 0
282 701 0
283 302 0
285 691 0
285 751 0
285 790 0
286 741 0
287 309 0
287 488 0
287 766 0
289 299 0
289 352 0
289 383 0
289 487 0
290 337 0
290 358 0
290 650 0
290 718 0
291 618 0
292 397 0
292 528 0
293 499 0
294 325 0
294 519 0
295 696 0
296 676 0
296 739 0
297 542 0
298 396 0
300 636 0
300 702 0
300 767 0
301 786 0
302 420 0
302 462 0
302 680 0
303 493 0
305 351 0
305 395 0
305 675 0
306 630 0
306 643 0
306 644 0
306 700 0
307 559 0
308 582 0
308 646 0
308 659 0
309 516 0
310 679 0
311 450 0
312 665 0
313 533 0
314 667 0
315 621 0
316 319 0
316 493 0
316 668 0
318 704 0
319 656 0
319 724 0
320 530 0
321 772 0
322 722 0
322 754 0
322 795 0
323 450 0
323 552 0
323 692 0
324 405 0
324 532 0
324 668 0
326 456 0
327 509 0
330 576 0
330 609 0
332 398 0
334 621 0
335 447 0
335 711 0
335 721 0
336 592 0
337 367 0
337 497 0
339 741 0
340 609 0
340 682 0
341 659 0
342 512 0
343 586 0
343 621 0
343 665 0
343 761 0
345 724 0
346 662 0
346 704 0
347 372 0
347 448 0
347 498 0
347 552 0
349 490 0
350 355 0
350 662 0
354 539 0
354 771 0
354 799 0
355 443 0
355 525 0
355 730 0
355 773 0
356 499 0
357 358 0
357 398 0
357 726 0
357 729 0
358 429 0
358 608 0
360 441 0
360 482 0
360 627 0
361 600 0
363 490 0
363 685 0
364 458 0
364 582 0
364 703 0
365 653 0
366 772 0
370 471 0
370 674 0
370 676 0
371 580 0
373 573 0
373 758 0
373 789 0
375 723 0
376 726 0
378 502 0
380 579 0
381 403 0
384 564 0
385 594 0
387 604 0
387 731 0
389 644 0
391 489 0
394 416 0
394 626 0
396 428 0
396 523 0
399 525 0
399 699 0
401 526 0
401 704 0
403 609 0
404 652 0
406 741 0
407 770 0
409 613 0
409 672 0
409 684 0
410 656 0
411 461 0
413 499 0
415 473 0
415 521 0
415 670 0
415 796 0
417 559 0
418 457 0
419 511 0
419 566 0
419 668 0
419 757 0
421 700 0
422 526 0
423 581 0
424 631 0
427 759 0
429 475 0
429 596 0
432 591 0
435 770 0
438 763 0
440 664 0
442 489 0
443 586 0
443 644 0
444 482 0
446 600 0
449 719 0
450 587 0
451 662 0
453 545 0
453 769 0
456 689 0
456 732 0
457 536 0
457 604 0
458 563 0
458 745 0
459 624 0
460 473 0
460 562 0
461 608 0
461 610 0
463 592 0
465 509 0
466 652 0
468 649 0
469 650 0
473 475 0
474 769 0
475 523 0
475 539 0
476 664 0
477 723 0
478 650 0
479 628 0
481 595 0
482 761 0
484 614 0
486 718 0
487 502 0
487 719 0
488 756 0
489 562 0
489 625 0
490 555 0
491 680 0
494 667 0
495 618 0
500 557 0
506 683 0
506 787 0
507 696 0
509 615 0
509 731 0
512 608 0
513 592 0
515 723 0
516 622 0
523 671 0
524 714 0
526 624 0
527 703 0
529 643 0
530 748 0
531 653 0
533 694 0
533 750 0
534 642 0
539 696 0
540 591 0
540 710 0
542 641 0
542 689 0
542 737 0
544 642 0
548 614 0
552 759 0
556 710 0
556 763 0
556 770 0
556 786 0
559 755 0
562 582 0
564 598 0
565 580 0
567 748 0
568 643 0
570 704 0
571 619 0
572 580 0
574 649 0
575 661 0
578 729 0
580 780 0
581 692 0
582 766 0
583 748 0
586 788 0
587 660 0
587 800 0
588 680 0
589 597 0
589 758 0
591 611 0
591 740 0
592 685 0
594 603 0
594 638 0
594 715 0
595 632 0
595 668 0
595 793 0
596 766 0
599 600 0
600 612 0
602 708 0
606 747 0
607 665 0
609 710 0
616 671 0
617 643 0
620 693 0
624 678 0
629 756 0
630 685 0
630 766 0
631 658 0
631 764 0
633 661 0
635 700 0
637 719 0
638 652 0
643 792 0
646 681 0
646 725 0
647 659 0
647 764 0
652 663 0
653 701 0
661 692 0
664 769 0
666 676 0
666 758 0
667 774 0
669 759 0
671 777 0
673 696 0
676 772 0
678 794 0
678 797 0
679 733 0
679 762 0
680 764 0
694 761 0
703 744 0
705 719 0
726 735 0
734 756 0
743 763 0
