400 519 0
1 30 0
1 69 0
1 136 0
1 187 0
1 190 0
2 222 0
2 224 0
3 90 0
3 96 0
4 14 0
5 136 0
5 180 0
5 286 0
6 58 0
6 222 0
6 225 0
6 392 0
7 272 0
8 103 0
8 243 0
9 11 0
9 167 0
9 269 0
9 386 0
10 17 0
10 148 0
10 192 0
10 244 0
11 89 0
11 298 0
11 377 0
12 259 0
13 40 0
13 83 0
13 166 0
13 298 0
13 365 0
14 241 0
14 249 0
14 305 0
14 389 0
14 392 0
15 60 0
15 62 0
15 155 0
15 208 0
15 251 0
15 292 0
16 372 0
18 88 0
18 121 0
18 204 0
18 383 0
19 129 0
19 286 0
19 368 0
19 374 0
20 333 0
20 352 0
21 114 0
21 128 0
21 159 0
21 253 0
22 208 0
22 278 0
22 284 0
22 300 0
22 340 0
23 33 0
23 340 0
23 343 0
23 375 0
23 382 0
24 31 0
24 227 0
25 80 0
25 283 0
26 53 0
27 60 0
27 198 0
27 228 0
27 230 0
28 283 0
28 362 0
29 203 0
29 367 0
30 43 0
30 55 0
30 271 0
30 307 0
31 183 0
31 242 0
31 395 0
32 111 0
33 285 0
33 314 0
33 396 0
34 181 0
34 273 0
35 85 0
36 277 0
36 336 0
36 372 0
37 272 0
37 281 0
38 51 0
38 199 0
38 317 0
39 184 0
40 51 0
40 89 0
40 107 0
40 184 0
40 285 0
40 301 0
41 176 0
41 189 0
41 214 0
41 275 0
42 337 0
42 378 0
43 98 0
43 112 0
43 115 0
44 52 0
44 239 0
45 213 0
46 162 0
47 76 0
47 103 0
47 232 0
47 308 0
47 394 0
48 208 0
49 108 0
49 156 0
49 307 0
49 376 0
50 174 0
50 208 0
50 308 0
50 333 0
51 213 0
52 110 0
52 155 0
52 253 0
53 262 0
53 309 0
53 360 0
54 180 0
55 195 0
55 293 0
55 354 0
56 157 0
56 203 0
56 250 0
56 372 0
57 85 0
59 248 0
60 270 0
60 382 0
61 92 0
63 99 0
63 126 0
63 247 0
63 312 0
63 336 0
63 364 0
64 287 0
65 259 0
66 265 0
66 287 0
67 94 0
68 154 0
68 174 0
68 322 0
68 376 0
69 275 0
70 306 0
71 89 0
71 146 0
71 190 0
71 308 0
71 319 0
72 149 0
72 163 0
72 288 0
72 347 0
73 299 0
74 111 0
74 277 0
74 306 0
75 108 0
76 134 0
76 313 0
76 318 0
77 268 0
78 229 0
78 274 0
78 334 0
78 374 0
79 301 0
80 215 0
80 221 0
80 255 0
80 345 0
81 388 0
82 267 0
84 235 0
84 265 0
85 178 0
85 309 0
86 107 0
86 190 0
86 250 0
86 307 0
87 224 0
88 165 0
89 253 0
90 125 0
90 249 0
90 336 0
91 122 0
91 157 0
92 148 0
92 281 0
92 310 0
93 120 0
93 196 0
93 236 0
93 240 0
94 158 0
94 179 0
94 320 0
94 327 0
95 377 0
96 130 0
97 283 0
97 397 0
99 250 0
99 306 0
99 322 0
100 270 0
101 196 0
101 280 0
101 295 0
101 298 0
101 327 0
102 322 0
103 173 0
103 208 0
103 257 0
103 331 0
104 298 0
105 291 0
106 218 0
106 223 0
107 148 0
107 219 0
107 309 0
108 150 0
108 297 0
109 221 0
109 302 0
109 344 0
109 352 0
111 118 0
111 383 0
111 390 0
113 388 0
115 217 0
115 252 0
116 169 0
117 241 0
117 256 0
117 397 0
119 300 0
119 322 0
122 160 0
122 204 0
122 233 0
122 327 0
123 133 0
123 324 0
124 138 0
124 218 0
125 167 0
127 217 0
128 276 0
130 166 0
130 202 0
130 261 0
130 295 0
130 354 0
131 182 0
131 208 0
132 181 0
132 312 0
133 322 0
135 184 0
137 306 0
138 324 0
139 301 0
140 287 0
141 238 0
141 283 0
141 347 0
141 378 0
141 384 0
142 258 0
142 317 0
143 156 0
143 228 0
144 171 0
144 400 0
145 268 0
145 304 0
146 299 0
147 199 0
147 217 0
147 329 0
147 385 0
148 211 0
151 184 0
151 249 0
152 226 0
152 299 0
153 222 0
153 249 0
153 280 0
153 330 0
154 291 0
156 197 0
156 303 0
156 357 0
157 175 0
157 293 0
157 296 0
157 303 0
157 372 0
160 295 0
161 290 0
162 329 0
162 330 0
162 336 0
162 398 0
164 291 0
165 332 0
168 272 0
169 191 0
169 279 0
169 363 0
170 247 0
170 248 0
171 196 0
171 263 0
171 266 0
172 350 0
172 376 0
174 215 0
174 220 0
174 385 0
175 365 0
177 180 0
177 328 0
179 211 0
179 298 0
180 249 0
181 284 0
181 328 0
182 290 0
182 302 0
183 250 0
183 282 0
183 387 0
185 343 0
186 217 0
186 393 0
188 234 0
188 269 0
188 317 0
189 243 0
189 260 0
189 307 0
190 280 0
193 218 0
194 260 0
196 217 0
199 264 0
199 347 0
199 349 0
200 222 0
200 243 0
200 289 0
200 325 0
200 356 0
200 385 0
201 333 0
201 373 0
203 353 0
203 358 0
205 234 0
205 285 0
206 301 0
207 270 0
207 340 0
208 379 0
209 387 0
210 297 0
210 324 0
211 258 0
211 312 0
212 234 0
213 350 0
213 363 0
216 260 0
217 239 0
218 295 0
219 262 0
219 267 0
219 287 0
219 337 0
221 252 0
221 274 0
221 319 0
222 317 0
223 258 0
223 337 0
224 284 0
224 400 0
226 259 0
227 252 0
228 231 0
231 234 0
232 248 0
232 268 0
232 277 0
232 344 0
234 295 0
235 252 0
237 372 0
238 382 0
239 279 0
241 365 0
242 288 0
243 338 0
243 391 0
245 343 0
246 265 0
248 254 0
248 366 0
249 336 0
252 271 0
253 299 0
253 318 0
254 273 0
256 283 0
259 323 0
260 342 0
263 280 0
264 397 0
265 305 0
265 323 0
267 335 0
267 359 0
268 311 0
268 330 0
270 339 0
272 374 0
273 397 0
276 290 0
276 367 0
277 342 0
277 369 0
278 318 0
280 339 0
280 394 0
282 294 0
282 351 0
282 362 0
283 309 0
284 308 0
290 363 0
291 330 0
298 346 0
298 393 0
302 400 0
304 332 0
306 380 0
308 323 0
309 337 0
310 340 0
315 333 0
316 375 0
317 366 0
319 363 0
319 383 0
321 387 0
323 397 0
324 383 0
326 376 0
327 332 0
330 388 0
332 373 0
336 338 0
337 399 0
341 377 0
343 381 0
344 348 0
347 382 0
348 372 0
355 377 0
361 387 0
367 375 0
370 375 0
371 388 0
374 394 0
382 394 0
382 397 0
