250 273 0
1 61 0
2 131 0
3 44 0
3 59 0
3 86 0
3 143 0
4 38 0
4 43 0
4 224 0
4 226 0
5 44 0
6 209 0
7 52 0
7 88 0
7 152 0
8 235 0
9 86 0
9 94 0
10 37 0
10 40 0
10 48 0
10 189 0
11 142 0
11 193 0
11 227 0
11 230 0
12 110 0
13 120 0
13 163 0
13 182 0
13 242 0
13 245 0
14 249 0
15 77 0
16 71 0
17 62 0
18 62 0
18 141 0
18 161 0
18 244 0
19 161 0
20 25 0
20 206 0
20 212 0
20 228 0
21 152 0
22 114 0
22 243 0
23 181 0
24 177 0
25 33 0
25 126 0
25 211 0
26 166 0
26 228 0
27 109 0
27 132 0
28 107 0
29 177 0
29 197 0
30 197 0
31 38 0
31 69 0
31 113 0
31 146 0
31 161 0
32 133 0
34 138 0
35 219 0
36 117 0
38 181 0
38 210 0
39 187 0
40 71 0
40 106 0
40 186 0
40 218 0
41 53 0
42 242 0
43 92 0
43 221 0
43 249 0
44 179 0
44 239 0
45 217 0
46 244 0
47 98 0
47 178 0
47 199 0
47 224 0
49 169 0
50 169 0
51 217 0
52 198 0
53 78 0
53 91 0
53 234 0
54 183 0
55 217 0
56 77 0
57 235 0
58 205 0
59 214 0
59 223 0
59 226 0
60 77 0
60 115 0
60 141 0
60 170 0
61 80 0
61 134 0
61 214 0
62 95 0
62 139 0
63 83 0
63 161 0
63 225 0
64 124 0
65 138 0
66 209 0
67 108 0
68 181 0
70 218 0
70 221 0
71 168 0
71 204 0
72 197 0
72 219 0
73 210 0
74 96 0
74 128 0
74 147 0
74 156 0
75 117 0
76 225 0
77 167 0
79 110 0
79 205 0
81 131 0
82 83 0
82 91 0
82 101 0
82 106 0
82 163 0
83 212 0
84 124 0
85 117 0
86 112 0
86 229 0
86 247 0
87 177 0
88 212 0
89 242 0
90 183 0
90 206 0
90 219 0
90 248 0
91 110 0
91 237 0
92 137 0
92 207 0
92 232 0
93 237 0
94 132 0
94 166 0
94 176 0
94 224 0
95 231 0
96 163 0
96 169 0
96 225 0
97 109 0
99 170 0
100 187 0
101 141 0
101 226 0
102 114 0
103 143 0
104 209 0
105 226 0
105 249 0
106 158 0
106 177 0
107 119 0
107 180 0
107 224 0
108 151 0
108 165 0
108 223 0
109 144 0
109 155 0
109 223 0
110 127 0
110 129 0
111 242 0
114 125 0
114 177 0
115 173 0
115 222 0
115 250 0
116 212 0
117 158 0
118 143 0
120 148 0
120 175 0
120 188 0
121 198 0
122 248 0
123 219 0
124 130 0
124 202 0
124 204 0
126 129 0
130 138 0
130 163 0
130 197 0
131 136 0
131 182 0
132 158 0
132 184 0
132 196 0
133 135 0
133 186 0
133 214 0
138 192 0
140 181 0
141 230 0
143 171 0
145 198 0
149 249 0
150 245 0
152 158 0
152 172 0
153 237 0
154 244 0
157 205 0
159 219 0
160 161 0
161 200 0
162 210 0
164 183 0
169 203 0
170 185 0
170 236 0
171 231 0
174 229 0
174 237 0
182 198 0
182 206 0
182 235 0
183 213 0
187 230 0
187 233 0
190 218 0
191 218 0
194 228 0
195 221 0
201 228 0
205 214 0
206 226 0
208 221 0
209 230 0
210 246 0
215 235 0
216 245 0
217 223 0
218 238 0
220 248 0
225 241 0
225 247 0
231 248 0
240 245 0
243 244 0
