700 821 0
1 635 0
2 557 0
3 75 0
3 275 0
3 629 0
3 643 0
3 667 0
4 46 0
4 55 0
4 182 0
4 454 0
5 446 0
6 212 0
7 294 0
8 187 0
8 485 0
8 501 0
8 633 0
9 243 0
9 264 0
9 446 0
9 693 0
10 199 0
11 408 0
12 184 0
13 399 0
13 496 0
13 528 0
13 687 0
14 85 0
15 635 0
16 113 0
16 158 0
16 329 0
16 331 0
16 678 0
17 230 0
18 34 0
18 663 0
18 688 0
18 697 0
19 40 0
20 135 0
21 127 0
21 154 0
21 269 0
21 670 0
22 59 0
22 278 0
22 577 0
22 622 0
23 85 0
23 231 0
23 294 0
23 413 0
24 674 0
25 396 0
25 425 0
25 435 0
25 500 0
25 548 0
26 281 0
27 399 0
28 161 0
28 256 0
28 306 0
28 630 0
29 231 0
30 231 0
31 87 0
31 146 0
31 338 0
31 609 0
32 149 0
32 533 0
32 575 0
32 581 0
32 646 0
33 495 0
35 344 0
36 117 0
37 196 0
37 205 0
37 438 0
37 439 0
38 123 0
38 228 0
38 492 0
38 527 0
38 654 0
39 82 0
39 131 0
39 528 0
40 300 0
40 374 0
40 688 0
41 442 0
42 63 0
42 270 0
42 484 0
42 508 0
43 222 0
43 284 0
43 433 0
43 451 0
44 142 0
45 194 0
47 394 0
48 345 0
49 121 0
50 620 0
51 120 0
51 167 0
51 221 0
51 579 0
51 699 0
52 67 0
53 150 0
54 465 0
56 244 0
57 87 0
57 98 0
57 353 0
57 415 0
58 443 0
60 475 0
61 279 0
62 557 0
63 213 0
63 218 0
63 603 0
64 669 0
65 128 0
65 316 0
65 340 0
65 388 0
66 657 0
67 84 0
67 86 0
67 381 0
67 423 0
68 671 0
69 608 0
70 571 0
71 228 0
71 251 0
71 364 0
71 659 0
71 662 0
72 405 0
73 117 0
73 164 0
73 337 0
73 386 0
73 389 0
74 650 0
75 117 0
75 161 0
75 279 0
75 381 0
75 623 0
76 612 0
77 679 0
78 421 0
79 354 0
79 601 0
79 671 0
80 434 0
81 605 0
82 262 0
82 280 0
82 426 0
82 521 0
83 99 0
84 281 0
84 544 0
84 693 0
85 551 0
85 624 0
85 633 0
87 291 0
87 508 0
88 459 0
89 279 0
90 569 0
91 150 0
92 587 0
93 523 0
94 255 0
95 189 0
95 203 0
95 534 0
95 656 0
95 665 0
96 249 0
96 340 0
96 460 0
96 526 0
97 155 0
98 164 0
98 632 0
98 686 0
99 201 0
99 382 0
99 576 0
99 637 0
99 663 0
100 315 0
100 318 0
100 325 0
100 684 0
101 136 0
101 200 0
101 208 0
101 556 0
102 501 0
103 446 0
104 242 0
104 380 0
104 419 0
104 488 0
105 587 0
106 192 0
107 383 0
107 390 0
107 480 0
107 509 0
108 292 0
109 620 0
110 114 0
110 175 0
110 274 0
110 358 0
110 503 0
111 272 0
111 357 0
111 498 0
111 499 0
112 142 0
114 248 0
114 365 0
114 463 0
114 678 0
115 634 0
116 256 0
116 319 0
116 358 0
116 575 0
117 259 0
117 424 0
118 211 0
118 333 0
118 598 0
118 604 0
119 493 0
121 385 0
121 581 0
121 633 0
122 308 0
122 558 0
122 645 0
122 679 0
123 204 0
123 310 0
124 582 0
125 243 0
126 383 0
127 305 0
127 350 0
127 367 0
127 445 0
129 209 0
130 180 0
131 200 0
131 387 0
131 436 0
131 502 0
132 463 0
133 240 0
133 331 0
133 384 0
134 371 0
134 422 0
134 472 0
134 640 0
135 353 0
135 559 0
135 677 0
137 269 0
138 484 0
139 501 0
140 608 0
141 593 0
142 228 0
142 431 0
143 297 0
143 354 0
143 384 0
143 505 0
144 324 0
144 468 0
144 581 0
144 600 0
145 437 0
146 214 0
146 257 0
146 522 0
147 645 0
148 155 0
148 202 0
148 354 0
148 475 0
148 480 0
148 637 0
149 212 0
149 310 0
149 386 0
149 616 0
150 428 0
150 681 0
151 674 0
152 243 0
153 343 0
154 383 0
154 522 0
154 525 0
155 162 0
155 226 0
155 379 0
155 512 0
156 366 0
156 442 0
156 601 0
156 649 0
157 216 0
159 313 0
159 337 0
159 443 0
160 204 0
161 257 0
162 202 0
162 394 0
163 395 0
163 409 0
163 640 0
163 658 0
164 237 0
164 482 0
165 564 0
166 696 0
167 441 0
167 583 0
167 647 0
168 240 0
169 641 0
170 183 0
171 308 0
171 339 0
171 410 0
171 515 0
171 516 0
172 240 0
172 437 0
172 679 0
173 632 0
174 449 0
176 384 0
177 334 0
178 525 0
179 192 0
180 201 0
180 372 0
180 655 0
180 689 0
181 696 0
182 626 0
182 645 0
183 411 0
183 516 0
183 570 0
184 312 0
184 389 0
184 591 0
185 222 0
185 330 0
185 365 0
185 516 0
185 688 0
186 288 0
186 319 0
186 469 0
186 626 0
187 202 0
187 305 0
187 461 0
188 434 0
190 650 0
191 277 0
192 565 0
192 651 0
192 682 0
193 403 0
194 360 0
194 476 0
194 640 0
195 484 0
196 273 0
196 463 0
196 519 0
197 657 0
198 634 0
199 245 0
199 347 0
199 646 0
200 524 0
200 623 0
201 354 0
201 376 0
201 449 0
202 327 0
202 458 0
203 240 0
203 350 0
203 543 0
203 605 0
203 695 0
204 251 0
204 296 0
204 417 0
204 432 0
204 506 0
206 406 0
206 440 0
206 498 0
206 683 0
207 495 0
209 401 0
209 455 0
209 536 0
210 493 0
212 341 0
212 461 0
214 380 0
214 454 0
214 471 0
215 273 0
216 376 0
216 392 0
216 415 0
216 661 0
217 338 0
217 354 0
217 413 0
217 462 0
217 519 0
219 384 0
220 319 0
220 404 0
220 491 0
220 574 0
220 579 0
222 230 0
222 589 0
223 501 0
224 612 0
225 239 0
226 273 0
226 524 0
227 523 0
228 519 0
229 248 0
230 448 0
230 563 0
231 499 0
231 590 0
232 233 0
232 331 0
232 352 0
232 427 0
232 591 0
232 699 0
234 446 0
235 270 0
236 594 0
238 281 0
239 389 0
239 514 0
239 549 0
240 541 0
240 627 0
241 687 0
243 450 0
244 282 0
244 351 0
244 390 0
244 494 0
244 622 0
246 518 0
247 297 0
248 332 0
248 333 0
248 606 0
250 524 0
251 581 0
252 692 0
253 267 0
253 317 0
253 346 0
253 682 0
254 508 0
254 540 0
254 594 0
254 635 0
255 276 0
255 486 0
255 537 0
256 593 0
256 669 0
257 543 0
257 623 0
257 693 0
258 434 0
260 421 0
261 496 0
262 328 0
262 587 0
262 647 0
263 328 0
264 386 0
264 398 0
264 479 0
265 326 0
265 353 0
265 407 0
265 520 0
265 578 0
265 591 0
266 282 0
266 447 0
266 646 0
266 665 0
268 497 0
269 355 0
269 607 0
270 474 0
270 499 0
270 597 0
271 420 0
271 535 0
271 546 0
271 639 0
273 416 0
273 542 0
277 380 0
277 452 0
277 660 0
279 348 0
279 440 0
279 578 0
281 444 0
282 305 0
282 645 0
283 505 0
285 292 0
286 686 0
287 297 0
289 594 0
290 441 0
291 331 0
291 368 0
291 435 0
291 506 0
292 400 0
292 500 0
293 596 0
294 584 0
294 617 0
295 310 0
297 322 0
297 388 0
298 687 0
299 405 0
301 686 0
302 642 0
303 540 0
304 632 0
305 442 0
307 421 0
307 528 0
307 582 0
307 620 0
308 641 0
309 497 0
310 393 0
311 631 0
313 457 0
313 487 0
313 506 0
313 653 0
314 657 0
318 443 0
318 523 0
318 623 0
319 345 0
320 612 0
321 679 0
323 670 0
328 368 0
328 430 0
330 338 0
330 366 0
330 456 0
330 647 0
331 343 0
331 492 0
333 453 0
333 519 0
333 656 0
334 358 0
334 478 0
334 562 0
335 642 0
336 616 0
337 403 0
337 605 0
338 575 0
338 580 0
340 366 0
340 405 0
342 459 0
343 555 0
343 566 0
344 507 0
344 592 0
344 681 0
345 412 0
345 644 0
346 381 0
346 686 0
349 582 0
350 401 0
353 608 0
354 382 0
356 443 0
358 403 0
359 649 0
361 403 0
362 383 0
363 484 0
365 628 0
366 440 0
366 580 0
366 681 0
368 449 0
369 485 0
370 441 0
373 571 0
375 557 0
376 461 0
376 686 0
377 485 0
378 496 0
380 596 0
381 589 0
382 399 0
388 437 0
389 459 0
389 543 0
390 693 0
391 583 0
394 401 0
394 531 0
394 533 0
397 635 0
399 429 0
399 664 0
400 413 0
400 634 0
400 657 0
401 522 0
401 628 0
402 601 0
403 462 0
403 500 0
405 414 0
408 423 0
408 558 0
408 615 0
408 666 0
413 417 0
413 486 0
413 695 0
415 437 0
415 557 0
417 449 0
418 583 0
421 538 0
421 656 0
423 575 0
434 486 0
435 569 0
435 641 0
437 672 0
441 553 0
441 626 0
442 595 0
449 648 0
453 521 0
453 560 0
453 694 0
454 571 0
454 642 0
456 591 0
456 634 0
459 695 0
462 523 0
463 586 0
464 593 0
465 579 0
465 610 0
465 688 0
466 571 0
467 497 0
470 674 0
471 493 0
471 497 0
471 645 0
471 667 0
473 605 0
475 613 0
475 676 0
477 628 0
480 681 0
481 631 0
483 641 0
484 655 0
485 516 0
486 564 0
489 583 0
490 564 0
492 608 0
493 621 0
495 521 0
495 646 0
495 678 0
496 625 0
496 662 0
498 679 0
498 693 0
501 639 0
504 642 0
505 572 0
505 662 0
506 631 0
508 558 0
510 620 0
511 687 0
513 650 0
516 665 0
517 596 0
518 547 0
518 673 0
518 681 0
522 622 0
523 663 0
524 655 0
525 539 0
525 652 0
528 575 0
528 639 0
529 670 0
530 593 0
532 601 0
533 679 0
540 602 0
540 667 0
543 640 0
544 637 0
544 668 0
544 690 0
545 564 0
550 594 0
552 601 0
554 569 0
558 671 0
558 696 0
561 671 0
567 616 0
568 589 0
569 700 0
573 649 0
578 631 0
580 669 0
581 674 0
582 636 0
583 595 0
585 670 0
587 611 0
588 616 0
589 638 0
595 601 0
596 599 0
605 698 0
608 675 0
609 612 0
609 696 0
612 682 0
614 645 0
618 649 0
619 669 0
622 692 0
626 642 0
628 651 0
628 680 0
632 651 0
633 650 0
635 699 0
639 650 0
647 682 0
685 692 0
691 692 0
