40 81 0
1 17 0
1 18 0
1 38 0
2 7 0
2 20 0
2 24 0
2 26 0
3 9 0
4 6 0
4 10 0
4 19 0
4 35 0
5 30 0
5 33 0
6 30 0
6 36 0
6 39 0
7 19 0
7 34 0
7 39 0
8 10 0
8 19 0
8 21 0
8 26 0
8 30 0
8 39 0
9 10 0
9 17 0
9 27 0
9 39 0
10 18 0
10 23 0
10 25 0
11 14 0
11 26 0
12 14 0
12 18 0
12 38 0
13 33 0
13 34 0
14 32 0
14 33 0
14 38 0
15 24 0
16 24 0
16 25 0
16 27 0
16 28 0
16 34 0
17 26 0
17 32 0
18 23 0
19 24 0
19 26 0
19 40 0
20 40 0
21 38 0
21 40 0
22 24 0
22 26 0
22 29 0
22 39 0
23 25 0
25 31 0
25 35 0
25 36 0
25 37 0
26 31 0
26 39 0
28 40 0
29 34 0
30 35 0
32 33 0
32 34 0
32 40 0
33 35 0
33 38 0
34 35 0
34 36 0
34 39 0
38 39 0
