60 71 0
1 15 0
2 26 0
2 51 0
3 27 0
4 6 0
4 27 0
4 30 0
4 44 0
5 48 0
6 11 0
6 16 0
6 20 0
6 24 0
6 49 0
7 8 0
7 44 0
7 53 0
8 13 0
8 15 0
8 26 0
9 31 0
10 34 0
12 45 0
13 33 0
13 37 0
13 41 0
14 28 0
14 31 0
15 42 0
15 56 0
15 60 0
16 45 0
17 27 0
18 21 0
19 26 0
20 48 0
21 31 0
21 59 0
21 60 0
22 34 0
22 39 0
22 44 0
22 48 0
23 27 0
25 26 0
25 58 0
28 35 0
28 47 0
28 53 0
29 39 0
29 45 0
30 43 0
30 55 0
30 59 0
31 44 0
31 51 0
32 45 0
33 42 0
34 54 0
34 57 0
35 49 0
36 38 0
38 46 0
38 50 0
38 53 0
38 54 0
39 40 0
39 52 0
45 53 0
46 48 0
48 58 0
