120 152 0
1 8 0
2 11 0
2 65 0
2 86 0
2 99 0
2 103 0
2 120 0
3 54 0
3 77 0
3 101 0
3 111 0
4 69 0
4 110 0
5 77 0
5 92 0
5 110 0
6 45 0
7 13 0
8 14 0
8 19 0
8 21 0
8 73 0
9 24 0
9 48 0
9 53 0
9 97 0
10 111 0
12 23 0
12 26 0
12 69 0
12 73 0
12 108 0
13 68 0
13 99 0
13 100 0
14 43 0
14 72 0
15 57 0
15 64 0
15 74 0
15 89 0
16 30 0
17 102 0
18 43 0
18 56 0
20 54 0
21 79 0
22 98 0
23 41 0
23 107 0
24 39 0
25 80 0
26 53 0
27 33 0
27 76 0
27 95 0
27 118 0
28 66 0
28 101 0
28 119 0
29 107 0
30 32 0
30 72 0
30 94 0
30 105 0
31 112 0
32 103 0
34 43 0
34 93 0
35 85 0
36 79 0
36 109 0
37 107 0
38 109 0
39 54 0
40 110 0
41 67 0
41 78 0
41 86 0
41 93 0
42 43 0
43 53 0
43 89 0
44 73 0
44 79 0
45 74 0
45 83 0
46 77 0
47 79 0
47 117 0
47 120 0
49 54 0
50 82 0
51 85 0
52 56 0
52 102 0
53 66 0
53 82 0
54 76 0
55 60 0
56 78 0
56 82 0
58 85 0
58 107 0
59 109 0
60 81 0
60 104 0
60 118 0
61 68 0
61 77 0
62 111 0
62 113 0
63 84 0
63 91 0
63 103 0
63 118 0
64 120 0
66 73 0
66 100 0
66 118 0
67 98 0
67 101 0
67 109 0
70 82 0
71 111 0
72 98 0
73 85 0
74 75 0
74 119 0
75 89 0
75 92 0
75 96 0
75 114 0
77 88 0
79 105 0
80 113 0
80 116 0
80 117 0
87 112 0
90 98 0
95 97 0
98 102 0
99 107 0
99 119 0
101 117 0
102 106 0
102 117 0
105 112 0
105 119 0
110 117 0
111 112 0
112 115 0
