500 672 0
1 25 0
1 210 0
1 243 0
1 406 0
2 56 0
2 62 0
2 169 0
2 211 0
3 323 0
4 33 0
4 43 0
4 50 0
4 202 0
5 477 0
6 112 0
6 131 0
7 88 0
7 100 0
7 257 0
7 325 0
7 496 0
8 39 0
8 59 0
8 225 0
8 279 0
8 432 0
9 206 0
10 246 0
10 319 0
10 443 0
11 87 0
12 136 0
13 137 0
13 368 0
14 44 0
14 68 0
14 139 0
14 373 0
15 459 0
16 82 0
16 239 0
16 448 0
16 490 0
17 92 0
17 146 0
17 264 0
17 276 0
17 331 0
17 397 0
18 341 0
19 50 0
20 39 0
20 181 0
20 184 0
20 235 0
20 275 0
21 324 0
22 439 0
23 30 0
23 245 0
23 265 0
23 273 0
24 105 0
24 299 0
24 454 0
25 136 0
25 355 0
25 422 0
25 440 0
26 37 0
26 188 0
27 69 0
27 142 0
27 272 0
27 279 0
28 100 0
28 154 0
28 195 0
28 210 0
28 384 0
28 391 0
29 321 0
29 372 0
30 77 0
30 244 0
30 262 0
30 402 0
31 84 0
31 102 0
31 116 0
31 304 0
32 77 0
32 206 0
33 307 0
33 396 0
33 428 0
34 383 0
35 133 0
36 83 0
36 136 0
37 265 0
37 283 0
38 459 0
39 304 0
39 356 0
40 90 0
41 338 0
42 77 0
42 209 0
43 309 0
43 413 0
43 436 0
43 453 0
44 355 0
44 368 0
44 406 0
44 477 0
45 285 0
46 73 0
47 118 0
47 209 0
47 351 0
47 382 0
47 390 0
47 496 0
48 464 0
48 479 0
49 299 0
50 389 0
50 418 0
51 231 0
51 344 0
51 358 0
51 464 0
52 73 0
53 175 0
53 337 0
54 322 0
54 436 0
55 87 0
55 290 0
56 66 0
56 264 0
56 471 0
57 301 0
57 314 0
57 340 0
57 433 0
58 141 0
58 161 0
58 371 0
58 487 0
59 72 0
59 168 0
60 124 0
60 238 0
60 326 0
60 423 0
61 435 0
62 162 0
62 323 0
62 358 0
63 90 0
63 339 0
63 406 0
63 495 0
64 98 0
64 293 0
65 270 0
65 303 0
65 312 0
65 328 0
65 443 0
65 475 0
65 481 0
66 145 0
66 273 0
67 231 0
67 278 0
68 222 0
68 472 0
70 168 0
71 214 0
71 314 0
71 347 0
71 498 0
72 270 0
73 140 0
73 218 0
73 420 0
74 96 0
74 298 0
75 82 0
75 172 0
75 273 0
76 344 0
76 405 0
77 86 0
78 125 0
78 250 0
79 206 0
79 303 0
79 476 0
79 482 0
80 115 0
80 324 0
81 90 0
83 368 0
84 245 0
84 260 0
84 376 0
84 406 0
85 469 0
86 241 0
86 293 0
86 395 0
87 287 0
87 485 0
88 244 0
89 194 0
89 322 0
90 93 0
91 213 0
91 495 0
92 464 0
93 174 0
93 376 0
94 108 0
94 280 0
95 356 0
96 108 0
96 291 0
96 350 0
97 473 0
97 489 0
98 215 0
98 361 0
98 426 0
98 491 0
99 245 0
99 255 0
99 315 0
99 463 0
100 250 0
100 287 0
100 416 0
100 500 0
101 104 0
102 193 0
102 308 0
103 162 0
104 155 0
104 165 0
104 423 0
104 456 0
105 138 0
105 443 0
106 135 0
106 150 0
107 229 0
107 337 0
107 398 0
107 432 0
108 203 0
108 435 0
108 480 0
109 330 0
110 120 0
110 191 0
110 324 0
110 376 0
111 118 0
111 150 0
111 257 0
111 321 0
112 379 0
113 338 0
114 130 0
114 159 0
114 312 0
114 423 0
115 348 0
116 295 0
116 443 0
117 209 0
117 216 0
118 308 0
119 464 0
120 370 0
120 380 0
120 401 0
121 171 0
121 244 0
122 212 0
122 324 0
123 489 0
124 433 0
125 204 0
125 322 0
125 371 0
125 445 0
126 333 0
127 444 0
128 209 0
128 275 0
128 416 0
129 186 0
129 240 0
130 342 0
131 134 0
131 420 0
131 455 0
132 175 0
133 140 0
133 452 0
133 481 0
134 246 0
134 338 0
134 465 0
135 174 0
135 320 0
135 331 0
135 400 0
136 224 0
136 432 0
137 273 0
138 348 0
140 203 0
140 226 0
140 425 0
142 473 0
143 368 0
144 328 0
144 463 0
145 226 0
146 195 0
146 382 0
147 382 0
148 246 0
149 348 0
150 426 0
150 476 0
151 251 0
151 289 0
151 349 0
151 374 0
151 486 0
152 499 0
153 463 0
154 402 0
156 237 0
156 282 0
156 363 0
156 427 0
157 459 0
158 188 0
159 239 0
159 457 0
160 323 0
160 328 0
161 357 0
161 461 0
162 170 0
162 208 0
162 335 0
163 346 0
163 443 0
164 430 0
165 250 0
166 344 0
166 447 0
167 479 0
168 269 0
168 365 0
169 420 0
170 243 0
170 329 0
171 395 0
172 191 0
173 319 0
175 309 0
175 393 0
176 294 0
177 210 0
178 304 0
179 315 0
179 430 0
180 280 0
181 364 0
182 236 0
182 369 0
182 377 0
182 432 0
183 430 0
185 206 0
185 250 0
185 495 0
186 281 0
186 362 0
186 397 0
187 479 0
188 221 0
188 253 0
189 266 0
189 287 0
189 311 0
189 468 0
190 222 0
190 450 0
191 345 0
191 411 0
192 228 0
192 367 0
193 323 0
194 338 0
196 205 0
196 259 0
196 272 0
196 438 0
196 494 0
197 463 0
198 304 0
198 466 0
199 261 0
199 451 0
199 480 0
200 207 0
200 247 0
200 269 0
200 334 0
200 404 0
201 280 0
201 498 0
202 246 0
202 371 0
202 456 0
202 466 0
203 209 0
203 269 0
203 466 0
204 270 0
205 228 0
205 303 0
205 383 0
206 217 0
206 272 0
208 232 0
210 288 0
210 302 0
210 365 0
210 447 0
212 475 0
213 315 0
214 240 0
215 346 0
215 436 0
216 482 0
219 383 0
219 389 0
220 322 0
220 371 0
221 388 0
222 265 0
223 298 0
225 260 0
225 303 0
225 358 0
226 296 0
226 412 0
227 480 0
228 407 0
228 471 0
230 341 0
231 349 0
231 378 0
231 414 0
232 298 0
233 364 0
234 270 0
234 492 0
237 250 0
237 460 0
240 293 0
241 275 0
241 356 0
242 379 0
243 288 0
243 419 0
244 250 0
244 267 0
245 442 0
246 359 0
246 436 0
247 346 0
248 482 0
249 261 0
249 279 0
249 329 0
249 446 0
250 251 0
250 459 0
250 467 0
250 499 0
251 292 0
251 457 0
251 465 0
251 475 0
251 479 0
252 255 0
253 257 0
253 341 0
253 430 0
254 378 0
254 418 0
254 450 0
255 354 0
255 408 0
256 278 0
257 423 0
257 490 0
258 464 0
260 325 0
262 303 0
263 292 0
263 339 0
265 462 0
266 487 0
268 339 0
269 321 0
270 326 0
270 367 0
271 480 0
272 427 0
274 379 0
275 489 0
277 499 0
278 386 0
278 400 0
279 284 0
279 450 0
280 500 0
283 395 0
283 439 0
284 323 0
285 403 0
285 491 0
285 493 0
286 476 0
287 444 0
290 475 0
292 342 0
292 415 0
292 442 0
293 297 0
293 425 0
293 456 0
294 336 0
294 393 0
294 454 0
295 390 0
298 393 0
298 497 0
299 427 0
299 460 0
300 319 0
301 431 0
305 319 0
306 409 0
306 423 0
306 449 0
306 484 0
308 434 0
308 500 0
310 383 0
310 459 0
313 482 0
314 357 0
314 465 0
314 497 0
315 385 0
315 488 0
316 435 0
316 470 0
317 435 0
318 364 0
319 456 0
320 404 0
321 334 0
321 410 0
322 491 0
325 465 0
325 466 0
327 357 0
327 484 0
328 387 0
328 412 0
328 422 0
329 386 0
330 351 0
330 397 0
330 470 0
332 390 0
333 349 0
333 400 0
333 405 0
333 446 0
333 483 0
339 352 0
339 472 0
341 392 0
341 418 0
343 477 0
344 381 0
345 439 0
346 461 0
346 490 0
348 490 0
352 412 0
353 439 0
354 390 0
356 394 0
357 388 0
357 458 0
358 393 0
360 441 0
360 457 0
364 384 0
364 473 0
365 438 0
366 416 0
371 395 0
372 457 0
375 477 0
376 400 0
376 474 0
376 491 0
379 500 0
382 421 0
384 411 0
384 489 0
384 496 0
389 460 0
390 475 0
390 478 0
391 442 0
392 489 0
393 448 0
395 441 0
397 496 0
399 499 0
411 413 0
416 469 0
417 476 0
421 493 0
424 444 0
427 464 0
427 466 0
427 469 0
429 469 0
431 475 0
433 461 0
435 494 0
437 450 0
439 442 0
440 495 0
442 443 0
444 451 0
448 468 0
457 492 0
463 474 0
467 495 0
484 487 0
