140 229 0
1 15 0
1 39 0
1 53 0
1 67 0
1 88 0
2 75 0
3 31 0
3 62 0
3 99 0
3 126 0
4 66 0
4 90 0
4 108 0
5 43 0
5 69 0
5 78 0
5 130 0
6 10 0
6 40 0
6 41 0
6 99 0
7 26 0
8 73 0
8 80 0
8 115 0
8 116 0
8 122 0
8 136 0
9 32 0
10 36 0
10 46 0
10 127 0
10 131 0
11 42 0
11 68 0
12 26 0
13 17 0
13 89 0
14 58 0
14 110 0
14 121 0
14 140 0
15 87 0
16 48 0
16 89 0
16 98 0
16 101 0
17 21 0
17 46 0
17 92 0
17 111 0
17 124 0
17 128 0
18 39 0
18 50 0
18 65 0
18 136 0
18 140 0
19 98 0
19 125 0
20 26 0
22 83 0
22 103 0
22 107 0
22 131 0
23 85 0
23 118 0
24 106 0
24 127 0
25 85 0
26 46 0
26 126 0
27 35 0
28 128 0
29 75 0
30 41 0
30 45 0
30 105 0
30 114 0
30 139 0
30 140 0
31 84 0
31 132 0
32 55 0
32 74 0
32 84 0
33 100 0
34 54 0
34 98 0
34 135 0
35 74 0
35 104 0
35 124 0
36 53 0
36 63 0
36 73 0
36 76 0
36 129 0
36 138 0
37 48 0
37 49 0
37 54 0
37 59 0
37 65 0
37 72 0
37 93 0
37 133 0
38 85 0
39 88 0
39 97 0
40 56 0
40 82 0
41 51 0
41 94 0
41 107 0
42 86 0
42 99 0
42 120 0
44 68 0
44 77 0
44 91 0
44 93 0
44 97 0
44 126 0
44 134 0
45 79 0
45 81 0
45 135 0
45 140 0
46 91 0
46 123 0
46 124 0
47 70 0
47 72 0
47 99 0
48 73 0
49 57 0
49 68 0
49 93 0
49 95 0
49 96 0
49 137 0
50 103 0
50 114 0
51 90 0
51 113 0
51 132 0
52 61 0
52 83 0
52 108 0
53 78 0
53 82 0
53 98 0
54 63 0
54 94 0
55 73 0
55 81 0
56 69 0
56 93 0
56 140 0
57 96 0
57 115 0
58 107 0
59 105 0
60 100 0
60 107 0
60 135 0
61 94 0
62 89 0
62 136 0
63 123 0
64 127 0
66 68 0
66 71 0
66 129 0
66 131 0
67 134 0
69 75 0
69 85 0
70 74 0
70 94 0
71 87 0
71 95 0
72 76 0
72 77 0
72 80 0
72 119 0
73 128 0
74 82 0
74 92 0
74 100 0
75 78 0
75 125 0
76 131 0
79 109 0
80 82 0
80 89 0
81 94 0
83 85 0
84 85 0
84 88 0
87 89 0
87 100 0
88 105 0
90 126 0
92 128 0
94 108 0
95 132 0
96 123 0
97 106 0
98 109 0
99 128 0
100 112 0
100 128 0
101 127 0
102 108 0
105 121 0
105 138 0
106 132 0
108 117 0
108 131 0
109 113 0
109 120 0
109 139 0
110 123 0
114 125 0
115 127 0
118 123 0
122 128 0
