700 902 0
1 614 0
2 300 0
3 182 0
3 606 0
3 656 0
3 659 0
4 170 0
4 433 0
4 480 0
4 699 0
5 31 0
5 67 0
5 254 0
5 411 0
5 576 0
6 30 0
6 385 0
6 399 0
6 625 0
7 632 0
8 112 0
8 237 0
8 255 0
9 142 0
9 217 0
9 358 0
9 436 0
9 481 0
9 552 0
10 36 0
10 49 0
10 52 0
10 255 0
10 624 0
11 276 0
12 650 0
13 673 0
14 339 0
15 582 0
16 434 0
17 364 0
18 112 0
18 141 0
18 577 0
18 677 0
19 248 0
19 252 0
19 372 0
19 538 0
20 205 0
20 382 0
20 559 0
20 596 0
20 597 0
20 623 0
21 231 0
21 399 0
21 587 0
21 682 0
22 135 0
23 152 0
23 180 0
23 228 0
23 285 0
23 390 0
24 409 0
25 137 0
25 193 0
25 205 0
25 239 0
25 327 0
25 471 0
26 268 0
27 85 0
27 439 0
27 544 0
27 617 0
27 623 0
27 644 0
27 694 0
28 128 0
28 273 0
28 398 0
28 466 0
28 643 0
28 679 0
29 603 0
31 459 0
31 570 0
32 142 0
32 284 0
32 576 0
32 675 0
33 88 0
33 212 0
33 427 0
33 624 0
34 127 0
35 186 0
35 276 0
35 375 0
35 461 0
36 408 0
36 555 0
36 660 0
37 632 0
38 88 0
39 275 0
40 236 0
40 470 0
40 568 0
40 694 0
41 111 0
41 442 0
41 511 0
41 568 0
42 153 0
42 523 0
42 527 0
43 309 0
44 127 0
44 321 0
44 487 0
44 636 0
45 151 0
45 276 0
45 356 0
46 115 0
46 209 0
46 220 0
46 270 0
47 175 0
48 550 0
49 76 0
49 179 0
49 318 0
50 75 0
50 110 0
50 182 0
50 471 0
51 187 0
52 123 0
52 155 0
52 273 0
52 525 0
52 536 0
53 650 0
54 88 0
55 242 0
56 689 0
57 687 0
58 369 0
58 570 0
58 640 0
58 688 0
59 94 0
59 222 0
59 354 0
59 459 0
59 518 0
59 568 0
60 146 0
61 427 0
62 636 0
63 83 0
64 549 0
65 200 0
65 310 0
65 523 0
65 680 0
66 666 0
67 375 0
67 487 0
67 528 0
67 624 0
68 189 0
68 258 0
68 400 0
68 459 0
68 511 0
68 612 0
69 99 0
69 152 0
69 157 0
69 600 0
70 456 0
71 265 0
71 340 0
71 500 0
71 513 0
71 649 0
72 165 0
73 208 0
74 670 0
75 208 0
75 477 0
75 539 0
76 193 0
76 666 0
77 456 0
78 342 0
79 119 0
79 379 0
79 603 0
80 232 0
80 374 0
80 410 0
80 681 0
81 330 0
82 139 0
82 439 0
82 453 0
82 611 0
83 134 0
83 436 0
83 627 0
84 632 0
85 421 0
85 593 0
86 266 0
87 310 0
88 188 0
88 618 0
89 215 0
89 272 0
89 366 0
89 432 0
89 509 0
89 642 0
90 370 0
90 507 0
90 538 0
90 564 0
91 163 0
91 197 0
91 576 0
91 622 0
92 170 0
92 292 0
92 502 0
93 590 0
94 444 0
94 549 0
95 196 0
96 233 0
97 462 0
98 205 0
98 515 0
98 551 0
98 591 0
100 405 0
100 446 0
100 485 0
100 502 0
100 671 0
101 680 0
102 178 0
102 267 0
102 338 0
102 629 0
103 563 0
104 198 0
104 201 0
104 506 0
104 679 0
105 165 0
105 300 0
105 446 0
105 467 0
105 470 0
105 487 0
106 132 0
106 563 0
106 585 0
107 560 0
108 589 0
109 583 0
110 135 0
110 146 0
110 251 0
110 261 0
110 334 0
110 370 0
110 452 0
112 609 0
112 619 0
112 693 0
113 321 0
114 266 0
116 486 0
116 603 0
116 675 0
117 510 0
118 153 0
119 345 0
119 411 0
119 501 0
119 538 0
119 669 0
120 181 0
121 247 0
122 634 0
123 281 0
123 394 0
124 418 0
124 494 0
124 553 0
124 662 0
124 694 0
125 347 0
126 666 0
127 440 0
127 621 0
128 195 0
128 371 0
129 356 0
130 593 0
131 549 0
132 181 0
132 232 0
132 391 0
132 671 0
133 212 0
135 229 0
135 254 0
135 281 0
136 408 0
137 169 0
137 265 0
137 266 0
137 394 0
137 499 0
138 212 0
139 308 0
139 367 0
139 645 0
140 603 0
142 330 0
143 157 0
143 570 0
143 670 0
144 522 0
145 593 0
146 337 0
146 601 0
146 644 0
147 394 0
148 427 0
149 467 0
150 361 0
151 630 0
151 638 0
151 692 0
152 278 0
152 339 0
152 487 0
153 298 0
153 376 0
153 554 0
153 617 0
154 237 0
156 469 0
157 276 0
157 439 0
158 486 0
159 689 0
160 291 0
160 471 0
160 641 0
160 684 0
161 527 0
162 189 0
162 302 0
162 360 0
162 400 0
162 492 0
163 335 0
163 549 0
163 550 0
164 386 0
164 397 0
164 403 0
165 203 0
165 412 0
166 354 0
166 379 0
166 522 0
167 583 0
168 594 0
169 198 0
169 289 0
169 377 0
169 545 0
169 588 0
170 375 0
170 583 0
170 670 0
171 310 0
172 599 0
173 276 0
174 356 0
175 178 0
175 328 0
175 489 0
176 361 0
177 197 0
177 230 0
177 278 0
177 287 0
177 312 0
178 200 0
178 585 0
181 352 0
181 540 0
182 454 0
182 510 0
182 676 0
183 614 0
184 589 0
185 276 0
185 555 0
185 609 0
186 349 0
186 548 0
186 558 0
187 205 0
187 520 0
187 616 0
189 262 0
189 284 0
190 366 0
190 576 0
190 607 0
190 617 0
191 196 0
192 197 0
192 200 0
192 335 0
193 518 0
193 593 0
194 258 0
194 364 0
194 424 0
194 556 0
195 291 0
195 534 0
195 541 0
196 354 0
196 567 0
197 242 0
197 355 0
198 289 0
198 593 0
199 251 0
199 461 0
199 688 0
200 448 0
200 570 0
202 331 0
204 280 0
204 346 0
204 384 0
204 501 0
205 564 0
206 652 0
207 485 0
208 225 0
208 631 0
210 693 0
211 397 0
212 401 0
212 638 0
213 527 0
214 590 0
216 675 0
218 590 0
219 261 0
220 293 0
220 353 0
220 562 0
220 689 0
221 339 0
221 597 0
221 617 0
221 680 0
222 292 0
222 339 0
222 435 0
222 468 0
223 680 0
224 550 0
226 486 0
227 680 0
228 257 0
228 562 0
230 291 0
230 379 0
230 528 0
232 313 0
232 380 0
232 640 0
233 501 0
233 592 0
233 615 0
234 687 0
235 300 0
236 441 0
236 454 0
236 641 0
237 366 0
237 503 0
237 637 0
238 241 0
239 292 0
239 330 0
239 687 0
240 531 0
241 301 0
241 647 0
241 660 0
241 696 0
242 273 0
242 432 0
242 437 0
243 321 0
244 286 0
245 675 0
246 614 0
247 345 0
247 447 0
247 528 0
249 410 0
250 397 0
251 367 0
251 610 0
253 409 0
254 273 0
255 288 0
255 514 0
256 583 0
257 416 0
257 490 0
257 535 0
257 598 0
257 612 0
258 387 0
258 476 0
259 634 0
260 555 0
261 435 0
261 484 0
262 334 0
262 468 0
262 524 0
262 664 0
262 665 0
263 609 0
264 602 0
265 602 0
266 505 0
266 519 0
268 374 0
268 470 0
268 494 0
268 575 0
269 556 0
270 424 0
270 501 0
270 536 0
271 670 0
274 529 0
275 351 0
275 495 0
275 697 0
276 686 0
277 523 0
278 640 0
278 645 0
279 300 0
281 539 0
281 585 0
282 610 0
283 561 0
283 649 0
283 673 0
284 294 0
284 327 0
284 369 0
284 574 0
286 443 0
286 478 0
286 491 0
286 646 0
289 542 0
289 560 0
290 309 0
291 379 0
291 688 0
292 319 0
292 595 0
293 453 0
293 561 0
293 684 0
295 342 0
296 676 0
297 314 0
297 332 0
297 564 0
297 568 0
297 618 0
299 424 0
300 386 0
300 483 0
300 618 0
301 331 0
301 375 0
301 408 0
301 454 0
302 363 0
302 518 0
303 357 0
303 378 0
303 657 0
303 685 0
304 645 0
305 355 0
305 452 0
305 471 0
305 671 0
306 582 0
307 389 0
308 436 0
308 475 0
308 576 0
309 482 0
309 630 0
310 543 0
311 556 0
315 537 0
316 421 0
317 653 0
320 354 0
320 444 0
320 502 0
321 509 0
321 546 0
322 523 0
323 391 0
324 330 0
325 477 0
325 641 0
325 689 0
326 549 0
327 690 0
329 560 0
330 623 0
331 363 0
331 369 0
331 557 0
331 628 0
333 531 0
334 653 0
335 648 0
335 691 0
336 530 0
338 585 0
338 650 0
339 362 0
341 342 0
342 649 0
343 650 0
344 693 0
345 512 0
345 522 0
345 599 0
347 363 0
347 579 0
347 684 0
348 387 0
348 392 0
348 464 0
348 484 0
348 512 0
350 394 0
351 511 0
351 526 0
351 593 0
351 594 0
353 411 0
353 494 0
353 674 0
354 449 0
354 530 0
355 404 0
355 445 0
356 455 0
356 607 0
359 585 0
361 518 0
361 581 0
361 591 0
363 505 0
364 402 0
364 521 0
365 444 0
366 376 0
366 386 0
366 421 0
367 414 0
367 584 0
367 644 0
368 673 0
369 469 0
370 439 0
370 684 0
371 550 0
371 556 0
371 634 0
373 594 0
374 389 0
374 679 0
376 644 0
379 404 0
379 438 0
379 505 0
381 676 0
383 502 0
386 653 0
387 425 0
387 651 0
388 449 0
389 479 0
389 538 0
391 452 0
391 604 0
393 522 0
395 403 0
396 531 0
397 607 0
397 620 0
399 526 0
399 537 0
400 563 0
403 448 0
403 509 0
404 478 0
404 498 0
404 677 0
405 417 0
405 458 0
405 490 0
406 461 0
407 562 0
408 426 0
409 572 0
409 607 0
410 518 0
410 532 0
411 490 0
411 671 0
413 419 0
413 437 0
413 475 0
413 497 0
415 676 0
420 510 0
421 566 0
422 434 0
422 449 0
422 536 0
423 602 0
424 493 0
424 608 0
424 669 0
427 554 0
428 645 0
429 462 0
430 485 0
431 610 0
432 550 0
434 475 0
434 578 0
434 661 0
434 677 0
436 634 0
437 494 0
441 470 0
441 617 0
444 630 0
446 499 0
446 529 0
448 582 0
448 603 0
449 586 0
450 562 0
451 585 0
453 602 0
456 571 0
456 657 0
457 469 0
459 471 0
460 510 0
461 683 0
462 516 0
462 554 0
462 674 0
463 636 0
465 561 0
467 498 0
467 547 0
468 594 0
469 633 0
469 684 0
470 619 0
472 477 0
473 555 0
474 693 0
475 527 0
476 654 0
476 667 0
476 672 0
477 658 0
478 602 0
478 671 0
478 675 0
483 680 0
483 690 0
484 679 0
485 605 0
486 612 0
488 675 0
491 599 0
491 636 0
494 557 0
494 620 0
494 690 0
496 530 0
498 671 0
499 636 0
501 563 0
502 698 0
504 563 0
505 523 0
505 542 0
508 634 0
512 634 0
517 688 0
518 590 0
526 570 0
526 630 0
529 534 0
529 622 0
529 681 0
530 655 0
531 674 0
533 688 0
534 684 0
536 550 0
537 663 0
537 678 0
539 613 0
539 695 0
542 689 0
550 552 0
552 666 0
555 597 0
555 679 0
556 573 0
557 687 0
560 641 0
561 612 0
565 609 0
568 632 0
569 690 0
570 619 0
580 652 0
582 626 0
589 684 0
589 700 0
591 669 0
599 668 0
603 669 0
605 652 0
605 687 0
610 641 0
614 622 0
617 673 0
619 651 0
619 657 0
619 679 0
620 651 0
620 675 0
622 650 0
624 649 0
635 652 0
638 641 0
639 673 0
645 660 0
649 666 0
652 657 0
653 674 0
670 681 0
