140 193 0
1 9 0
1 120 0
2 3 0
2 36 0
2 96 0
2 116 0
3 8 0
3 96 0
4 74 0
4 80 0
4 104 0
5 8 0
5 58 0
5 98 0
5 124 0
5 127 0
6 9 0
7 43 0
7 60 0
8 54 0
8 73 0
8 94 0
9 14 0
9 82 0
9 131 0
10 26 0
10 49 0
11 33 0
11 44 0
11 60 0
12 26 0
12 28 0
12 40 0
12 72 0
12 85 0
12 110 0
13 42 0
14 22 0
14 46 0
14 50 0
14 70 0
15 140 0
16 67 0
16 92 0
16 105 0
17 94 0
17 121 0
18 60 0
19 31 0
19 36 0
19 96 0
19 121 0
20 63 0
20 70 0
20 107 0
21 91 0
22 41 0
22 49 0
22 51 0
22 102 0
22 138 0
23 86 0
24 92 0
24 94 0
25 54 0
26 40 0
26 51 0
26 78 0
26 119 0
26 122 0
27 93 0
28 115 0
29 77 0
29 129 0
29 133 0
30 75 0
30 82 0
31 38 0
31 62 0
31 131 0
32 96 0
32 109 0
33 80 0
34 91 0
34 100 0
34 104 0
35 86 0
36 52 0
36 59 0
37 115 0
37 117 0
38 40 0
38 98 0
38 129 0
39 54 0
39 75 0
40 72 0
40 92 0
40 98 0
41 127 0
42 103 0
42 107 0
42 130 0
42 136 0
43 46 0
43 90 0
43 123 0
44 70 0
44 83 0
44 87 0
44 89 0
44 116 0
45 93 0
46 107 0
46 129 0
47 91 0
48 100 0
50 56 0
50 65 0
50 117 0
50 124 0
52 108 0
53 92 0
54 60 0
54 99 0
54 111 0
54 113 0
54 139 0
55 96 0
56 99 0
56 121 0
57 62 0
57 81 0
57 105 0
57 114 0
58 68 0
58 119 0
58 120 0
60 62 0
60 64 0
61 126 0
62 134 0
63 89 0
63 124 0
65 102 0
66 80 0
67 70 0
69 70 0
69 86 0
70 125 0
71 134 0
71 136 0
74 75 0
74 118 0
74 121 0
75 84 0
75 131 0
76 100 0
77 95 0
77 107 0
77 128 0
78 93 0
79 86 0
79 93 0
79 98 0
79 100 0
80 113 0
86 114 0
86 125 0
88 121 0
90 111 0
91 131 0
91 137 0
96 135 0
97 124 0
99 108 0
101 115 0
104 126 0
106 127 0
107 124 0
108 134 0
109 134 0
112 127 0
113 115 0
113 129 0
114 127 0
116 126 0
116 129 0
116 140 0
118 140 0
124 136 0
126 133 0
132 140 0
