500 672 0
1 162 0
2 188 0
3 142 0
3 179 0
3 240 0
4 57 0
4 208 0
4 261 0
4 356 0
4 395 0
4 416 0
5 185 0
5 197 0
5 214 0
5 277 0
5 357 0
6 347 0
6 481 0
7 139 0
7 158 0
7 318 0
8 219 0
9 181 0
10 139 0
10 151 0
10 218 0
10 297 0
10 313 0
11 351 0
12 68 0
13 17 0
13 279 0
13 305 0
13 443 0
14 55 0
15 269 0
16 105 0
16 139 0
16 300 0
16 371 0
16 430 0
17 248 0
17 340 0
17 412 0
18 187 0
19 89 0
19 109 0
19 225 0
19 270 0
19 319 0
19 384 0
20 185 0
21 217 0
22 433 0
22 490 0
23 140 0
23 326 0
24 156 0
24 180 0
24 204 0
24 258 0
24 345 0
25 138 0
25 177 0
25 233 0
25 449 0
26 214 0
26 463 0
27 273 0
28 138 0
28 228 0
28 386 0
28 499 0
29 42 0
29 73 0
30 96 0
30 117 0
30 315 0
30 358 0
30 368 0
30 381 0
31 350 0
31 386 0
32 184 0
32 208 0
32 309 0
32 387 0
33 109 0
33 139 0
34 170 0
34 204 0
34 337 0
34 408 0
35 166 0
35 186 0
35 243 0
35 264 0
35 370 0
36 140 0
37 45 0
37 60 0
37 136 0
37 375 0
38 248 0
38 453 0
39 60 0
39 87 0
39 146 0
39 150 0
39 412 0
39 469 0
40 75 0
40 188 0
40 227 0
40 381 0
41 406 0
42 253 0
42 337 0
42 363 0
43 61 0
44 94 0
44 116 0
44 127 0
44 419 0
44 465 0
46 301 0
46 382 0
47 429 0
48 73 0
48 303 0
48 373 0
49 341 0
50 206 0
50 432 0
51 95 0
51 168 0
51 212 0
51 441 0
52 54 0
52 325 0
52 472 0
53 334 0
53 397 0
54 209 0
54 248 0
54 384 0
55 130 0
55 131 0
55 237 0
55 364 0
56 288 0
58 255 0
58 289 0
58 394 0
58 464 0
59 170 0
59 177 0
59 240 0
59 269 0
59 466 0
60 351 0
60 391 0
60 415 0
61 165 0
61 310 0
61 372 0
62 475 0
63 106 0
64 223 0
64 326 0
65 100 0
65 397 0
65 403 0
65 417 0
66 219 0
67 405 0
68 206 0
68 208 0
68 271 0
68 287 0
69 281 0
70 75 0
71 493 0
72 168 0
72 202 0
72 282 0
72 461 0
73 192 0
73 254 0
73 477 0
73 495 0
74 278 0
74 438 0
75 84 0
75 294 0
75 303 0
75 368 0
76 266 0
76 482 0
77 212 0
78 351 0
79 412 0
80 179 0
80 293 0
80 402 0
80 474 0
81 398 0
82 115 0
82 142 0
82 340 0
82 431 0
82 447 0
83 150 0
83 221 0
83 296 0
83 463 0
84 264 0
84 355 0
85 423 0
85 451 0
86 269 0
86 498 0
87 91 0
87 260 0
87 357 0
88 347 0
88 409 0
88 449 0
89 142 0
89 450 0
90 142 0
90 267 0
91 127 0
91 282 0
91 364 0
92 120 0
93 394 0
93 432 0
93 446 0
93 500 0
94 259 0
94 306 0
94 336 0
94 356 0
95 165 0
95 256 0
95 377 0
97 121 0
97 361 0
97 475 0
98 420 0
98 499 0
99 303 0
99 357 0
100 159 0
100 236 0
100 265 0
100 333 0
100 339 0
101 138 0
101 347 0
101 427 0
101 493 0
102 228 0
102 377 0
103 200 0
103 232 0
103 292 0
103 451 0
104 403 0
105 122 0
105 145 0
106 133 0
106 169 0
106 175 0
106 410 0
107 310 0
107 453 0
108 216 0
109 468 0
110 200 0
110 215 0
110 219 0
110 227 0
110 325 0
111 493 0
112 220 0
112 250 0
112 421 0
112 440 0
112 444 0
113 439 0
113 476 0
114 322 0
115 292 0
118 213 0
118 249 0
118 366 0
118 402 0
118 405 0
119 127 0
119 216 0
120 368 0
120 373 0
120 445 0
120 484 0
121 380 0
122 277 0
123 313 0
123 406 0
124 482 0
125 214 0
125 464 0
126 213 0
126 232 0
127 190 0
127 206 0
127 326 0
128 322 0
129 199 0
129 466 0
130 205 0
131 488 0
132 167 0
134 154 0
135 211 0
135 383 0
135 436 0
135 470 0
137 208 0
137 284 0
137 456 0
137 485 0
138 383 0
139 203 0
139 209 0
139 390 0
139 494 0
140 199 0
140 203 0
140 353 0
141 482 0
142 359 0
142 422 0
142 489 0
143 266 0
144 476 0
145 283 0
145 330 0
145 364 0
145 402 0
145 416 0
145 448 0
146 215 0
147 380 0
148 471 0
149 415 0
150 398 0
150 481 0
151 288 0
151 322 0
151 340 0
151 427 0
152 169 0
152 208 0
152 241 0
152 329 0
152 337 0
152 446 0
152 457 0
153 208 0
153 240 0
153 264 0
154 350 0
154 404 0
154 434 0
155 240 0
156 249 0
156 380 0
156 478 0
157 366 0
158 171 0
158 198 0
158 383 0
158 388 0
159 400 0
160 224 0
161 288 0
162 242 0
162 257 0
162 356 0
163 244 0
163 431 0
164 453 0
165 341 0
165 417 0
166 366 0
166 396 0
167 203 0
167 238 0
167 391 0
169 437 0
169 476 0
171 460 0
172 223 0
172 258 0
172 272 0
172 276 0
172 469 0
173 397 0
173 492 0
174 197 0
174 380 0
174 392 0
175 213 0
176 405 0
177 356 0
177 411 0
178 381 0
181 270 0
181 334 0
181 460 0
182 386 0
183 435 0
184 378 0
185 364 0
185 428 0
185 479 0
187 358 0
187 394 0
187 458 0
187 496 0
188 312 0
188 492 0
189 317 0
190 381 0
191 192 0
191 206 0
191 248 0
192 233 0
192 301 0
192 317 0
192 476 0
193 437 0
193 449 0
194 222 0
195 201 0
195 425 0
195 426 0
196 445 0
197 274 0
197 431 0
197 455 0
198 302 0
199 262 0
199 407 0
200 394 0
200 402 0
200 425 0
201 219 0
203 249 0
204 312 0
204 412 0
205 239 0
205 295 0
205 383 0
206 487 0
207 231 0
207 281 0
208 446 0
209 310 0
210 371 0
210 418 0
210 490 0
212 331 0
212 349 0
212 364 0
213 220 0
213 285 0
213 286 0
214 302 0
215 343 0
215 462 0
216 371 0
216 420 0
217 365 0
217 376 0
217 435 0
218 326 0
220 324 0
222 335 0
222 411 0
222 452 0
224 255 0
224 270 0
224 327 0
224 413 0
225 354 0
226 288 0
227 244 0
227 368 0
227 449 0
228 244 0
228 341 0
228 399 0
229 264 0
229 386 0
230 427 0
231 351 0
232 328 0
232 483 0
233 243 0
233 440 0
234 275 0
234 281 0
235 291 0
235 412 0
236 403 0
240 320 0
241 361 0
241 429 0
243 294 0
243 416 0
243 438 0
243 445 0
245 267 0
246 471 0
247 325 0
248 407 0
249 425 0
251 301 0
251 310 0
252 257 0
252 437 0
253 276 0
260 449 0
260 457 0
262 263 0
263 393 0
263 433 0
263 469 0
265 301 0
265 477 0
266 337 0
266 348 0
266 498 0
267 282 0
267 342 0
267 417 0
268 315 0
268 374 0
268 376 0
268 417 0
268 423 0
269 389 0
270 357 0
271 379 0
273 290 0
273 440 0
273 486 0
275 412 0
277 361 0
277 371 0
277 497 0
278 341 0
280 388 0
280 396 0
281 364 0
281 437 0
282 429 0
283 343 0
284 487 0
290 410 0
291 438 0
292 314 0
292 446 0
292 473 0
295 393 0
298 451 0
299 437 0
303 355 0
303 402 0
304 325 0
307 317 0
307 322 0
308 380 0
308 447 0
309 485 0
311 347 0
315 333 0
316 386 0
316 398 0
317 369 0
318 431 0
319 445 0
320 490 0
321 429 0
322 378 0
322 459 0
323 341 0
323 405 0
324 415 0
325 330 0
325 397 0
326 422 0
329 478 0
330 401 0
332 438 0
338 427 0
339 392 0
340 457 0
341 424 0
344 476 0
346 406 0
350 388 0
350 417 0
350 453 0
351 432 0
352 388 0
354 466 0
357 371 0
360 478 0
362 471 0
364 366 0
364 406 0
366 409 0
367 447 0
368 432 0
368 490 0
375 438 0
376 406 0
376 425 0
377 422 0
379 397 0
380 418 0
381 472 0
382 426 0
385 447 0
386 491 0
387 445 0
388 410 0
390 415 0
392 481 0
393 466 0
394 431 0
395 445 0
396 398 0
399 427 0
400 451 0
401 481 0
403 459 0
410 425 0
411 426 0
411 482 0
414 431 0
415 498 0
417 457 0
425 449 0
426 441 0
426 499 0
427 439 0
430 472 0
440 475 0
442 475 0
450 466 0
453 454 0
467 499 0
468 493 0
469 471 0
478 488 0
480 499 0
481 491 0
