450 581 0
1 161 0
1 253 0
2 119 0
2 130 0
3 292 0
4 422 0
5 58 0
5 158 0
6 24 0
6 82 0
6 313 0
6 438 0
7 275 0
8 35 0
8 62 0
8 79 0
8 257 0
8 332 0
9 42 0
9 73 0
9 157 0
9 339 0
10 145 0
11 85 0
11 98 0
11 218 0
11 298 0
11 324 0
12 52 0
12 335 0
12 339 0
12 437 0
13 99 0
13 265 0
13 292 0
13 367 0
13 425 0
14 246 0
15 29 0
15 70 0
15 339 0
16 368 0
17 26 0
18 206 0
18 431 0
19 140 0
19 194 0
19 226 0
19 249 0
19 393 0
20 261 0
20 335 0
21 76 0
21 96 0
21 162 0
21 229 0
21 416 0
22 91 0
22 218 0
22 223 0
22 390 0
22 415 0
23 112 0
23 164 0
23 272 0
23 305 0
23 379 0
24 438 0
25 228 0
26 150 0
26 370 0
26 380 0
27 226 0
27 434 0
28 317 0
28 423 0
29 262 0
29 406 0
30 66 0
31 149 0
32 358 0
33 172 0
33 317 0
33 341 0
33 385 0
34 110 0
35 175 0
35 237 0
35 283 0
35 307 0
35 427 0
36 191 0
36 365 0
37 89 0
37 123 0
37 228 0
37 368 0
37 382 0
37 432 0
38 395 0
39 48 0
39 180 0
39 301 0
39 435 0
40 126 0
41 384 0
42 233 0
42 355 0
43 238 0
44 226 0
44 301 0
45 205 0
45 208 0
45 220 0
45 224 0
45 375 0
46 104 0
46 135 0
46 154 0
46 234 0
46 268 0
46 369 0
47 200 0
47 227 0
47 433 0
48 132 0
48 201 0
48 323 0
48 390 0
48 413 0
49 132 0
50 170 0
50 340 0
51 270 0
51 273 0
51 305 0
51 420 0
53 261 0
54 371 0
55 187 0
56 58 0
56 134 0
56 228 0
56 405 0
57 140 0
58 83 0
58 232 0
58 295 0
58 365 0
58 374 0
58 412 0
59 385 0
60 108 0
61 81 0
61 84 0
61 163 0
61 434 0
63 289 0
64 149 0
64 349 0
65 91 0
65 117 0
65 334 0
65 348 0
66 159 0
66 186 0
66 211 0
67 212 0
67 306 0
67 376 0
67 382 0
68 240 0
68 441 0
69 315 0
69 428 0
70 83 0
70 111 0
70 195 0
70 350 0
71 385 0
72 206 0
73 132 0
74 292 0
75 355 0
76 269 0
77 269 0
78 156 0
78 252 0
78 308 0
78 337 0
80 172 0
80 179 0
80 392 0
81 160 0
81 237 0
81 372 0
82 102 0
82 245 0
82 296 0
85 129 0
85 147 0
85 332 0
85 428 0
86 367 0
87 90 0
87 146 0
88 145 0
89 312 0
90 422 0
90 438 0
92 238 0
93 333 0
94 214 0
95 188 0
95 207 0
95 263 0
95 353 0
97 429 0
98 99 0
98 107 0
98 251 0
98 278 0
99 137 0
99 196 0
99 420 0
100 264 0
101 201 0
102 146 0
102 171 0
102 281 0
102 442 0
103 307 0
104 234 0
105 320 0
105 367 0
106 253 0
108 114 0
108 191 0
108 290 0
108 377 0
109 128 0
110 227 0
110 292 0
110 369 0
110 413 0
111 171 0
111 206 0
111 261 0
112 115 0
112 223 0
112 341 0
113 275 0
115 167 0
115 211 0
115 232 0
116 298 0
116 426 0
117 249 0
118 412 0
119 125 0
119 204 0
119 393 0
119 395 0
119 414 0
120 388 0
121 200 0
122 132 0
122 365 0
122 438 0
124 213 0
125 150 0
125 249 0
125 315 0
125 406 0
126 154 0
126 282 0
126 291 0
127 240 0
128 183 0
128 185 0
128 426 0
129 306 0
130 243 0
130 254 0
130 409 0
131 138 0
132 192 0
132 208 0
132 330 0
132 351 0
133 214 0
134 442 0
135 409 0
136 392 0
137 171 0
137 223 0
137 423 0
138 239 0
138 366 0
138 369 0
138 440 0
139 172 0
140 197 0
140 221 0
141 239 0
141 265 0
141 381 0
141 410 0
142 144 0
142 271 0
142 322 0
142 416 0
143 187 0
145 231 0
145 247 0
146 175 0
146 240 0
146 379 0
146 419 0
148 152 0
148 203 0
148 334 0
148 378 0
149 165 0
149 197 0
149 370 0
150 384 0
150 435 0
151 294 0
151 298 0
153 355 0
154 171 0
154 213 0
155 169 0
155 282 0
155 346 0
158 256 0
158 320 0
158 360 0
158 377 0
160 187 0
161 220 0
163 217 0
163 345 0
163 449 0
164 204 0
164 220 0
164 333 0
164 403 0
166 201 0
167 200 0
167 249 0
167 253 0
167 433 0
168 269 0
169 187 0
169 240 0
169 275 0
169 427 0
170 181 0
170 233 0
170 370 0
172 394 0
173 213 0
174 442 0
176 357 0
176 385 0
177 406 0
178 309 0
179 237 0
179 387 0
181 253 0
181 381 0
182 357 0
184 368 0
188 255 0
189 358 0
190 365 0
192 213 0
193 329 0
193 403 0
194 279 0
194 284 0
194 324 0
194 401 0
195 276 0
195 403 0
196 198 0
196 395 0
196 407 0
196 409 0
197 316 0
198 333 0
199 357 0
200 389 0
200 430 0
200 436 0
200 450 0
201 297 0
201 377 0
202 217 0
203 217 0
206 222 0
208 365 0
208 415 0
209 449 0
210 213 0
210 264 0
211 309 0
211 368 0
213 253 0
213 350 0
214 232 0
214 328 0
214 384 0
215 225 0
215 319 0
216 246 0
217 402 0
217 444 0
218 239 0
218 377 0
219 307 0
219 367 0
220 225 0
220 248 0
222 333 0
223 392 0
226 250 0
228 231 0
228 308 0
228 378 0
228 399 0
230 276 0
230 316 0
230 321 0
230 411 0
230 416 0
231 346 0
231 415 0
232 303 0
235 303 0
236 411 0
236 429 0
237 387 0
237 446 0
238 272 0
238 361 0
239 289 0
239 362 0
240 287 0
241 327 0
242 277 0
242 395 0
244 412 0
246 272 0
246 397 0
249 252 0
249 423 0
252 422 0
252 438 0
253 356 0
254 278 0
255 371 0
257 388 0
258 438 0
259 298 0
259 323 0
259 379 0
260 429 0
261 318 0
262 303 0
263 264 0
263 341 0
263 384 0
264 405 0
266 327 0
267 322 0
267 392 0
269 420 0
272 392 0
274 285 0
274 309 0
275 424 0
276 292 0
277 298 0
279 395 0
280 281 0
280 335 0
281 329 0
281 364 0
283 374 0
283 422 0
285 368 0
286 425 0
288 384 0
289 299 0
289 326 0
289 383 0
290 358 0
293 323 0
294 388 0
294 445 0
299 347 0
299 425 0
300 371 0
302 449 0
303 372 0
304 355 0
307 314 0
307 343 0
308 312 0
309 396 0
310 315 0
311 317 0
312 412 0
313 319 0
313 439 0
315 400 0
315 409 0
317 336 0
318 437 0
319 354 0
319 379 0
323 441 0
324 344 0
325 346 0
327 369 0
327 386 0
331 425 0
333 373 0
334 358 0
334 372 0
334 390 0
338 398 0
338 448 0
339 341 0
339 412 0
340 384 0
342 433 0
344 398 0
345 382 0
345 416 0
345 423 0
346 445 0
347 362 0
348 425 0
349 384 0
349 403 0
351 422 0
352 449 0
355 379 0
357 426 0
359 431 0
361 378 0
362 418 0
362 439 0
363 442 0
369 427 0
370 390 0
371 420 0
377 388 0
377 402 0
379 420 0
382 429 0
385 443 0
389 407 0
391 407 0
392 417 0
398 421 0
398 426 0
404 431 0
406 448 0
407 447 0
408 438 0
409 431 0
415 426 0
423 427 0
426 432 0
433 450 0
438 446 0
