600 712 0
1 441 0
2 392 0
3 287 0
4 200 0
4 284 0
4 571 0
5 40 0
5 42 0
5 176 0
5 319 0
5 358 0
6 242 0
7 302 0
8 214 0
9 124 0
9 204 0
9 495 0
9 541 0
10 450 0
11 45 0
11 233 0
11 407 0
11 416 0
12 25 0
12 80 0
12 158 0
12 172 0
13 434 0
14 357 0
15 43 0
16 47 0
16 198 0
16 227 0
16 451 0
17 220 0
18 59 0
18 326 0
18 327 0
18 454 0
18 501 0
18 516 0
19 77 0
19 122 0
19 293 0
19 594 0
20 284 0
21 34 0
21 81 0
21 257 0
21 308 0
21 438 0
21 475 0
22 31 0
22 178 0
22 216 0
22 290 0
23 589 0
24 164 0
25 232 0
25 328 0
25 570 0
26 35 0
26 84 0
26 152 0
26 484 0
27 242 0
28 441 0
29 154 0
29 161 0
29 480 0
30 588 0
31 73 0
31 419 0
31 532 0
32 100 0
33 88 0
33 164 0
33 281 0
33 360 0
33 460 0
34 116 0
34 163 0
34 428 0
35 244 0
35 487 0
35 516 0
36 303 0
37 327 0
38 63 0
38 124 0
38 264 0
38 365 0
39 212 0
39 230 0
39 483 0
41 511 0
43 67 0
43 336 0
43 337 0
44 89 0
46 358 0
46 392 0
46 586 0
48 404 0
49 122 0
50 238 0
50 513 0
50 516 0
50 589 0
50 593 0
51 477 0
52 414 0
52 483 0
52 521 0
52 599 0
53 595 0
54 96 0
54 280 0
54 340 0
54 504 0
54 538 0
55 597 0
56 588 0
57 200 0
57 420 0
57 507 0
57 545 0
58 163 0
58 172 0
58 586 0
59 73 0
59 404 0
60 91 0
60 307 0
60 462 0
60 471 0
61 250 0
62 476 0
64 422 0
65 67 0
65 346 0
65 405 0
65 447 0
65 568 0
66 68 0
66 195 0
66 348 0
66 560 0
67 351 0
67 435 0
69 362 0
70 160 0
70 175 0
70 342 0
70 483 0
71 179 0
72 202 0
73 81 0
73 111 0
73 191 0
74 376 0
75 145 0
75 177 0
75 263 0
75 395 0
76 276 0
76 350 0
76 390 0
76 522 0
77 129 0
77 137 0
77 558 0
78 133 0
79 376 0
80 116 0
80 474 0
80 516 0
80 594 0
81 491 0
82 379 0
83 258 0
83 417 0
83 420 0
83 540 0
85 157 0
85 224 0
85 397 0
85 450 0
86 122 0
86 179 0
86 489 0
87 236 0
87 249 0
87 292 0
87 358 0
88 117 0
88 128 0
88 186 0
88 580 0
89 118 0
89 147 0
89 420 0
89 576 0
90 213 0
90 383 0
90 559 0
90 596 0
91 360 0
91 594 0
91 597 0
92 404 0
93 561 0
94 222 0
95 469 0
97 289 0
98 482 0
99 209 0
99 282 0
99 421 0
99 445 0
100 199 0
100 206 0
100 306 0
100 502 0
101 242 0
102 262 0
102 335 0
102 408 0
102 451 0
103 490 0
104 513 0
105 232 0
105 292 0
105 402 0
105 420 0
105 505 0
106 117 0
106 334 0
106 354 0
106 377 0
106 558 0
107 360 0
108 323 0
108 389 0
108 553 0
108 569 0
108 571 0
109 487 0
110 548 0
112 435 0
113 133 0
113 138 0
113 207 0
113 351 0
114 396 0
115 172 0
115 409 0
115 485 0
115 504 0
116 211 0
116 235 0
116 299 0
117 121 0
117 200 0
117 565 0
119 589 0
120 208 0
120 411 0
120 520 0
120 522 0
121 161 0
121 172 0
121 312 0
122 497 0
123 157 0
124 168 0
124 362 0
125 458 0
126 303 0
127 517 0
130 244 0
131 221 0
131 297 0
131 359 0
131 393 0
131 488 0
132 214 0
133 587 0
133 591 0
134 356 0
135 136 0
136 221 0
136 510 0
136 512 0
138 174 0
138 231 0
138 585 0
139 469 0
140 362 0
141 164 0
141 207 0
141 356 0
142 418 0
143 268 0
144 207 0
145 281 0
145 565 0
146 163 0
148 400 0
149 230 0
150 172 0
150 252 0
150 448 0
150 502 0
150 559 0
151 425 0
153 184 0
155 554 0
156 338 0
156 355 0
156 391 0
156 397 0
156 448 0
156 582 0
157 197 0
157 329 0
157 407 0
157 427 0
158 246 0
158 419 0
158 463 0
159 167 0
159 173 0
159 299 0
159 334 0
159 378 0
159 551 0
161 364 0
161 368 0
161 397 0
162 185 0
162 298 0
162 347 0
162 575 0
163 296 0
163 384 0
163 413 0
163 459 0
164 185 0
164 381 0
164 491 0
165 220 0
166 600 0
168 232 0
168 285 0
168 412 0
168 522 0
169 565 0
170 222 0
170 275 0
170 422 0
171 597 0
176 317 0
176 419 0
176 499 0
177 229 0
177 469 0
177 600 0
179 285 0
179 369 0
179 551 0
180 279 0
181 221 0
181 483 0
181 570 0
181 571 0
182 532 0
183 564 0
184 370 0
184 398 0
184 412 0
185 315 0
185 351 0
187 357 0
188 469 0
189 362 0
190 317 0
192 269 0
193 356 0
194 548 0
196 573 0
197 394 0
197 492 0
199 220 0
199 224 0
199 229 0
200 224 0
200 467 0
201 400 0
202 260 0
202 473 0
202 577 0
203 222 0
205 554 0
207 219 0
210 330 0
210 370 0
210 440 0
210 489 0
211 268 0
211 303 0
211 305 0
211 528 0
212 301 0
212 341 0
212 577 0
214 501 0
214 530 0
214 557 0
215 478 0
217 511 0
217 548 0
217 586 0
218 490 0
218 492 0
218 548 0
218 551 0
218 555 0
220 386 0
220 402 0
221 302 0
222 275 0
222 373 0
222 494 0
223 326 0
224 515 0
224 534 0
224 539 0
225 528 0
226 310 0
228 250 0
229 232 0
229 282 0
230 238 0
230 361 0
230 460 0
234 490 0
235 239 0
235 433 0
237 444 0
238 467 0
239 250 0
239 289 0
239 433 0
240 499 0
241 287 0
242 370 0
242 520 0
243 561 0
244 296 0
244 467 0
244 489 0
244 503 0
245 356 0
246 275 0
246 300 0
246 361 0
247 281 0
247 292 0
247 439 0
247 446 0
248 396 0
250 409 0
250 590 0
251 477 0
252 418 0
252 544 0
252 573 0
253 311 0
254 478 0
255 284 0
256 454 0
259 273 0
259 277 0
259 523 0
259 577 0
261 476 0
265 487 0
266 593 0
267 425 0
268 343 0
268 536 0
269 382 0
269 401 0
269 572 0
270 544 0
271 528 0
272 295 0
274 357 0
275 314 0
275 476 0
278 300 0
278 448 0
278 561 0
279 348 0
279 372 0
279 563 0
280 305 0
280 314 0
281 400 0
282 477 0
282 511 0
283 573 0
284 504 0
285 295 0
285 470 0
285 489 0
286 544 0
287 448 0
287 546 0
288 379 0
289 300 0
289 339 0
289 343 0
289 466 0
291 517 0
292 468 0
293 393 0
293 506 0
293 524 0
294 310 0
295 467 0
295 514 0
296 326 0
299 436 0
299 564 0
300 404 0
300 458 0
302 341 0
302 346 0
302 371 0
302 430 0
302 501 0
303 508 0
304 565 0
305 485 0
305 532 0
308 425 0
308 577 0
309 476 0
310 409 0
310 437 0
311 368 0
311 410 0
311 505 0
312 356 0
312 434 0
312 482 0
313 470 0
314 333 0
314 413 0
314 569 0
315 474 0
315 519 0
315 531 0
316 360 0
317 403 0
317 543 0
317 568 0
318 434 0
320 597 0
321 434 0
322 478 0
323 358 0
323 404 0
323 483 0
324 586 0
325 444 0
326 457 0
326 562 0
327 406 0
327 453 0
328 422 0
328 561 0
331 468 0
332 458 0
334 404 0
338 468 0
338 564 0
341 544 0
343 569 0
343 589 0
344 394 0
345 588 0
346 401 0
348 357 0
348 491 0
348 555 0
349 595 0
351 412 0
351 570 0
352 423 0
353 528 0
360 385 0
361 376 0
361 379 0
363 418 0
366 428 0
366 444 0
366 571 0
367 533 0
368 422 0
370 419 0
371 485 0
371 513 0
374 565 0
375 470 0
376 424 0
376 474 0
379 592 0
380 436 0
387 433 0
388 458 0
391 413 0
392 442 0
392 504 0
393 530 0
394 409 0
394 556 0
396 485 0
396 566 0
399 554 0
400 485 0
400 552 0
400 596 0
401 463 0
401 478 0
401 561 0
402 492 0
405 423 0
405 468 0
407 422 0
407 463 0
413 492 0
415 436 0
418 527 0
423 571 0
423 578 0
425 451 0
426 573 0
428 432 0
428 509 0
428 581 0
429 499 0
431 586 0
433 505 0
435 525 0
435 576 0
436 461 0
441 530 0
441 537 0
443 600 0
444 494 0
444 559 0
448 586 0
449 513 0
450 485 0
450 529 0
451 555 0
452 533 0
454 493 0
454 535 0
455 526 0
455 549 0
455 550 0
455 559 0
456 544 0
460 504 0
463 530 0
464 468 0
465 511 0
468 500 0
470 498 0
472 477 0
479 482 0
481 548 0
482 502 0
483 588 0
486 533 0
487 584 0
490 574 0
491 499 0
492 518 0
492 596 0
494 600 0
496 589 0
505 595 0
517 520 0
517 522 0
517 583 0
530 554 0
532 579 0
533 571 0
542 595 0
547 564 0
555 570 0
558 586 0
567 593 0
568 593 0
576 596 0
577 594 0
593 598 0
