500 637 0
1 456 0
2 49 0
2 175 0
2 271 0
2 277 0
2 315 0
3 210 0
3 293 0
3 349 0
3 411 0
4 199 0
5 368 0
6 116 0
7 80 0
8 90 0
8 126 0
8 177 0
8 240 0
9 154 0
9 203 0
9 300 0
9 458 0
9 473 0
10 161 0
10 212 0
11 62 0
11 468 0
12 116 0
12 451 0
13 59 0
13 276 0
14 224 0
15 129 0
15 400 0
15 439 0
16 249 0
17 42 0
17 124 0
17 375 0
17 475 0
18 164 0
18 430 0
19 242 0
19 490 0
20 212 0
20 444 0
21 248 0
21 282 0
21 291 0
21 376 0
22 169 0
22 215 0
22 217 0
22 222 0
22 240 0
22 358 0
23 100 0
24 118 0
24 232 0
24 439 0
24 464 0
25 32 0
25 61 0
26 63 0
26 386 0
26 459 0
26 469 0
27 199 0
27 243 0
28 61 0
28 353 0
28 447 0
28 452 0
29 106 0
29 162 0
29 269 0
29 287 0
30 151 0
30 368 0
31 458 0
32 157 0
32 279 0
32 391 0
32 421 0
33 76 0
33 108 0
33 250 0
33 314 0
33 323 0
34 169 0
34 401 0
35 242 0
35 361 0
36 97 0
37 223 0
37 259 0
37 300 0
37 399 0
38 66 0
38 103 0
38 187 0
38 218 0
39 266 0
39 281 0
40 339 0
41 381 0
42 224 0
42 284 0
42 424 0
43 272 0
44 53 0
44 345 0
45 340 0
46 318 0
46 349 0
47 453 0
47 493 0
48 53 0
48 92 0
48 144 0
48 334 0
48 456 0
50 500 0
51 189 0
51 244 0
51 406 0
52 196 0
53 207 0
53 366 0
54 164 0
54 181 0
54 420 0
55 208 0
55 300 0
56 361 0
57 295 0
58 353 0
59 187 0
59 344 0
59 363 0
60 320 0
61 149 0
61 151 0
61 431 0
61 466 0
62 88 0
62 326 0
62 333 0
64 361 0
64 430 0
64 491 0
65 455 0
66 333 0
67 281 0
68 242 0
69 127 0
69 161 0
69 413 0
69 420 0
70 265 0
70 271 0
70 300 0
70 346 0
71 341 0
71 387 0
72 168 0
72 276 0
73 265 0
73 314 0
73 330 0
73 447 0
74 109 0
74 224 0
74 490 0
75 430 0
76 227 0
77 144 0
77 490 0
78 353 0
79 286 0
79 295 0
80 280 0
80 285 0
80 287 0
81 370 0
82 407 0
83 191 0
84 325 0
84 407 0
85 119 0
85 400 0
85 424 0
86 246 0
86 325 0
86 381 0
87 96 0
87 155 0
87 465 0
87 477 0
89 212 0
89 403 0
91 243 0
92 148 0
92 287 0
92 321 0
93 266 0
93 270 0
93 411 0
93 435 0
94 140 0
94 326 0
94 368 0
94 384 0
94 483 0
94 499 0
95 217 0
95 441 0
97 236 0
97 314 0
97 463 0
98 164 0
98 284 0
99 196 0
99 261 0
100 227 0
100 327 0
100 346 0
101 410 0
102 164 0
103 160 0
104 439 0
105 211 0
107 111 0
107 387 0
107 422 0
107 464 0
108 178 0
109 155 0
109 359 0
110 356 0
111 117 0
111 130 0
111 241 0
111 290 0
112 180 0
112 372 0
112 452 0
113 340 0
114 281 0
115 249 0
115 321 0
115 440 0
115 483 0
115 496 0
116 136 0
116 206 0
117 188 0
117 322 0
118 170 0
118 354 0
118 438 0
119 184 0
120 182 0
120 393 0
120 416 0
120 433 0
120 474 0
121 143 0
121 455 0
122 417 0
123 229 0
124 256 0
125 309 0
125 411 0
125 437 0
125 471 0
126 312 0
126 406 0
128 199 0
129 430 0
131 313 0
132 171 0
132 211 0
133 138 0
133 384 0
133 458 0
134 192 0
134 257 0
134 440 0
134 445 0
135 409 0
137 171 0
138 190 0
138 371 0
138 378 0
138 496 0
139 495 0
141 334 0
142 171 0
142 281 0
142 400 0
142 447 0
143 320 0
144 368 0
144 436 0
145 362 0
146 275 0
147 151 0
147 196 0
147 318 0
147 447 0
148 211 0
148 228 0
148 345 0
149 340 0
150 264 0
151 249 0
151 260 0
151 457 0
152 229 0
153 369 0
154 477 0
156 249 0
157 325 0
158 196 0
158 249 0
158 370 0
158 452 0
159 385 0
160 385 0
161 212 0
161 233 0
161 495 0
163 264 0
164 348 0
164 483 0
165 195 0
165 319 0
165 462 0
165 479 0
166 255 0
166 289 0
166 307 0
166 436 0
167 439 0
168 306 0
168 419 0
168 451 0
169 262 0
171 372 0
171 373 0
171 430 0
172 347 0
173 304 0
173 339 0
173 430 0
173 464 0
174 409 0
175 387 0
176 489 0
177 400 0
177 447 0
178 252 0
179 322 0
179 404 0
180 264 0
181 263 0
181 338 0
181 440 0
181 442 0
183 318 0
184 283 0
184 432 0
184 433 0
184 496 0
185 203 0
185 256 0
185 360 0
185 368 0
185 443 0
185 459 0
186 489 0
187 282 0
187 412 0
187 441 0
188 208 0
189 254 0
189 349 0
189 350 0
191 388 0
191 470 0
191 486 0
193 228 0
193 381 0
194 221 0
194 246 0
194 288 0
194 434 0
196 405 0
196 485 0
197 408 0
197 441 0
198 456 0
199 417 0
199 433 0
200 347 0
201 359 0
202 251 0
202 287 0
202 390 0
202 396 0
204 394 0
205 356 0
205 418 0
206 330 0
206 362 0
206 417 0
207 288 0
208 454 0
208 462 0
209 345 0
209 447 0
210 213 0
210 265 0
210 412 0
211 264 0
211 336 0
211 484 0
213 383 0
213 421 0
213 451 0
213 477 0
214 303 0
214 311 0
214 352 0
214 481 0
214 491 0
216 252 0
219 318 0
220 409 0
222 410 0
224 294 0
224 308 0
224 405 0
225 452 0
226 252 0
226 425 0
228 292 0
228 312 0
228 364 0
228 400 0
229 271 0
229 343 0
230 235 0
230 244 0
230 310 0
230 329 0
230 451 0
231 345 0
232 238 0
232 402 0
232 491 0
233 289 0
233 395 0
233 433 0
234 353 0
235 275 0
236 294 0
237 458 0
239 410 0
240 370 0
240 412 0
242 288 0
242 403 0
243 293 0
243 298 0
243 341 0
244 256 0
245 293 0
245 297 0
245 328 0
245 444 0
245 458 0
246 332 0
246 387 0
247 453 0
249 379 0
249 421 0
249 477 0
249 498 0
252 363 0
252 451 0
253 325 0
258 265 0
258 321 0
258 395 0
260 477 0
261 334 0
262 346 0
262 364 0
262 467 0
264 311 0
264 319 0
267 332 0
267 428 0
268 495 0
271 381 0
272 358 0
272 408 0
272 414 0
272 470 0
273 325 0
274 340 0
275 450 0
275 496 0
276 365 0
277 394 0
278 441 0
281 348 0
283 442 0
284 355 0
284 397 0
285 500 0
286 356 0
287 307 0
288 380 0
288 383 0
289 359 0
289 394 0
291 380 0
291 409 0
291 490 0
293 369 0
295 410 0
295 426 0
295 477 0
296 456 0
299 339 0
299 447 0
299 487 0
300 410 0
301 383 0
302 313 0
304 316 0
304 323 0
304 423 0
305 359 0
308 439 0
309 331 0
309 386 0
311 330 0
311 458 0
313 346 0
313 382 0
314 411 0
314 453 0
317 381 0
320 415 0
320 427 0
321 424 0
321 435 0
321 485 0
322 460 0
322 462 0
324 417 0
325 411 0
326 330 0
326 361 0
326 407 0
331 495 0
332 356 0
332 425 0
332 448 0
332 483 0
334 377 0
335 400 0
337 489 0
339 487 0
340 349 0
341 459 0
342 422 0
345 449 0
347 427 0
347 461 0
349 500 0
351 362 0
356 496 0
357 383 0
361 374 0
362 406 0
365 379 0
365 389 0
365 477 0
367 500 0
368 394 0
368 408 0
368 428 0
368 459 0
368 488 0
369 392 0
369 492 0
370 468 0
371 478 0
373 422 0
373 491 0
380 395 0
380 470 0
383 429 0
385 421 0
385 494 0
387 398 0
387 472 0
391 435 0
392 416 0
393 452 0
394 480 0
395 464 0
401 404 0
401 470 0
401 482 0
407 497 0
412 441 0
412 462 0
417 446 0
418 453 0
422 488 0
424 427 0
424 459 0
425 428 0
427 489 0
440 455 0
445 489 0
446 481 0
453 487 0
455 476 0
476 489 0
478 500 0
