100 174 0
1 24 0
1 59 0
1 92 0
2 59 0
3 17 0
3 34 0
3 100 0
4 14 0
4 29 0
4 78 0
5 28 0
5 29 0
5 89 0
6 22 0
6 27 0
6 35 0
6 53 0
6 68 0
6 80 0
7 44 0
7 51 0
7 79 0
7 82 0
8 25 0
8 38 0
8 41 0
8 80 0
8 95 0
9 13 0
9 36 0
9 42 0
9 67 0
10 56 0
10 70 0
11 51 0
11 59 0
11 83 0
12 25 0
12 29 0
12 52 0
12 57 0
12 70 0
13 73 0
13 93 0
14 79 0
15 74 0
16 78 0
17 22 0
17 38 0
17 84 0
17 89 0
17 92 0
17 97 0
18 43 0
18 73 0
18 81 0
18 90 0
19 34 0
19 37 0
19 54 0
19 94 0
19 99 0
20 36 0
20 38 0
20 54 0
21 28 0
21 30 0
21 38 0
21 52 0
21 70 0
21 78 0
21 89 0
21 95 0
22 38 0
22 55 0
22 74 0
23 26 0
23 36 0
23 39 0
23 58 0
23 98 0
24 88 0
26 30 0
26 43 0
26 61 0
26 64 0
26 65 0
28 51 0
28 83 0
29 73 0
29 90 0
29 99 0
30 86 0
30 98 0
31 74 0
32 45 0
32 77 0
32 86 0
33 74 0
33 96 0
34 35 0
34 71 0
34 85 0
35 57 0
35 75 0
36 45 0
36 47 0
36 97 0
37 40 0
37 82 0
37 93 0
38 49 0
39 63 0
39 72 0
39 75 0
40 77 0
42 48 0
43 47 0
43 49 0
43 93 0
44 49 0
44 52 0
45 89 0
45 92 0
46 67 0
46 70 0
47 91 0
47 96 0
48 53 0
48 58 0
48 98 0
49 58 0
49 71 0
49 79 0
49 86 0
49 92 0
49 98 0
50 92 0
51 72 0
51 88 0
52 55 0
52 69 0
52 81 0
54 57 0
54 95 0
54 98 0
55 98 0
56 68 0
56 99 0
57 79 0
57 88 0
57 90 0
57 99 0
59 95 0
60 99 0
62 76 0
62 83 0
62 90 0
62 92 0
65 67 0
65 81 0
66 88 0
67 90 0
70 95 0
71 88 0
73 78 0
76 99 0
77 90 0
79 85 0
79 94 0
86 93 0
86 100 0
87 98 0
92 100 0
