450 482 0
1 100 0
2 176 0
2 236 0
2 388 0
2 432 0
3 71 0
4 43 0
5 114 0
5 181 0
5 347 0
5 380 0
6 368 0
7 162 0
8 384 0
9 107 0
9 325 0
10 200 0
11 335 0
12 152 0
12 187 0
12 296 0
12 420 0
13 42 0
13 48 0
13 171 0
13 244 0
13 436 0
14 35 0
15 144 0
15 222 0
16 373 0
17 81 0
17 242 0
17 348 0
17 380 0
18 28 0
18 51 0
18 58 0
18 125 0
19 139 0
20 197 0
20 271 0
20 411 0
20 424 0
21 100 0
22 311 0
22 315 0
22 387 0
22 431 0
23 146 0
24 204 0
24 205 0
24 217 0
24 449 0
25 45 0
25 56 0
25 198 0
25 438 0
26 35 0
26 100 0
26 205 0
26 414 0
27 313 0
29 198 0
29 260 0
29 293 0
29 439 0
30 140 0
30 251 0
30 439 0
30 443 0
31 132 0
31 177 0
31 283 0
31 367 0
32 91 0
32 201 0
32 245 0
32 298 0
33 261 0
34 214 0
34 254 0
34 271 0
34 445 0
35 36 0
35 94 0
37 117 0
38 74 0
39 165 0
40 234 0
41 314 0
42 68 0
42 378 0
42 413 0
43 72 0
43 245 0
43 276 0
44 146 0
46 147 0
47 103 0
47 259 0
47 354 0
47 366 0
47 406 0
48 361 0
49 119 0
49 124 0
49 172 0
49 434 0
50 370 0
52 186 0
53 313 0
54 79 0
55 111 0
57 323 0
58 107 0
58 150 0
58 429 0
59 95 0
59 174 0
59 203 0
59 299 0
60 90 0
60 344 0
60 350 0
60 426 0
61 239 0
62 121 0
62 182 0
62 271 0
62 286 0
63 414 0
64 87 0
65 350 0
66 192 0
66 207 0
67 155 0
67 209 0
67 324 0
67 325 0
69 165 0
69 302 0
70 192 0
71 138 0
71 262 0
71 287 0
72 138 0
72 350 0
73 86 0
74 184 0
74 195 0
74 407 0
75 418 0
76 402 0
77 346 0
78 291 0
79 142 0
79 160 0
79 372 0
80 85 0
80 126 0
80 185 0
80 352 0
80 420 0
82 249 0
83 86 0
83 291 0
83 302 0
83 449 0
84 300 0
86 185 0
86 260 0
86 444 0
87 89 0
87 155 0
87 441 0
88 213 0
90 210 0
90 245 0
90 288 0
92 164 0
92 302 0
93 362 0
94 285 0
95 273 0
95 355 0
95 385 0
96 414 0
97 100 0
98 166 0
99 178 0
99 418 0
100 135 0
101 143 0
101 148 0
101 287 0
101 432 0
102 396 0
103 104 0
103 301 0
103 396 0
105 147 0
105 398 0
106 406 0
106 421 0
107 180 0
107 425 0
108 349 0
109 233 0
110 144 0
110 150 0
110 261 0
110 289 0
111 225 0
111 260 0
111 333 0
112 302 0
113 344 0
115 368 0
116 166 0
117 151 0
117 223 0
117 288 0
118 144 0
120 144 0
122 196 0
122 210 0
122 283 0
122 389 0
123 249 0
127 346 0
128 429 0
129 415 0
130 318 0
131 212 0
133 204 0
133 318 0
133 373 0
133 384 0
134 419 0
135 344 0
136 190 0
137 230 0
137 437 0
139 226 0
139 357 0
139 371 0
141 227 0
143 217 0
143 293 0
143 393 0
144 400 0
145 291 0
146 196 0
146 374 0
147 283 0
147 433 0
148 165 0
148 247 0
148 421 0
149 379 0
150 293 0
150 399 0
153 300 0
154 415 0
155 205 0
155 341 0
156 379 0
157 350 0
158 233 0
159 397 0
160 192 0
160 204 0
160 229 0
161 264 0
161 283 0
161 310 0
161 340 0
162 238 0
162 277 0
162 410 0
163 166 0
164 173 0
164 237 0
164 277 0
165 179 0
166 294 0
167 397 0
168 247 0
169 355 0
170 360 0
171 188 0
171 224 0
171 255 0
172 190 0
172 239 0
172 244 0
175 269 0
175 288 0
175 309 0
175 337 0
175 394 0
178 360 0
183 419 0
186 326 0
186 386 0
186 399 0
189 211 0
190 336 0
190 375 0
191 436 0
192 339 0
193 341 0
194 390 0
196 346 0
196 390 0
198 379 0
198 402 0
199 341 0
199 347 0
200 295 0
200 366 0
200 389 0
202 207 0
202 301 0
202 321 0
202 416 0
204 271 0
205 277 0
206 249 0
208 362 0
210 217 0
210 244 0
211 287 0
211 290 0
211 351 0
212 245 0
212 306 0
212 440 0
213 309 0
213 343 0
213 363 0
213 432 0
215 289 0
216 222 0
218 414 0
219 230 0
220 270 0
220 305 0
220 365 0
220 435 0
221 403 0
222 323 0
222 389 0
222 422 0
222 427 0
226 233 0
226 234 0
226 449 0
227 260 0
227 274 0
227 330 0
228 426 0
229 232 0
229 338 0
229 430 0
230 399 0
230 447 0
231 384 0
233 304 0
234 267 0
234 316 0
235 390 0
239 243 0
239 412 0
240 289 0
241 323 0
244 294 0
244 347 0
246 360 0
247 292 0
247 312 0
248 318 0
249 287 0
249 322 0
250 258 0
250 358 0
252 318 0
253 421 0
256 335 0
257 415 0
258 350 0
260 360 0
261 282 0
261 285 0
263 448 0
265 403 0
266 390 0
268 418 0
270 323 0
270 361 0
270 449 0
272 429 0
273 319 0
273 353 0
273 450 0
275 368 0
277 300 0
278 313 0
279 300 0
280 426 0
281 335 0
284 323 0
288 448 0
289 364 0
291 446 0
293 385 0
294 313 0
294 362 0
297 381 0
297 397 0
301 393 0
301 397 0
302 383 0
302 401 0
303 370 0
304 431 0
307 396 0
308 436 0
309 421 0
314 322 0
314 407 0
314 409 0
317 346 0
320 355 0
327 402 0
328 361 0
329 355 0
331 349 0
332 376 0
334 362 0
335 432 0
341 442 0
342 429 0
344 356 0
345 436 0
349 408 0
349 420 0
358 380 0
358 417 0
358 437 0
359 370 0
360 363 0
361 405 0
368 431 0
369 376 0
369 439 0
370 431 0
371 424 0
373 398 0
373 428 0
376 381 0
376 439 0
377 419 0
379 423 0
380 393 0
382 418 0
382 448 0
384 392 0
385 407 0
385 420 0
389 418 0
391 426 0
393 431 0
395 402 0
399 415 0
403 407 0
403 427 0
404 448 0
411 443 0
419 439 0
440 441 0
