140 175 0
1 117 0
2 59 0
3 61 0
4 27 0
4 44 0
4 46 0
4 83 0
4 110 0
5 35 0
5 40 0
5 58 0
5 133 0
6 140 0
7 23 0
7 109 0
7 119 0
7 129 0
8 38 0
8 60 0
8 78 0
8 106 0
8 130 0
9 16 0
9 94 0
10 75 0
11 16 0
11 42 0
12 72 0
12 79 0
12 113 0
12 130 0
13 47 0
13 65 0
13 66 0
13 68 0
13 98 0
14 27 0
14 69 0
14 74 0
14 87 0
14 104 0
15 18 0
15 24 0
15 71 0
15 120 0
16 78 0
16 103 0
16 125 0
16 130 0
17 94 0
18 26 0
19 82 0
19 95 0
19 127 0
19 140 0
20 84 0
21 29 0
21 75 0
21 99 0
21 138 0
22 27 0
22 57 0
22 60 0
22 102 0
23 90 0
24 45 0
24 72 0
24 105 0
25 37 0
25 100 0
26 59 0
26 112 0
27 86 0
28 59 0
29 95 0
30 121 0
31 37 0
32 84 0
32 85 0
33 138 0
34 54 0
36 43 0
36 67 0
36 71 0
36 85 0
37 92 0
37 128 0
38 54 0
38 57 0
38 82 0
38 86 0
39 80 0
41 49 0
41 65 0
41 92 0
41 139 0
42 75 0
45 116 0
46 124 0
47 50 0
47 117 0
48 69 0
48 77 0
49 85 0
50 121 0
51 95 0
52 61 0
52 97 0
52 114 0
53 54 0
54 130 0
54 132 0
55 103 0
55 124 0
56 61 0
56 99 0
58 61 0
58 82 0
58 90 0
59 108 0
60 107 0
62 90 0
63 138 0
64 116 0
67 109 0
69 100 0
69 108 0
69 114 0
70 131 0
71 86 0
71 131 0
73 140 0
75 112 0
75 119 0
76 95 0
77 80 0
77 96 0
78 91 0
78 96 0
78 116 0
80 106 0
80 118 0
81 117 0
82 119 0
84 98 0
84 126 0
86 98 0
88 138 0
89 127 0
90 93 0
90 122 0
91 111 0
91 112 0
91 135 0
92 106 0
92 121 0
94 119 0
94 137 0
97 124 0
98 138 0
99 127 0
101 127 0
105 116 0
106 108 0
107 140 0
108 117 0
110 132 0
112 133 0
115 117 0
119 138 0
121 134 0
123 131 0
124 130 0
128 136 0
131 136 0
