500 603 0
1 340 0
2 187 0
2 299 0
3 18 0
4 317 0
5 383 0
6 67 0
6 300 0
6 486 0
6 488 0
7 119 0
7 152 0
8 81 0
8 206 0
8 232 0
8 320 0
8 419 0
9 162 0
9 200 0
9 215 0
9 349 0
10 25 0
11 348 0
12 131 0
12 219 0
12 337 0
13 257 0
14 285 0
15 443 0
15 461 0
16 199 0
16 271 0
16 436 0
16 452 0
16 491 0
17 18 0
17 221 0
17 360 0
17 410 0
18 145 0
18 204 0
18 288 0
19 59 0
19 339 0
19 375 0
19 383 0
20 142 0
21 435 0
22 453 0
23 142 0
24 66 0
24 483 0
25 298 0
25 319 0
25 397 0
26 65 0
26 172 0
26 352 0
26 369 0
27 76 0
28 132 0
28 248 0
29 460 0
30 101 0
31 35 0
31 78 0
31 94 0
31 229 0
31 363 0
31 463 0
32 131 0
33 38 0
34 97 0
35 197 0
35 362 0
35 396 0
36 134 0
37 240 0
38 84 0
38 286 0
38 346 0
38 364 0
39 201 0
39 235 0
39 439 0
39 469 0
40 84 0
41 93 0
41 98 0
42 253 0
43 158 0
44 212 0
44 263 0
45 132 0
46 100 0
46 182 0
46 321 0
46 336 0
47 139 0
47 344 0
47 346 0
47 350 0
48 118 0
48 191 0
48 226 0
49 62 0
49 116 0
50 262 0
50 410 0
51 463 0
52 301 0
53 360 0
53 410 0
54 70 0
54 116 0
54 149 0
54 354 0
54 425 0
55 91 0
56 356 0
56 414 0
57 383 0
58 90 0
59 271 0
59 282 0
59 382 0
59 470 0
60 109 0
60 190 0
61 298 0
61 325 0
61 365 0
61 367 0
62 80 0
62 97 0
62 115 0
62 458 0
63 105 0
63 117 0
63 210 0
63 251 0
63 455 0
64 225 0
64 242 0
64 416 0
64 432 0
66 109 0
66 442 0
66 485 0
67 245 0
68 194 0
69 74 0
69 194 0
70 127 0
70 160 0
70 322 0
71 91 0
72 76 0
72 345 0
73 198 0
73 207 0
73 320 0
73 368 0
73 471 0
74 98 0
74 333 0
74 420 0
75 151 0
75 236 0
75 456 0
75 487 0
76 335 0
76 384 0
76 424 0
77 247 0
77 328 0
77 368 0
77 434 0
78 141 0
78 181 0
78 431 0
79 358 0
80 274 0
80 287 0
80 398 0
81 133 0
81 393 0
81 497 0
82 87 0
83 393 0
84 104 0
84 154 0
84 236 0
85 107 0
85 391 0
85 422 0
85 451 0
86 158 0
87 121 0
87 168 0
87 273 0
88 240 0
89 268 0
89 308 0
90 138 0
90 343 0
90 443 0
91 307 0
91 373 0
91 422 0
92 134 0
93 119 0
93 231 0
93 266 0
93 308 0
93 392 0
94 340 0
94 482 0
95 165 0
96 153 0
97 123 0
97 137 0
97 254 0
97 324 0
97 398 0
99 229 0
99 255 0
99 273 0
99 299 0
99 395 0
101 117 0
101 438 0
101 477 0
102 428 0
103 137 0
103 252 0
103 297 0
103 378 0
104 315 0
104 394 0
104 475 0
105 229 0
105 253 0
105 257 0
105 411 0
106 460 0
108 167 0
109 146 0
109 163 0
109 354 0
110 445 0
111 149 0
112 191 0
113 410 0
114 421 0
115 209 0
115 223 0
115 311 0
115 479 0
116 120 0
116 143 0
116 183 0
116 295 0
116 377 0
117 132 0
117 348 0
118 241 0
119 193 0
119 337 0
119 390 0
120 151 0
120 327 0
122 211 0
123 476 0
124 128 0
124 226 0
124 389 0
124 420 0
125 132 0
126 475 0
129 494 0
130 421 0
131 193 0
131 256 0
131 269 0
131 373 0
133 144 0
133 147 0
133 284 0
134 305 0
134 448 0
135 405 0
136 208 0
137 411 0
140 348 0
142 171 0
142 218 0
142 377 0
144 393 0
145 245 0
145 268 0
146 342 0
146 404 0
146 413 0
146 466 0
148 196 0
148 251 0
149 184 0
149 366 0
150 158 0
151 299 0
152 272 0
153 189 0
153 384 0
153 462 0
155 241 0
156 230 0
156 303 0
156 376 0
157 212 0
157 395 0
158 199 0
158 350 0
159 410 0
160 259 0
161 358 0
162 433 0
163 331 0
163 340 0
163 372 0
163 474 0
164 262 0
165 326 0
165 406 0
165 447 0
166 453 0
166 469 0
167 359 0
167 377 0
167 430 0
167 483 0
168 238 0
169 205 0
169 349 0
169 377 0
169 407 0
170 193 0
170 199 0
170 412 0
170 420 0
173 224 0
173 244 0
173 273 0
173 401 0
173 495 0
174 203 0
174 238 0
174 263 0
174 281 0
175 269 0
175 339 0
176 201 0
176 205 0
176 458 0
176 497 0
177 351 0
177 405 0
178 445 0
179 267 0
179 346 0
179 370 0
179 440 0
179 455 0
180 257 0
180 348 0
180 473 0
182 332 0
182 355 0
182 468 0
183 290 0
183 308 0
185 381 0
186 308 0
187 315 0
188 435 0
189 298 0
190 310 0
190 407 0
190 409 0
191 314 0
191 382 0
191 448 0
192 219 0
193 317 0
194 285 0
194 312 0
194 384 0
194 459 0
195 211 0
196 454 0
197 342 0
199 380 0
200 437 0
201 211 0
201 331 0
201 456 0
202 297 0
205 256 0
205 412 0
208 220 0
208 245 0
208 280 0
208 427 0
209 443 0
210 221 0
210 256 0
210 354 0
211 467 0
212 237 0
212 407 0
213 299 0
214 428 0
216 381 0
217 360 0
218 393 0
219 420 0
219 478 0
220 454 0
221 300 0
221 424 0
222 318 0
222 371 0
222 433 0
222 493 0
223 495 0
224 315 0
225 374 0
227 456 0
228 453 0
229 342 0
230 465 0
231 375 0
231 445 0
231 495 0
233 495 0
234 381 0
239 500 0
240 290 0
240 371 0
240 377 0
241 276 0
241 424 0
242 296 0
243 494 0
246 262 0
248 383 0
248 481 0
249 425 0
250 348 0
251 275 0
251 415 0
251 480 0
252 268 0
253 417 0
253 441 0
255 460 0
256 418 0
257 357 0
258 260 0
258 349 0
258 361 0
258 489 0
259 265 0
259 448 0
261 393 0
262 300 0
264 380 0
265 283 0
265 291 0
265 346 0
268 316 0
268 371 0
269 383 0
270 500 0
272 292 0
272 403 0
272 455 0
273 458 0
277 435 0
278 340 0
279 495 0
280 299 0
280 347 0
280 421 0
281 340 0
281 358 0
281 497 0
285 378 0
285 437 0
285 455 0
289 425 0
293 411 0
294 303 0
295 379 0
296 476 0
297 429 0
297 432 0
298 394 0
298 460 0
300 435 0
301 306 0
301 349 0
301 419 0
302 475 0
303 385 0
303 480 0
304 379 0
308 369 0
309 376 0
309 465 0
313 355 0
315 338 0
315 484 0
317 413 0
317 423 0
323 463 0
324 373 0
327 410 0
328 428 0
329 476 0
330 465 0
332 412 0
332 432 0
332 443 0
333 465 0
334 456 0
335 427 0
339 387 0
339 464 0
341 360 0
345 405 0
346 363 0
347 406 0
347 418 0
347 422 0
351 406 0
351 490 0
351 499 0
353 468 0
354 480 0
355 376 0
355 496 0
356 414 0
356 500 0
358 402 0
359 448 0
363 368 0
363 418 0
368 428 0
369 375 0
369 453 0
371 497 0
374 425 0
375 411 0
375 418 0
379 406 0
379 492 0
380 400 0
380 482 0
381 401 0
381 432 0
384 454 0
384 458 0
386 463 0
388 421 0
394 412 0
394 448 0
398 425 0
398 435 0
399 414 0
405 450 0
405 480 0
407 465 0
408 428 0
411 436 0
414 448 0
414 473 0
422 476 0
424 494 0
425 434 0
426 494 0
430 468 0
431 483 0
443 461 0
443 500 0
444 461 0
445 472 0
446 460 0
449 454 0
457 475 0
461 498 0
468 473 0
481 500 0
