80 93 0
1 28 0
1 43 0
2 50 0
3 11 0
3 22 0
3 55 0
3 59 0
4 37 0
5 22 0
6 40 0
7 11 0
8 43 0
8 55 0
8 58 0
9 44 0
10 12 0
10 46 0
10 51 0
10 53 0
10 79 0
11 15 0
11 24 0
11 36 0
12 20 0
12 55 0
13 69 0
14 53 0
15 79 0
16 68 0
17 20 0
17 32 0
17 68 0
17 69 0
18 68 0
19 37 0
20 25 0
20 50 0
20 79 0
21 43 0
22 26 0
22 45 0
22 63 0
23 30 0
23 31 0
23 34 0
23 41 0
23 68 0
25 29 0
25 35 0
25 42 0
25 52 0
27 35 0
28 59 0
29 76 0
31 40 0
31 44 0
31 55 0
32 38 0
32 46 0
32 76 0
33 53 0
37 64 0
37 72 0
38 78 0
39 50 0
40 42 0
40 65 0
43 72 0
44 71 0
44 74 0
45 59 0
47 53 0
48 79 0
49 56 0
49 78 0
50 70 0
51 56 0
51 58 0
51 67 0
52 57 0
52 60 0
52 62 0
54 78 0
55 72 0
59 80 0
61 68 0
66 78 0
67 73 0
69 75 0
69 77 0
70 75 0
72 78 0
73 79 0
