100 159 0
1 4 0
1 15 0
1 30 0
1 54 0
1 59 0
1 88 0
2 5 0
3 85 0
4 37 0
5 36 0
5 43 0
5 44 0
5 61 0
6 93 0
7 17 0
7 48 0
7 51 0
7 78 0
8 99 0
9 76 0
9 86 0
10 35 0
10 85 0
10 96 0
11 28 0
11 39 0
11 52 0
11 59 0
11 82 0
11 87 0
12 30 0
12 67 0
13 17 0
13 20 0
13 57 0
13 67 0
13 68 0
14 21 0
15 50 0
16 40 0
17 21 0
17 32 0
17 99 0
18 63 0
18 78 0
19 41 0
19 68 0
19 82 0
19 88 0
20 41 0
20 60 0
20 81 0
21 33 0
21 35 0
22 49 0
23 70 0
24 76 0
25 63 0
25 93 0
26 60 0
26 62 0
26 63 0
26 64 0
26 83 0
26 92 0
27 93 0
29 49 0
29 60 0
29 75 0
29 96 0
29 100 0
30 33 0
30 37 0
30 67 0
30 69 0
30 79 0
31 67 0
31 70 0
32 97 0
33 62 0
33 67 0
33 97 0
34 97 0
35 63 0
38 63 0
38 98 0
39 76 0
40 58 0
40 67 0
40 71 0
40 89 0
41 85 0
41 94 0
41 98 0
42 80 0
42 86 0
43 76 0
43 80 0
43 81 0
44 45 0
44 62 0
44 71 0
45 56 0
45 60 0
45 63 0
45 87 0
46 75 0
47 99 0
49 50 0
49 57 0
49 73 0
49 96 0
50 64 0
52 63 0
53 96 0
54 59 0
55 68 0
55 74 0
56 85 0
56 98 0
57 63 0
57 70 0
58 68 0
58 81 0
58 85 0
58 97 0
59 77 0
59 81 0
59 90 0
61 90 0
64 75 0
64 79 0
65 74 0
65 76 0
66 90 0
66 96 0
67 68 0
67 73 0
67 93 0
68 95 0
69 97 0
70 91 0
70 99 0
71 99 0
72 99 0
72 100 0
73 95 0
74 76 0
74 90 0
75 94 0
77 79 0
77 90 0
78 95 0
80 84 0
80 95 0
80 98 0
85 88 0
85 92 0
86 90 0
