80 120 0
1 9 0
1 39 0
1 45 0
1 48 0
1 53 0
1 57 0
2 29 0
2 38 0
2 54 0
2 67 0
2 71 0
3 6 0
3 41 0
4 36 0
4 42 0
4 52 0
4 72 0
5 63 0
5 75 0
6 41 0
6 52 0
6 59 0
7 17 0
7 61 0
7 73 0
7 79 0
8 10 0
8 51 0
10 31 0
10 52 0
10 62 0
11 69 0
12 14 0
12 65 0
12 66 0
12 75 0
13 39 0
13 64 0
13 74 0
13 76 0
15 54 0
15 58 0
15 74 0
16 46 0
16 56 0
16 60 0
16 78 0
17 47 0
18 30 0
19 70 0
19 76 0
20 69 0
21 22 0
21 28 0
22 25 0
22 39 0
22 45 0
23 80 0
24 31 0
24 43 0
24 61 0
25 46 0
26 30 0
27 63 0
27 75 0
27 76 0
28 80 0
29 55 0
29 65 0
30 33 0
30 68 0
31 39 0
31 63 0
31 73 0
31 78 0
31 80 0
32 51 0
32 77 0
34 66 0
34 79 0
35 79 0
37 39 0
37 47 0
37 53 0
39 51 0
39 58 0
39 63 0
40 67 0
40 80 0
43 55 0
43 70 0
43 78 0
44 54 0
44 63 0
47 55 0
47 57 0
47 66 0
49 71 0
50 51 0
50 64 0
50 74 0
51 68 0
52 64 0
52 70 0
53 64 0
53 78 0
54 74 0
55 60 0
57 70 0
61 71 0
62 63 0
64 66 0
64 68 0
66 69 0
68 71 0
69 76 0
71 77 0
74 78 0
74 80 0
78 79 0
