700 861 0
1 259 0
2 468 0
3 167 0
4 190 0
5 467 0
6 30 0
6 50 0
6 159 0
6 409 0
6 479 0
6 509 0
7 257 0
7 295 0
7 353 0
7 409 0
7 695 0
8 118 0
8 229 0
8 678 0
8 689 0
9 272 0
10 655 0
11 454 0
12 382 0
12 586 0
12 690 0
13 553 0
14 179 0
14 215 0
14 286 0
14 681 0
15 177 0
16 154 0
16 191 0
16 339 0
16 376 0
16 500 0
17 430 0
18 243 0
18 416 0
18 445 0
18 518 0
18 564 0
19 597 0
20 308 0
21 37 0
21 133 0
21 135 0
22 120 0
22 126 0
22 160 0
22 438 0
23 308 0
24 87 0
24 111 0
24 403 0
24 685 0
25 553 0
26 149 0
26 281 0
26 418 0
26 672 0
27 131 0
27 149 0
27 188 0
27 572 0
28 190 0
29 198 0
31 208 0
31 323 0
31 411 0
31 689 0
32 329 0
32 490 0
32 623 0
33 60 0
33 105 0
33 123 0
33 323 0
34 43 0
34 199 0
34 236 0
34 288 0
34 545 0
34 549 0
35 149 0
35 326 0
35 671 0
35 680 0
36 153 0
36 263 0
36 306 0
36 508 0
37 270 0
37 383 0
37 398 0
37 598 0
38 536 0
39 82 0
39 137 0
39 219 0
39 376 0
39 431 0
39 657 0
40 261 0
41 575 0
42 429 0
43 250 0
43 458 0
43 615 0
44 434 0
45 453 0
46 285 0
47 166 0
47 400 0
47 448 0
47 477 0
47 639 0
47 673 0
48 293 0
49 123 0
49 173 0
49 271 0
49 521 0
50 414 0
50 582 0
51 60 0
51 138 0
51 228 0
51 425 0
52 170 0
52 210 0
52 367 0
52 410 0
52 614 0
53 254 0
54 240 0
55 59 0
55 211 0
55 382 0
55 445 0
55 634 0
56 554 0
57 165 0
58 362 0
59 298 0
59 513 0
59 577 0
59 670 0
60 189 0
60 313 0
61 278 0
62 343 0
63 588 0
64 242 0
64 437 0
64 473 0
65 659 0
66 675 0
67 163 0
67 194 0
67 322 0
67 359 0
67 416 0
68 296 0
69 116 0
69 237 0
69 620 0
69 691 0
70 439 0
71 240 0
72 288 0
72 468 0
72 586 0
73 347 0
74 321 0
75 77 0
76 204 0
76 221 0
76 291 0
76 327 0
76 505 0
77 187 0
77 368 0
77 486 0
78 82 0
78 222 0
78 407 0
79 95 0
79 165 0
79 250 0
79 296 0
79 310 0
80 430 0
81 362 0
82 276 0
82 578 0
83 163 0
83 361 0
83 662 0
84 293 0
85 242 0
86 398 0
86 500 0
86 551 0
86 695 0
87 227 0
87 315 0
87 339 0
87 373 0
87 549 0
88 414 0
89 311 0
89 330 0
89 353 0
89 472 0
90 146 0
91 361 0
91 375 0
91 384 0
91 395 0
91 585 0
92 440 0
92 496 0
92 511 0
92 626 0
93 524 0
94 582 0
95 131 0
95 515 0
96 487 0
97 463 0
98 131 0
99 539 0
100 224 0
101 130 0
101 133 0
101 476 0
101 623 0
102 177 0
102 285 0
102 340 0
102 589 0
103 213 0
104 122 0
104 356 0
104 364 0
104 430 0
105 272 0
105 453 0
105 662 0
106 312 0
107 296 0
108 193 0
108 255 0
108 546 0
108 665 0
108 684 0
109 327 0
110 263 0
110 300 0
110 473 0
111 133 0
111 261 0
111 501 0
112 586 0
113 588 0
114 249 0
115 437 0
117 386 0
119 313 0
120 188 0
120 602 0
120 668 0
121 373 0
122 170 0
122 338 0
122 608 0
122 630 0
123 439 0
123 468 0
123 581 0
124 373 0
125 657 0
126 319 0
126 421 0
126 433 0
126 462 0
126 647 0
127 656 0
128 451 0
129 158 0
129 346 0
129 510 0
130 222 0
130 313 0
131 144 0
131 354 0
131 460 0
132 540 0
133 181 0
133 563 0
134 219 0
135 169 0
135 301 0
135 529 0
135 544 0
135 652 0
136 213 0
137 317 0
137 344 0
137 413 0
139 401 0
140 454 0
141 432 0
142 155 0
143 221 0
144 165 0
144 247 0
145 292 0
146 185 0
146 329 0
146 643 0
147 315 0
148 554 0
149 183 0
149 582 0
150 307 0
150 314 0
150 328 0
150 471 0
150 676 0
151 323 0
151 486 0
151 546 0
151 605 0
152 434 0
155 244 0
155 473 0
155 637 0
156 476 0
157 436 0
158 217 0
158 354 0
158 698 0
160 295 0
160 355 0
160 415 0
161 208 0
161 232 0
161 466 0
161 621 0
162 414 0
163 299 0
163 403 0
163 560 0
164 557 0
165 624 0
167 179 0
167 351 0
167 629 0
168 385 0
170 308 0
170 621 0
171 407 0
172 688 0
174 266 0
174 294 0
174 302 0
174 566 0
175 655 0
176 184 0
176 419 0
176 444 0
176 475 0
177 192 0
177 449 0
178 562 0
179 183 0
179 437 0
180 634 0
182 313 0
182 362 0
182 688 0
183 208 0
183 601 0
185 292 0
185 340 0
185 472 0
185 571 0
186 510 0
188 528 0
189 527 0
189 532 0
189 595 0
190 319 0
190 685 0
192 239 0
192 288 0
192 500 0
192 667 0
194 202 0
194 325 0
194 646 0
195 501 0
196 524 0
197 516 0
198 483 0
198 626 0
198 663 0
200 291 0
201 382 0
203 690 0
204 429 0
204 533 0
205 497 0
206 227 0
206 230 0
206 349 0
207 476 0
208 431 0
209 276 0
211 562 0
211 655 0
212 539 0
213 314 0
213 392 0
214 221 0
215 385 0
215 675 0
216 227 0
218 356 0
219 268 0
219 358 0
219 391 0
220 396 0
221 357 0
221 624 0
222 256 0
222 298 0
222 424 0
222 459 0
222 615 0
223 250 0
224 422 0
224 450 0
224 682 0
225 501 0
226 603 0
227 352 0
229 341 0
229 655 0
229 656 0
230 341 0
230 356 0
230 513 0
230 547 0
230 675 0
231 278 0
231 382 0
231 540 0
232 314 0
232 361 0
232 422 0
233 449 0
233 454 0
233 476 0
233 686 0
234 554 0
235 396 0
236 252 0
236 494 0
236 557 0
238 347 0
239 251 0
239 487 0
239 622 0
240 398 0
240 627 0
241 571 0
242 388 0
242 538 0
242 652 0
242 677 0
245 645 0
246 327 0
247 266 0
247 275 0
247 279 0
247 591 0
247 639 0
248 476 0
249 366 0
249 400 0
249 474 0
250 461 0
250 480 0
250 504 0
250 676 0
251 361 0
251 642 0
251 644 0
252 262 0
252 469 0
252 677 0
253 439 0
254 284 0
254 404 0
254 488 0
255 510 0
255 690 0
257 276 0
257 293 0
257 687 0
258 313 0
258 382 0
258 582 0
259 436 0
259 445 0
259 538 0
260 429 0
261 577 0
261 619 0
263 338 0
263 466 0
263 550 0
263 645 0
264 321 0
265 586 0
266 431 0
266 649 0
267 588 0
269 510 0
272 331 0
272 337 0
273 282 0
274 412 0
276 465 0
276 558 0
277 458 0
278 364 0
278 400 0
278 590 0
280 520 0
282 377 0
282 560 0
282 633 0
283 451 0
285 416 0
285 543 0
287 578 0
288 339 0
288 513 0
288 666 0
289 359 0
290 412 0
291 303 0
291 402 0
291 664 0
292 332 0
292 526 0
293 552 0
295 322 0
296 609 0
297 589 0
298 346 0
299 463 0
299 574 0
299 588 0
300 309 0
300 353 0
300 570 0
300 698 0
304 675 0
305 312 0
308 569 0
310 403 0
310 473 0
310 652 0
312 546 0
312 558 0
312 664 0
313 318 0
313 485 0
314 597 0
315 365 0
315 694 0
316 594 0
318 588 0
318 645 0
319 363 0
320 430 0
321 489 0
321 528 0
322 493 0
322 504 0
322 683 0
323 494 0
324 510 0
327 581 0
329 454 0
329 524 0
329 580 0
333 401 0
334 458 0
335 396 0
336 515 0
338 668 0
338 675 0
340 400 0
340 567 0
341 537 0
341 695 0
342 540 0
343 387 0
343 409 0
343 417 0
344 430 0
344 659 0
345 645 0
346 446 0
346 500 0
346 568 0
346 622 0
346 632 0
347 478 0
347 528 0
348 362 0
349 565 0
349 613 0
349 636 0
349 691 0
350 679 0
353 538 0
353 539 0
354 412 0
354 621 0
356 460 0
356 495 0
356 667 0
358 516 0
358 613 0
359 428 0
359 460 0
360 572 0
361 575 0
362 409 0
362 565 0
363 475 0
363 484 0
363 610 0
363 616 0
364 540 0
369 373 0
370 657 0
371 666 0
372 659 0
374 497 0
376 659 0
378 436 0
379 679 0
380 547 0
381 690 0
385 528 0
385 607 0
385 660 0
386 509 0
386 560 0
386 569 0
386 658 0
386 673 0
389 649 0
390 571 0
393 451 0
394 437 0
395 562 0
395 581 0
396 422 0
397 662 0
398 624 0
398 666 0
399 434 0
399 510 0
399 533 0
399 621 0
401 551 0
401 617 0
403 411 0
403 558 0
404 454 0
404 494 0
404 578 0
405 594 0
406 674 0
407 442 0
407 472 0
407 523 0
407 601 0
408 524 0
409 509 0
410 437 0
410 540 0
411 567 0
411 695 0
412 618 0
414 481 0
416 449 0
420 463 0
421 468 0
421 634 0
422 623 0
423 434 0
425 466 0
425 505 0
426 578 0
427 574 0
429 551 0
429 686 0
430 459 0
431 445 0
432 581 0
432 625 0
432 626 0
432 648 0
435 557 0
436 499 0
437 615 0
438 459 0
438 567 0
438 626 0
439 584 0
441 535 0
442 546 0
442 603 0
443 674 0
445 580 0
445 647 0
447 536 0
449 666 0
451 486 0
452 536 0
453 600 0
453 640 0
455 578 0
456 572 0
457 572 0
458 481 0
458 576 0
459 516 0
463 534 0
463 565 0
464 533 0
466 475 0
466 481 0
467 503 0
467 522 0
467 579 0
470 597 0
472 668 0
473 659 0
473 674 0
475 553 0
476 605 0
481 536 0
482 535 0
486 524 0
487 537 0
487 541 0
487 599 0
487 613 0
490 559 0
490 601 0
490 641 0
490 692 0
491 589 0
492 524 0
492 535 0
492 572 0
494 503 0
497 537 0
497 593 0
497 686 0
498 520 0
500 554 0
501 530 0
502 594 0
503 613 0
503 679 0
503 688 0
504 657 0
505 528 0
505 567 0
505 691 0
506 582 0
507 634 0
512 611 0
514 675 0
515 573 0
515 652 0
515 654 0
516 661 0
517 687 0
519 520 0
520 605 0
525 547 0
531 656 0
533 555 0
535 691 0
537 562 0
539 700 0
540 546 0
542 662 0
544 574 0
544 657 0
547 622 0
548 550 0
549 597 0
549 680 0
550 583 0
550 667 0
551 586 0
553 664 0
556 674 0
557 628 0
560 690 0
561 611 0
562 639 0
569 615 0
571 693 0
572 685 0
574 651 0
574 653 0
575 580 0
575 650 0
575 698 0
577 581 0
578 622 0
578 671 0
582 699 0
586 673 0
587 688 0
588 680 0
589 669 0
592 603 0
594 685 0
596 679 0
597 671 0
601 611 0
603 605 0
604 687 0
606 666 0
611 635 0
611 677 0
612 634 0
623 631 0
638 656 0
647 659 0
649 696 0
649 697 0
659 689 0
676 687 0
