250 369 0
1 18 0
1 106 0
2 192 0
3 170 0
3 175 0
4 9 0
4 36 0
4 116 0
4 126 0
5 71 0
5 202 0
6 42 0
6 144 0
6 173 0
6 210 0
6 212 0
7 106 0
8 215 0
9 132 0
9 224 0
10 88 0
10 233 0
11 22 0
11 79 0
12 187 0
12 191 0
12 204 0
13 110 0
13 158 0
13 214 0
13 222 0
14 86 0
14 157 0
14 164 0
14 184 0
14 196 0
15 54 0
15 84 0
15 139 0
15 158 0
15 246 0
16 17 0
16 51 0
16 97 0
16 182 0
16 215 0
16 226 0
16 229 0
17 85 0
17 105 0
17 111 0
17 202 0
18 91 0
19 206 0
20 191 0
21 127 0
22 39 0
22 56 0
22 147 0
22 163 0
23 82 0
23 96 0
23 207 0
23 228 0
24 192 0
25 79 0
25 145 0
25 150 0
26 133 0
26 189 0
27 64 0
27 165 0
27 195 0
28 51 0
29 47 0
29 52 0
29 74 0
29 90 0
29 155 0
30 47 0
30 179 0
30 181 0
30 187 0
31 74 0
31 78 0
32 69 0
32 187 0
32 206 0
33 110 0
33 132 0
34 35 0
34 156 0
35 52 0
35 187 0
36 151 0
36 183 0
36 250 0
37 163 0
37 180 0
37 198 0
37 236 0
38 242 0
39 48 0
39 78 0
39 89 0
40 43 0
40 135 0
40 221 0
41 50 0
41 68 0
41 71 0
41 91 0
41 92 0
41 116 0
42 108 0
42 120 0
43 108 0
44 234 0
45 78 0
45 188 0
46 159 0
47 97 0
47 212 0
48 74 0
48 218 0
49 71 0
49 156 0
49 205 0
50 80 0
50 97 0
50 102 0
50 250 0
51 146 0
51 197 0
51 231 0
52 181 0
52 240 0
53 79 0
54 95 0
54 135 0
54 193 0
55 116 0
56 76 0
56 102 0
56 104 0
56 216 0
57 65 0
57 132 0
57 150 0
58 229 0
59 60 0
59 185 0
60 125 0
60 201 0
60 202 0
61 182 0
62 186 0
63 133 0
63 183 0
63 250 0
64 85 0
64 148 0
64 169 0
65 86 0
65 195 0
65 226 0
66 159 0
67 70 0
67 189 0
68 142 0
68 217 0
69 98 0
69 103 0
69 163 0
69 211 0
70 85 0
70 111 0
70 117 0
70 173 0
70 188 0
70 219 0
71 131 0
71 245 0
72 136 0
73 137 0
73 147 0
73 154 0
73 190 0
73 203 0
74 157 0
74 171 0
74 228 0
75 244 0
76 99 0
77 172 0
77 185 0
78 111 0
78 145 0
79 102 0
80 186 0
81 137 0
81 188 0
81 238 0
81 242 0
81 246 0
82 92 0
82 159 0
82 233 0
82 239 0
83 172 0
83 230 0
84 91 0
84 250 0
85 108 0
85 191 0
86 139 0
86 172 0
87 113 0
88 126 0
88 166 0
88 212 0
89 106 0
89 199 0
89 211 0
89 231 0
90 140 0
90 142 0
90 185 0
91 150 0
92 139 0
92 153 0
92 201 0
93 184 0
93 200 0
93 203 0
93 247 0
94 218 0
94 221 0
95 114 0
95 162 0
95 177 0
97 105 0
97 107 0
97 112 0
98 221 0
98 248 0
99 147 0
99 155 0
100 206 0
101 179 0
101 243 0
102 142 0
102 221 0
104 234 0
105 139 0
106 153 0
107 120 0
107 163 0
107 203 0
108 212 0
108 248 0
109 113 0
110 208 0
111 240 0
111 242 0
112 140 0
112 182 0
113 118 0
113 239 0
113 246 0
114 188 0
115 118 0
116 227 0
116 230 0
117 205 0
117 238 0
118 120 0
118 194 0
118 235 0
119 181 0
120 127 0
120 234 0
121 217 0
122 175 0
123 136 0
123 206 0
124 187 0
125 180 0
127 145 0
127 176 0
127 220 0
128 181 0
129 181 0
129 217 0
130 186 0
132 201 0
132 228 0
132 231 0
133 141 0
133 250 0
134 175 0
135 138 0
136 163 0
136 168 0
136 189 0
136 218 0
138 192 0
139 157 0
140 237 0
141 249 0
142 238 0
143 240 0
147 224 0
148 150 0
149 155 0
149 172 0
149 244 0
150 189 0
152 155 0
153 229 0
153 244 0
154 182 0
154 206 0
155 250 0
156 158 0
156 174 0
158 191 0
159 190 0
159 237 0
160 233 0
161 191 0
161 214 0
161 216 0
162 231 0
163 202 0
165 187 0
167 235 0
167 242 0
170 233 0
170 239 0
172 209 0
175 212 0
176 216 0
178 240 0
179 223 0
179 243 0
180 228 0
181 232 0
182 196 0
182 213 0
182 215 0
184 195 0
186 250 0
188 209 0
192 203 0
199 215 0
201 217 0
202 243 0
204 229 0
205 215 0
205 229 0
206 246 0
208 229 0
218 234 0
222 247 0
224 244 0
225 233 0
241 244 0
242 249 0
