300 380 0
1 7 0
1 40 0
1 82 0
1 188 0
1 242 0
2 270 0
3 66 0
3 154 0
4 49 0
5 42 0
5 172 0
5 188 0
5 283 0
5 295 0
6 169 0
6 286 0
8 256 0
9 151 0
10 252 0
11 91 0
11 100 0
11 107 0
11 190 0
12 140 0
12 206 0
12 226 0
13 221 0
13 257 0
14 21 0
14 216 0
15 101 0
15 225 0
15 273 0
15 280 0
16 221 0
17 226 0
18 26 0
19 129 0
19 158 0
19 184 0
19 225 0
20 169 0
20 222 0
20 276 0
20 298 0
21 116 0
21 148 0
21 214 0
21 215 0
22 49 0
23 47 0
23 152 0
23 230 0
23 237 0
24 33 0
25 78 0
25 85 0
25 217 0
25 231 0
26 41 0
26 52 0
26 194 0
26 232 0
27 74 0
27 128 0
28 239 0
29 30 0
29 156 0
29 226 0
29 258 0
30 46 0
30 118 0
30 254 0
30 262 0
31 277 0
32 72 0
33 132 0
33 138 0
33 158 0
33 169 0
34 248 0
35 290 0
35 296 0
36 240 0
37 65 0
37 133 0
37 144 0
37 146 0
37 252 0
38 101 0
38 143 0
39 211 0
41 57 0
43 75 0
44 79 0
45 114 0
45 146 0
45 154 0
45 182 0
45 189 0
45 248 0
45 282 0
47 65 0
47 247 0
48 152 0
48 279 0
49 190 0
49 192 0
50 90 0
50 168 0
50 245 0
51 84 0
51 112 0
51 176 0
51 261 0
51 274 0
53 193 0
54 86 0
55 94 0
56 104 0
56 219 0
57 66 0
57 81 0
57 292 0
58 128 0
59 168 0
59 249 0
60 62 0
60 89 0
60 121 0
60 286 0
61 140 0
62 159 0
63 245 0
64 193 0
65 69 0
65 293 0
67 253 0
68 233 0
70 92 0
71 193 0
71 293 0
72 105 0
72 126 0
72 199 0
73 246 0
74 104 0
75 89 0
75 115 0
75 157 0
75 263 0
76 277 0
77 92 0
77 156 0
77 200 0
77 260 0
79 173 0
79 174 0
79 212 0
79 284 0
80 94 0
83 86 0
84 175 0
84 239 0
84 277 0
86 158 0
86 236 0
86 259 0
87 230 0
88 181 0
88 203 0
89 99 0
89 148 0
89 230 0
90 92 0
92 117 0
93 252 0
94 223 0
94 247 0
95 279 0
96 248 0
97 290 0
98 219 0
98 280 0
99 102 0
99 110 0
99 212 0
101 235 0
101 287 0
102 129 0
102 163 0
102 276 0
103 148 0
103 150 0
103 191 0
103 197 0
104 124 0
104 292 0
105 143 0
106 249 0
107 156 0
108 119 0
108 179 0
108 278 0
108 296 0
109 150 0
109 244 0
110 245 0
110 279 0
110 290 0
111 133 0
111 171 0
111 270 0
111 276 0
111 289 0
112 129 0
112 146 0
112 156 0
112 174 0
112 175 0
113 144 0
113 184 0
113 220 0
113 250 0
114 145 0
116 210 0
120 145 0
120 202 0
121 279 0
122 151 0
123 166 0
123 253 0
123 269 0
125 129 0
125 181 0
126 145 0
126 163 0
126 249 0
127 223 0
127 280 0
128 167 0
128 198 0
128 212 0
128 275 0
129 273 0
130 204 0
131 154 0
131 228 0
133 177 0
133 206 0
133 288 0
134 154 0
135 230 0
136 226 0
137 277 0
139 182 0
140 204 0
140 232 0
140 234 0
141 145 0
142 260 0
143 222 0
143 253 0
146 232 0
146 260 0
147 181 0
147 288 0
148 240 0
148 276 0
149 182 0
151 161 0
151 188 0
152 273 0
153 169 0
155 260 0
155 295 0
155 298 0
156 188 0
158 282 0
159 289 0
160 279 0
161 188 0
162 179 0
162 222 0
163 171 0
163 247 0
163 292 0
164 184 0
164 216 0
164 266 0
164 267 0
165 245 0
166 207 0
167 211 0
168 290 0
169 213 0
169 283 0
170 256 0
171 213 0
171 228 0
171 251 0
171 267 0
171 297 0
174 178 0
175 217 0
175 278 0
176 280 0
177 279 0
178 230 0
180 237 0
181 232 0
181 264 0
182 229 0
183 194 0
183 270 0
184 194 0
184 237 0
185 282 0
186 273 0
187 256 0
189 298 0
190 225 0
190 233 0
192 252 0
192 298 0
193 278 0
195 244 0
196 200 0
200 210 0
200 224 0
201 246 0
202 226 0
203 207 0
204 272 0
204 292 0
204 299 0
205 273 0
207 265 0
207 278 0
207 289 0
208 213 0
208 280 0
209 282 0
210 264 0
211 225 0
211 243 0
212 246 0
213 284 0
215 252 0
215 267 0
217 221 0
217 256 0
218 289 0
219 260 0
221 259 0
222 268 0
227 248 0
228 239 0
232 256 0
233 263 0
233 291 0
237 238 0
239 294 0
240 241 0
240 285 0
242 298 0
244 247 0
244 281 0
244 299 0
246 264 0
247 253 0
249 269 0
253 255 0
254 270 0
257 258 0
258 275 0
258 284 0
271 289 0
281 292 0
282 300 0
