350 492 0
1 131 0
1 154 0
1 246 0
1 253 0
1 275 0
2 19 0
2 83 0
3 119 0
4 309 0
5 18 0
5 286 0
6 270 0
7 44 0
7 237 0
8 80 0
8 141 0
8 155 0
8 170 0
8 194 0
8 222 0
8 240 0
9 57 0
9 227 0
9 306 0
10 13 0
10 16 0
11 204 0
11 215 0
11 231 0
11 267 0
12 207 0
12 263 0
13 168 0
14 121 0
14 123 0
14 294 0
14 345 0
15 69 0
15 288 0
16 166 0
16 226 0
16 237 0
17 185 0
17 237 0
17 257 0
17 331 0
18 22 0
19 39 0
19 60 0
19 78 0
19 120 0
20 51 0
20 57 0
20 188 0
20 289 0
20 327 0
20 333 0
21 330 0
22 93 0
22 264 0
22 304 0
22 322 0
23 314 0
24 61 0
24 181 0
25 271 0
25 333 0
26 66 0
26 175 0
26 242 0
27 280 0
27 337 0
28 231 0
28 342 0
29 203 0
29 258 0
29 330 0
30 166 0
30 207 0
31 45 0
31 101 0
31 233 0
31 280 0
32 303 0
33 180 0
33 281 0
34 188 0
35 237 0
35 314 0
36 116 0
36 188 0
37 41 0
37 80 0
37 148 0
37 278 0
38 45 0
40 91 0
40 179 0
40 184 0
40 280 0
40 311 0
41 63 0
41 199 0
41 218 0
42 254 0
43 116 0
43 169 0
43 194 0
43 228 0
43 330 0
44 64 0
44 297 0
44 346 0
45 192 0
45 277 0
46 188 0
47 318 0
48 54 0
48 162 0
48 180 0
48 216 0
48 261 0
49 210 0
50 104 0
50 203 0
50 207 0
50 210 0
50 288 0
51 60 0
51 79 0
51 183 0
51 294 0
52 203 0
53 321 0
54 205 0
54 252 0
54 350 0
55 71 0
55 174 0
55 197 0
55 203 0
56 219 0
57 63 0
57 103 0
57 257 0
57 306 0
58 187 0
58 216 0
59 164 0
59 174 0
59 256 0
59 272 0
60 65 0
60 269 0
60 281 0
61 235 0
62 164 0
62 236 0
62 312 0
62 338 0
62 346 0
63 71 0
64 192 0
64 231 0
65 96 0
65 164 0
66 307 0
66 335 0
66 346 0
67 68 0
67 184 0
67 187 0
67 242 0
68 302 0
68 324 0
69 249 0
70 85 0
70 226 0
70 239 0
71 270 0
72 325 0
73 131 0
73 221 0
73 279 0
73 298 0
74 122 0
74 164 0
74 237 0
74 244 0
75 285 0
76 200 0
76 350 0
77 302 0
79 124 0
79 243 0
79 251 0
79 350 0
80 270 0
80 321 0
81 321 0
82 105 0
82 135 0
82 143 0
82 155 0
82 256 0
83 117 0
83 149 0
83 240 0
83 310 0
84 135 0
84 213 0
85 273 0
85 324 0
86 160 0
86 251 0
86 269 0
86 292 0
87 254 0
88 111 0
89 223 0
89 230 0
90 333 0
91 134 0
91 347 0
92 190 0
92 263 0
94 288 0
95 243 0
96 139 0
96 183 0
96 258 0
96 283 0
96 315 0
97 219 0
98 269 0
99 103 0
99 109 0
100 302 0
101 191 0
101 248 0
101 287 0
102 239 0
102 267 0
102 350 0
104 122 0
104 184 0
104 346 0
106 324 0
107 152 0
107 187 0
107 223 0
108 181 0
108 337 0
109 121 0
109 193 0
109 217 0
109 224 0
110 175 0
110 199 0
110 217 0
110 290 0
111 141 0
111 173 0
111 262 0
112 210 0
113 251 0
113 303 0
114 218 0
114 270 0
115 231 0
116 318 0
116 332 0
118 139 0
118 308 0
118 330 0
119 164 0
119 241 0
119 284 0
120 330 0
121 203 0
121 219 0
122 161 0
122 233 0
122 248 0
123 152 0
123 292 0
123 309 0
123 335 0
124 309 0
124 348 0
125 126 0
125 127 0
125 208 0
125 209 0
125 214 0
128 251 0
129 230 0
130 292 0
131 191 0
131 197 0
131 233 0
132 302 0
133 231 0
134 308 0
134 329 0
136 165 0
136 286 0
137 210 0
138 165 0
140 143 0
140 320 0
141 188 0
141 320 0
142 261 0
144 275 0
144 343 0
145 194 0
145 236 0
145 261 0
146 316 0
147 314 0
148 256 0
150 261 0
151 216 0
151 223 0
152 260 0
152 305 0
152 340 0
153 219 0
154 163 0
154 216 0
155 314 0
155 324 0
156 249 0
157 181 0
158 281 0
159 200 0
159 204 0
160 280 0
161 194 0
161 294 0
162 194 0
162 264 0
162 265 0
162 271 0
163 203 0
163 250 0
164 219 0
165 208 0
165 267 0
166 257 0
166 341 0
167 283 0
167 333 0
168 201 0
168 208 0
168 283 0
168 341 0
169 235 0
169 254 0
169 286 0
169 334 0
170 281 0
171 235 0
172 258 0
175 231 0
175 285 0
175 327 0
176 318 0
177 325 0
178 197 0
179 315 0
180 206 0
180 217 0
180 328 0
181 264 0
182 292 0
182 310 0
183 303 0
183 316 0
183 333 0
184 259 0
185 228 0
186 320 0
187 218 0
188 264 0
188 319 0
189 258 0
190 197 0
192 209 0
193 240 0
194 288 0
195 218 0
195 343 0
196 309 0
197 339 0
198 303 0
200 250 0
200 296 0
200 345 0
202 269 0
204 255 0
204 350 0
205 289 0
206 241 0
207 299 0
207 337 0
208 327 0
209 255 0
211 254 0
211 324 0
212 289 0
212 317 0
213 276 0
213 345 0
213 348 0
214 259 0
215 235 0
218 308 0
220 259 0
220 338 0
221 261 0
221 278 0
222 325 0
223 254 0
223 281 0
225 316 0
225 346 0
227 285 0
227 304 0
228 318 0
229 249 0
229 274 0
230 244 0
230 252 0
230 344 0
232 239 0
233 240 0
234 254 0
234 312 0
237 263 0
238 313 0
239 245 0
239 265 0
240 258 0
240 308 0
242 331 0
243 326 0
243 349 0
244 313 0
244 343 0
247 286 0
249 264 0
251 300 0
251 313 0
254 300 0
255 263 0
258 260 0
259 295 0
265 271 0
265 325 0
266 313 0
266 329 0
268 342 0
269 323 0
270 299 0
271 294 0
271 322 0
271 344 0
273 343 0
274 333 0
280 291 0
282 303 0
285 336 0
286 341 0
288 306 0
289 293 0
294 327 0
296 321 0
301 313 0
301 340 0
302 345 0
305 338 0
308 316 0
312 336 0
316 347 0
317 332 0
320 329 0
329 331 0
332 347 0
334 342 0
342 346 0
