800 973 0
1 688 0
2 149 0
2 186 0
2 494 0
2 576 0
3 616 0
4 611 0
5 284 0
5 319 0
5 333 0
5 482 0
5 626 0
5 720 0
6 472 0
6 690 0
6 742 0
7 773 0
8 300 0
8 722 0
8 736 0
8 755 0
9 690 0
10 15 0
10 16 0
10 370 0
10 679 0
11 227 0
11 336 0
11 425 0
11 504 0
11 739 0
12 226 0
13 451 0
14 531 0
15 203 0
15 444 0
15 672 0
17 457 0
18 503 0
19 442 0
19 594 0
19 671 0
19 698 0
19 756 0
20 50 0
20 62 0
20 137 0
20 277 0
20 642 0
21 42 0
21 59 0
21 173 0
21 238 0
21 293 0
22 61 0
23 209 0
23 412 0
23 533 0
23 643 0
24 48 0
24 152 0
24 519 0
24 587 0
24 751 0
25 157 0
26 288 0
27 741 0
28 136 0
29 271 0
29 275 0
29 747 0
30 189 0
30 551 0
30 725 0
30 749 0
31 40 0
31 260 0
31 505 0
31 789 0
32 508 0
33 401 0
34 500 0
35 543 0
36 299 0
36 418 0
36 674 0
37 521 0
38 40 0
38 299 0
38 472 0
38 643 0
39 449 0
40 160 0
40 338 0
41 148 0
41 347 0
41 629 0
41 636 0
41 763 0
43 49 0
43 165 0
43 467 0
43 541 0
44 134 0
45 65 0
45 386 0
45 396 0
45 468 0
45 666 0
45 669 0
45 716 0
46 397 0
47 85 0
47 635 0
47 800 0
48 170 0
48 381 0
51 203 0
52 275 0
53 759 0
54 163 0
55 717 0
56 234 0
56 280 0
56 441 0
56 510 0
56 611 0
57 70 0
57 420 0
57 487 0
57 499 0
58 249 0
58 451 0
58 574 0
58 606 0
59 160 0
59 418 0
60 77 0
61 393 0
61 512 0
61 756 0
62 384 0
62 474 0
63 102 0
64 175 0
64 297 0
64 407 0
64 490 0
64 647 0
65 418 0
65 546 0
66 236 0
67 260 0
68 198 0
69 485 0
69 507 0
69 612 0
69 637 0
70 77 0
70 157 0
70 228 0
71 503 0
72 217 0
72 240 0
72 574 0
72 654 0
72 715 0
73 271 0
74 644 0
75 401 0
76 184 0
76 528 0
76 550 0
77 429 0
77 656 0
78 441 0
79 244 0
80 410 0
81 452 0
82 325 0
82 363 0
82 420 0
82 435 0
83 312 0
84 374 0
84 440 0
84 612 0
85 408 0
85 612 0
85 759 0
85 798 0
86 421 0
87 180 0
88 275 0
89 546 0
90 796 0
91 322 0
91 440 0
91 491 0
91 672 0
92 237 0
93 367 0
93 513 0
93 680 0
93 707 0
94 326 0
95 646 0
96 131 0
97 143 0
97 480 0
97 558 0
97 748 0
98 490 0
99 750 0
100 174 0
101 584 0
102 201 0
102 247 0
102 367 0
103 196 0
103 297 0
103 387 0
103 758 0
104 695 0
105 231 0
105 430 0
105 593 0
105 756 0
106 221 0
107 229 0
107 372 0
107 506 0
107 542 0
107 786 0
108 230 0
108 272 0
108 309 0
108 711 0
108 771 0
109 408 0
110 352 0
111 310 0
111 425 0
111 585 0
111 739 0
112 521 0
113 247 0
113 426 0
113 476 0
113 502 0
113 632 0
113 662 0
114 312 0
115 377 0
116 228 0
117 500 0
118 164 0
119 507 0
120 387 0
120 498 0
120 592 0
120 661 0
120 761 0
121 226 0
121 447 0
121 475 0
121 534 0
121 647 0
121 672 0
122 584 0
123 640 0
124 284 0
125 508 0
126 263 0
127 701 0
128 657 0
129 394 0
130 246 0
130 355 0
130 593 0
130 764 0
131 548 0
131 629 0
131 665 0
132 507 0
133 313 0
134 339 0
134 467 0
134 720 0
134 752 0
135 550 0
136 177 0
136 492 0
136 609 0
136 721 0
138 606 0
139 174 0
140 773 0
141 796 0
142 605 0
144 695 0
145 182 0
146 463 0
147 449 0
149 317 0
149 440 0
150 195 0
151 449 0
153 167 0
153 248 0
153 384 0
153 618 0
154 447 0
155 675 0
156 315 0
156 348 0
156 398 0
156 702 0
157 601 0
157 712 0
158 481 0
159 659 0
160 237 0
160 508 0
160 618 0
161 532 0
162 326 0
163 189 0
163 239 0
163 261 0
163 629 0
164 243 0
164 380 0
164 654 0
166 353 0
167 348 0
167 486 0
167 578 0
167 718 0
168 265 0
168 540 0
168 632 0
168 799 0
169 321 0
170 219 0
170 499 0
170 683 0
171 773 0
172 278 0
172 319 0
172 410 0
172 586 0
172 667 0
172 767 0
173 328 0
173 583 0
173 643 0
173 644 0
174 465 0
174 721 0
175 301 0
175 456 0
175 677 0
175 732 0
176 217 0
176 586 0
176 607 0
176 613 0
176 686 0
176 781 0
178 405 0
179 445 0
180 194 0
180 484 0
180 562 0
180 729 0
181 196 0
182 351 0
182 760 0
182 799 0
183 211 0
184 579 0
184 587 0
184 776 0
184 793 0
184 795 0
185 376 0
187 234 0
188 444 0
189 278 0
189 584 0
190 193 0
191 289 0
191 406 0
191 485 0
191 567 0
192 462 0
193 287 0
193 333 0
193 598 0
193 654 0
194 211 0
194 413 0
194 559 0
194 619 0
194 770 0
195 344 0
195 400 0
195 499 0
196 328 0
196 557 0
196 588 0
196 662 0
196 668 0
197 524 0
198 266 0
198 726 0
198 782 0
199 206 0
199 211 0
199 263 0
199 520 0
200 226 0
202 205 0
202 208 0
202 330 0
202 697 0
203 514 0
203 783 0
204 250 0
204 320 0
204 378 0
204 654 0
205 251 0
205 272 0
205 437 0
206 505 0
206 792 0
207 418 0
207 485 0
207 576 0
207 755 0
208 318 0
208 323 0
208 428 0
208 510 0
209 471 0
209 619 0
209 715 0
210 283 0
210 528 0
210 692 0
210 716 0
211 304 0
211 402 0
211 673 0
212 606 0
213 548 0
213 625 0
213 627 0
213 677 0
214 346 0
214 392 0
214 579 0
214 593 0
214 632 0
214 753 0
215 360 0
216 303 0
216 513 0
216 596 0
216 757 0
217 283 0
217 445 0
218 317 0
220 362 0
221 581 0
221 755 0
221 790 0
222 381 0
223 322 0
224 703 0
225 708 0
226 391 0
228 681 0
228 684 0
228 704 0
229 444 0
229 799 0
231 306 0
231 559 0
231 674 0
232 374 0
233 457 0
233 536 0
233 646 0
234 252 0
234 415 0
235 659 0
236 240 0
236 323 0
236 510 0
236 580 0
236 581 0
236 650 0
237 277 0
237 307 0
237 454 0
237 484 0
240 275 0
240 463 0
241 565 0
242 759 0
244 268 0
244 367 0
244 720 0
245 322 0
247 662 0
248 360 0
248 781 0
249 657 0
249 717 0
253 657 0
254 283 0
255 550 0
256 583 0
257 353 0
258 379 0
258 413 0
258 455 0
258 664 0
258 696 0
258 771 0
259 463 0
260 436 0
260 655 0
260 661 0
262 700 0
263 294 0
263 328 0
263 420 0
263 535 0
264 291 0
264 513 0
264 552 0
264 590 0
267 533 0
269 421 0
270 536 0
270 588 0
270 687 0
270 740 0
271 293 0
271 329 0
272 277 0
273 701 0
274 376 0
275 670 0
276 367 0
276 375 0
276 464 0
276 544 0
276 637 0
277 415 0
277 536 0
278 348 0
278 680 0
279 282 0
279 478 0
279 521 0
279 703 0
279 717 0
280 587 0
280 660 0
280 680 0
281 475 0
281 770 0
281 798 0
282 646 0
282 795 0
283 497 0
283 538 0
283 571 0
283 729 0
284 382 0
284 517 0
284 754 0
285 322 0
285 441 0
285 612 0
286 624 0
288 539 0
288 642 0
288 766 0
290 298 0
290 404 0
290 439 0
290 648 0
292 321 0
293 323 0
295 407 0
296 633 0
296 639 0
296 678 0
296 710 0
296 723 0
297 455 0
297 536 0
297 714 0
297 732 0
299 455 0
299 574 0
302 700 0
305 330 0
306 366 0
306 425 0
306 645 0
308 321 0
311 360 0
311 362 0
311 457 0
311 478 0
312 357 0
312 707 0
312 779 0
313 404 0
313 459 0
313 734 0
314 636 0
314 669 0
316 397 0
317 399 0
317 576 0
317 614 0
317 727 0
319 469 0
319 777 0
321 498 0
323 457 0
323 580 0
324 463 0
326 576 0
326 713 0
326 746 0
327 405 0
329 449 0
329 620 0
329 697 0
330 385 0
330 698 0
331 337 0
331 455 0
331 467 0
331 480 0
331 726 0
332 605 0
333 769 0
334 481 0
335 591 0
337 550 0
337 800 0
338 468 0
338 520 0
338 646 0
338 690 0
340 425 0
340 473 0
340 566 0
340 692 0
341 528 0
342 758 0
343 371 0
345 615 0
348 352 0
349 475 0
350 503 0
352 589 0
352 784 0
353 573 0
353 771 0
354 640 0
356 770 0
358 407 0
359 447 0
360 641 0
361 659 0
362 534 0
362 649 0
362 747 0
363 536 0
363 758 0
364 533 0
365 412 0
366 381 0
366 635 0
366 796 0
367 585 0
368 441 0
369 626 0
371 387 0
371 530 0
371 536 0
372 612 0
372 675 0
372 695 0
373 675 0
374 511 0
374 577 0
374 726 0
376 513 0
376 572 0
377 423 0
377 432 0
377 792 0
379 543 0
379 700 0
379 701 0
381 422 0
381 689 0
383 717 0
384 472 0
384 491 0
384 503 0
386 472 0
386 565 0
386 579 0
386 705 0
388 667 0
389 789 0
390 500 0
394 482 0
394 610 0
394 707 0
395 565 0
397 548 0
397 778 0
401 495 0
401 660 0
402 531 0
402 543 0
402 621 0
403 524 0
404 574 0
404 636 0
404 661 0
405 443 0
405 792 0
407 470 0
408 527 0
408 569 0
409 658 0
410 427 0
410 523 0
411 440 0
412 479 0
412 628 0
413 658 0
414 440 0
415 707 0
416 620 0
417 635 0
418 612 0
418 672 0
419 445 0
420 657 0
421 571 0
421 602 0
421 754 0
424 769 0
425 436 0
428 643 0
428 756 0
430 481 0
430 550 0
430 626 0
431 789 0
433 640 0
434 521 0
436 508 0
438 475 0
441 623 0
444 535 0
444 742 0
444 762 0
445 570 0
445 739 0
446 636 0
447 488 0
448 652 0
450 618 0
451 484 0
451 696 0
451 785 0
452 593 0
452 731 0
452 746 0
452 797 0
453 624 0
457 774 0
458 561 0
460 708 0
461 646 0
462 480 0
462 575 0
462 781 0
466 635 0
467 716 0
467 742 0
467 750 0
468 621 0
468 667 0
468 747 0
468 781 0
472 662 0
472 799 0
474 604 0
474 676 0
474 792 0
475 780 0
477 800 0
478 487 0
478 642 0
480 687 0
480 773 0
481 682 0
481 685 0
482 695 0
483 721 0
483 728 0
483 738 0
483 742 0
485 500 0
485 664 0
485 758 0
487 674 0
487 697 0
489 490 0
490 564 0
491 525 0
491 651 0
492 559 0
492 652 0
493 768 0
496 750 0
498 546 0
498 612 0
498 677 0
498 687 0
499 684 0
499 708 0
501 624 0
503 685 0
503 754 0
505 568 0
505 638 0
507 585 0
507 771 0
508 729 0
509 591 0
515 618 0
516 705 0
518 690 0
520 600 0
520 694 0
521 692 0
522 667 0
524 560 0
524 587 0
526 703 0
528 707 0
529 546 0
531 582 0
531 645 0
531 733 0
532 662 0
532 693 0
532 699 0
533 597 0
534 636 0
535 615 0
536 591 0
537 561 0
543 545 0
546 788 0
547 591 0
548 643 0
549 603 0
553 561 0
554 620 0
555 652 0
556 759 0
559 678 0
559 754 0
561 755 0
563 798 0
565 571 0
571 698 0
574 792 0
576 734 0
580 770 0
581 717 0
583 631 0
583 706 0
584 727 0
584 765 0
586 626 0
588 800 0
595 800 0
599 705 0
603 678 0
603 691 0
603 709 0
605 714 0
605 787 0
606 726 0
606 788 0
608 798 0
611 735 0
611 779 0
612 732 0
615 714 0
615 746 0
616 642 0
616 747 0
616 794 0
617 789 0
619 707 0
620 745 0
621 695 0
622 769 0
624 799 0
626 664 0
630 768 0
634 800 0
636 788 0
637 741 0
640 696 0
642 715 0
644 743 0
644 795 0
645 741 0
645 800 0
647 705 0
652 714 0
652 779 0
653 768 0
657 669 0
657 684 0
658 663 0
658 678 0
659 756 0
660 688 0
660 769 0
674 680 0
675 730 0
685 750 0
688 723 0
688 791 0
696 768 0
697 721 0
700 772 0
701 767 0
703 775 0
705 795 0
708 744 0
716 754 0
719 758 0
723 758 0
724 741 0
727 796 0
734 758 0
737 770 0
759 767 0
