900 1079 0
1 328 0
2 160 0
3 498 0
4 36 0
4 230 0
4 377 0
4 869 0
5 34 0
5 240 0
5 642 0
6 873 0
7 443 0
8 40 0
8 137 0
8 761 0
8 779 0
9 317 0
9 387 0
9 477 0
9 584 0
9 626 0
9 644 0
10 240 0
11 48 0
12 352 0
12 566 0
12 632 0
12 671 0
13 199 0
14 86 0
14 364 0
14 398 0
14 430 0
15 164 0
16 426 0
17 54 0
17 401 0
17 771 0
17 895 0
18 473 0
19 92 0
19 595 0
19 846 0
19 892 0
20 97 0
20 136 0
20 219 0
20 389 0
21 323 0
22 812 0
23 70 0
23 278 0
23 351 0
24 426 0
24 540 0
24 677 0
25 861 0
26 613 0
27 650 0
28 720 0
28 721 0
28 804 0
28 845 0
29 48 0
29 340 0
29 843 0
29 883 0
30 278 0
31 816 0
32 234 0
32 490 0
32 582 0
33 312 0
33 426 0
33 599 0
34 452 0
34 469 0
34 573 0
34 580 0
34 843 0
35 324 0
35 370 0
35 393 0
35 618 0
35 704 0
35 782 0
37 299 0
38 780 0
39 262 0
39 446 0
39 551 0
40 106 0
40 188 0
40 336 0
40 852 0
41 589 0
41 697 0
41 853 0
41 864 0
42 136 0
42 228 0
42 445 0
43 45 0
43 446 0
43 554 0
43 863 0
44 146 0
45 197 0
45 516 0
46 399 0
47 395 0
48 59 0
48 597 0
48 887 0
49 277 0
50 135 0
50 239 0
50 287 0
50 421 0
50 500 0
50 715 0
51 663 0
52 611 0
53 476 0
55 655 0
55 695 0
55 792 0
55 883 0
56 637 0
57 159 0
58 176 0
58 452 0
58 620 0
58 773 0
60 108 0
61 744 0
62 729 0
63 307 0
64 140 0
64 447 0
64 560 0
64 664 0
65 311 0
65 373 0
65 488 0
65 887 0
66 532 0
66 579 0
66 705 0
66 711 0
66 789 0
67 350 0
67 376 0
67 768 0
68 213 0
69 192 0
69 366 0
69 519 0
69 796 0
70 314 0
70 617 0
70 870 0
71 414 0
71 767 0
71 812 0
72 86 0
72 132 0
72 135 0
72 755 0
73 183 0
73 422 0
73 536 0
73 730 0
73 876 0
74 854 0
75 290 0
76 209 0
77 663 0
78 158 0
78 527 0
78 547 0
78 834 0
79 326 0
80 207 0
80 215 0
80 309 0
80 641 0
80 689 0
81 764 0
82 362 0
83 808 0
84 193 0
84 553 0
84 591 0
84 893 0
85 253 0
85 396 0
85 690 0
85 808 0
85 900 0
86 461 0
86 737 0
87 133 0
87 258 0
87 692 0
87 854 0
88 759 0
89 769 0
90 295 0
91 395 0
92 278 0
92 344 0
92 374 0
92 477 0
93 243 0
94 520 0
95 743 0
96 108 0
97 107 0
97 273 0
97 864 0
98 129 0
98 155 0
98 275 0
98 306 0
98 367 0
99 183 0
99 592 0
99 643 0
99 705 0
100 560 0
101 130 0
101 370 0
101 378 0
101 674 0
101 730 0
101 746 0
102 696 0
103 623 0
104 456 0
105 451 0
106 177 0
106 431 0
106 765 0
107 541 0
107 582 0
107 764 0
108 220 0
108 336 0
108 727 0
109 768 0
110 369 0
111 415 0
112 385 0
113 742 0
114 194 0
114 443 0
114 531 0
114 613 0
115 383 0
116 214 0
116 441 0
116 586 0
116 678 0
117 299 0
118 240 0
119 690 0
120 253 0
121 856 0
122 290 0
123 569 0
124 154 0
124 303 0
124 408 0
124 602 0
125 488 0
126 139 0
127 769 0
128 656 0
129 409 0
129 616 0
131 379 0
132 277 0
132 490 0
132 572 0
132 632 0
133 181 0
133 361 0
133 850 0
134 447 0
135 205 0
135 459 0
135 838 0
136 190 0
136 580 0
136 755 0
138 243 0
139 187 0
139 615 0
139 734 0
140 244 0
140 474 0
140 543 0
141 470 0
142 488 0
142 723 0
142 854 0
143 701 0
144 390 0
145 585 0
146 166 0
146 231 0
146 311 0
146 363 0
146 821 0
147 677 0
148 568 0
149 650 0
150 457 0
151 812 0
152 454 0
153 242 0
155 385 0
155 586 0
155 684 0
155 878 0
156 263 0
157 769 0
158 194 0
158 328 0
158 783 0
159 264 0
159 330 0
159 468 0
159 509 0
159 644 0
160 201 0
160 643 0
160 778 0
161 546 0
161 637 0
161 767 0
162 434 0
162 454 0
162 616 0
162 856 0
162 900 0
163 264 0
163 557 0
163 639 0
163 803 0
164 165 0
164 333 0
164 349 0
164 870 0
165 404 0
165 544 0
167 640 0
168 328 0
169 382 0
169 520 0
169 577 0
169 743 0
170 438 0
171 286 0
172 498 0
173 560 0
174 227 0
175 389 0
175 637 0
175 741 0
175 828 0
178 684 0
178 729 0
178 759 0
179 654 0
180 546 0
182 518 0
183 262 0
183 371 0
183 438 0
184 816 0
185 300 0
186 517 0
187 344 0
187 487 0
187 873 0
188 785 0
188 810 0
188 898 0
189 195 0
189 277 0
189 278 0
190 518 0
190 719 0
190 767 0
191 733 0
192 412 0
192 460 0
192 726 0
193 403 0
193 570 0
193 577 0
193 735 0
193 861 0
194 310 0
194 338 0
195 205 0
195 737 0
195 764 0
196 832 0
197 298 0
197 420 0
197 549 0
197 775 0
198 759 0
199 279 0
199 341 0
199 814 0
200 616 0
202 712 0
203 447 0
204 436 0
204 581 0
204 677 0
204 894 0
205 397 0
205 514 0
206 878 0
208 404 0
209 342 0
209 421 0
209 770 0
209 786 0
210 772 0
211 417 0
211 607 0
211 817 0
212 313 0
213 239 0
213 866 0
213 898 0
214 415 0
214 498 0
216 391 0
216 483 0
216 635 0
216 678 0
217 376 0
218 593 0
219 420 0
219 648 0
219 836 0
219 886 0
221 816 0
222 530 0
223 630 0
224 572 0
225 494 0
226 541 0
227 247 0
227 638 0
227 820 0
228 405 0
228 491 0
228 586 0
228 714 0
229 854 0
232 582 0
233 796 0
234 405 0
234 468 0
234 759 0
234 772 0
234 817 0
235 386 0
236 599 0
237 403 0
238 531 0
239 703 0
240 469 0
241 544 0
242 433 0
242 495 0
242 875 0
243 371 0
243 420 0
243 539 0
245 253 0
246 348 0
248 438 0
249 414 0
250 566 0
251 340 0
252 568 0
253 287 0
253 610 0
253 714 0
254 630 0
255 341 0
255 446 0
255 592 0
255 670 0
256 593 0
257 828 0
258 308 0
258 529 0
258 701 0
258 812 0
259 764 0
260 438 0
261 346 0
262 573 0
262 668 0
262 688 0
263 670 0
263 781 0
263 824 0
264 351 0
265 818 0
266 271 0
266 512 0
266 596 0
266 670 0
267 534 0
268 839 0
269 560 0
270 386 0
271 704 0
271 810 0
272 476 0
273 457 0
273 473 0
273 654 0
274 312 0
276 677 0
277 511 0
277 837 0
278 496 0
278 791 0
279 470 0
279 704 0
280 426 0
281 796 0
282 572 0
283 461 0
284 290 0
284 346 0
284 654 0
285 534 0
286 303 0
286 304 0
286 645 0
286 662 0
287 654 0
288 326 0
288 368 0
288 414 0
288 767 0
289 400 0
289 464 0
289 621 0
289 624 0
289 803 0
290 587 0
290 705 0
291 308 0
292 551 0
293 373 0
294 376 0
295 424 0
295 788 0
295 850 0
296 860 0
297 783 0
299 378 0
299 684 0
300 651 0
300 722 0
300 748 0
301 737 0
302 490 0
303 519 0
303 839 0
305 737 0
307 356 0
307 714 0
307 821 0
307 887 0
308 320 0
308 474 0
308 728 0
309 316 0
309 368 0
309 860 0
310 368 0
310 445 0
310 540 0
311 572 0
312 378 0
312 794 0
313 435 0
313 484 0
313 516 0
315 890 0
316 485 0
316 523 0
316 776 0
318 531 0
319 405 0
319 607 0
319 664 0
321 703 0
322 873 0
323 338 0
323 345 0
323 603 0
323 787 0
325 366 0
325 470 0
325 867 0
326 392 0
326 682 0
327 783 0
328 559 0
328 604 0
329 616 0
331 696 0
332 353 0
334 517 0
335 537 0
335 683 0
335 706 0
335 845 0
336 534 0
336 570 0
337 741 0
338 350 0
338 417 0
339 461 0
339 582 0
339 764 0
340 565 0
340 867 0
341 501 0
341 692 0
341 890 0
343 544 0
344 522 0
344 810 0
344 845 0
346 601 0
346 638 0
346 684 0
347 656 0
348 475 0
348 843 0
348 886 0
350 455 0
350 707 0
350 760 0
351 363 0
351 858 0
351 880 0
351 888 0
353 428 0
353 437 0
353 678 0
354 623 0
355 628 0
357 487 0
358 605 0
359 366 0
360 860 0
362 416 0
362 510 0
362 872 0
363 395 0
363 519 0
365 396 0
365 444 0
365 609 0
365 719 0
365 732 0
365 872 0
366 367 0
366 467 0
366 573 0
367 526 0
367 828 0
368 576 0
368 840 0
369 542 0
369 672 0
369 785 0
370 560 0
371 669 0
372 382 0
373 508 0
373 634 0
373 747 0
373 785 0
373 886 0
374 466 0
374 499 0
374 844 0
375 815 0
376 869 0
378 421 0
378 577 0
379 535 0
379 676 0
379 705 0
380 417 0
381 723 0
382 713 0
382 724 0
383 643 0
383 679 0
383 829 0
384 703 0
385 432 0
385 766 0
385 889 0
386 608 0
386 801 0
387 696 0
387 743 0
388 644 0
388 810 0
388 850 0
388 867 0
389 418 0
389 433 0
389 838 0
390 422 0
390 446 0
390 449 0
390 598 0
393 459 0
393 488 0
394 395 0
395 879 0
396 890 0
399 469 0
399 567 0
399 574 0
401 530 0
401 581 0
401 703 0
402 654 0
403 439 0
403 524 0
403 735 0
404 434 0
404 850 0
405 710 0
405 727 0
406 482 0
406 631 0
406 648 0
406 825 0
407 780 0
409 429 0
409 469 0
409 618 0
409 675 0
410 701 0
411 861 0
413 585 0
414 718 0
414 827 0
415 452 0
415 653 0
416 733 0
416 854 0
416 884 0
417 837 0
417 896 0
418 426 0
418 546 0
418 611 0
419 862 0
420 551 0
420 604 0
422 828 0
423 593 0
425 457 0
426 562 0
427 744 0
433 599 0
433 640 0
434 705 0
435 729 0
435 780 0
435 900 0
436 525 0
436 590 0
436 813 0
439 469 0
439 843 0
440 767 0
441 464 0
441 479 0
441 710 0
441 711 0
441 840 0
442 839 0
443 506 0
443 709 0
443 745 0
444 491 0
444 600 0
444 841 0
445 592 0
445 810 0
446 517 0
446 719 0
447 533 0
448 457 0
450 744 0
451 770 0
451 874 0
451 889 0
452 569 0
453 461 0
454 619 0
454 662 0
456 564 0
456 727 0
456 762 0
458 611 0
459 588 0
459 660 0
461 691 0
462 852 0
463 878 0
464 520 0
464 550 0
465 828 0
468 861 0
470 618 0
470 735 0
470 836 0
470 865 0
471 546 0
472 652 0
473 809 0
473 819 0
474 516 0
476 704 0
476 830 0
477 528 0
478 712 0
480 725 0
481 812 0
486 772 0
487 545 0
487 639 0
487 738 0
488 870 0
489 530 0
490 800 0
491 529 0
491 559 0
491 884 0
492 640 0
493 623 0
494 798 0
494 833 0
494 866 0
494 867 0
497 558 0
497 681 0
497 843 0
497 881 0
498 673 0
498 867 0
501 661 0
501 784 0
501 847 0
502 669 0
503 599 0
504 852 0
505 663 0
507 690 0
509 540 0
509 723 0
513 642 0
515 642 0
516 663 0
516 690 0
517 657 0
518 710 0
518 752 0
518 849 0
519 580 0
520 731 0
521 861 0
522 600 0
522 838 0
526 743 0
526 832 0
528 608 0
528 745 0
528 802 0
529 566 0
529 674 0
529 803 0
530 647 0
531 692 0
531 821 0
534 845 0
538 739 0
540 704 0
540 770 0
540 869 0
540 879 0
541 612 0
541 758 0
541 889 0
544 790 0
544 836 0
548 815 0
550 630 0
550 656 0
551 831 0
552 563 0
555 600 0
556 690 0
559 873 0
561 878 0
563 625 0
563 670 0
563 716 0
566 669 0
568 608 0
568 871 0
569 578 0
569 691 0
569 806 0
570 652 0
571 780 0
575 642 0
576 628 0
576 725 0
576 818 0
577 755 0
580 581 0
581 678 0
582 740 0
582 848 0
583 741 0
585 842 0
585 864 0
586 608 0
586 655 0
592 609 0
592 664 0
593 887 0
594 894 0
599 610 0
600 686 0
604 816 0
605 691 0
605 749 0
605 859 0
605 898 0
606 783 0
607 678 0
607 751 0
609 705 0
610 719 0
611 851 0
613 698 0
613 799 0
614 739 0
616 753 0
622 742 0
623 770 0
627 841 0
628 857 0
628 879 0
629 696 0
630 638 0
632 836 0
633 723 0
634 733 0
634 900 0
636 637 0
637 699 0
638 664 0
639 703 0
640 685 0
641 796 0
641 818 0
642 648 0
643 815 0
644 696 0
644 797 0
646 725 0
648 742 0
648 745 0
648 848 0
649 882 0
650 727 0
650 774 0
652 655 0
652 693 0
655 882 0
656 704 0
656 708 0
658 703 0
659 832 0
662 745 0
663 864 0
664 870 0
665 839 0
666 817 0
667 882 0
674 818 0
680 725 0
686 733 0
686 841 0
687 890 0
694 742 0
700 815 0
701 797 0
701 837 0
702 768 0
704 784 0
710 739 0
711 854 0
712 722 0
712 822 0
712 840 0
717 894 0
722 768 0
722 884 0
723 848 0
723 898 0
729 877 0
730 887 0
733 838 0
736 737 0
739 811 0
741 885 0
743 756 0
744 836 0
750 894 0
754 817 0
755 787 0
755 900 0
757 808 0
759 891 0
763 841 0
768 787 0
769 803 0
769 866 0
772 807 0
777 856 0
784 900 0
785 816 0
793 856 0
795 860 0
797 832 0
805 862 0
808 872 0
808 899 0
817 868 0
818 823 0
826 882 0
832 869 0
835 852 0
841 897 0
843 862 0
855 862 0
882 883 0
884 887 0
