200 289 0
1 12 0
1 41 0
1 77 0
1 174 0
2 160 0
3 10 0
4 172 0
5 90 0
6 23 0
6 54 0
6 69 0
7 81 0
8 125 0
8 128 0
9 106 0
10 69 0
10 77 0
10 92 0
10 158 0
10 191 0
11 172 0
12 39 0
12 136 0
12 137 0
12 150 0
12 177 0
13 44 0
13 96 0
14 185 0
14 194 0
15 129 0
16 111 0
16 122 0
16 127 0
16 155 0
16 166 0
17 35 0
18 37 0
18 63 0
18 91 0
18 96 0
18 193 0
19 61 0
19 93 0
19 121 0
19 147 0
20 72 0
20 154 0
20 165 0
20 186 0
20 194 0
21 33 0
22 87 0
22 94 0
22 134 0
23 60 0
23 107 0
23 188 0
24 38 0
24 40 0
25 128 0
26 115 0
26 150 0
26 170 0
26 194 0
27 45 0
28 94 0
28 104 0
28 125 0
28 132 0
29 172 0
29 191 0
30 80 0
31 49 0
31 57 0
31 121 0
31 125 0
31 144 0
31 182 0
31 187 0
32 47 0
32 48 0
32 68 0
32 90 0
32 96 0
33 59 0
33 88 0
33 151 0
33 187 0
34 38 0
34 79 0
35 65 0
35 85 0
35 121 0
35 149 0
36 97 0
36 155 0
37 87 0
37 97 0
37 106 0
38 103 0
38 169 0
39 95 0
39 156 0
39 173 0
40 43 0
41 183 0
42 106 0
43 44 0
43 75 0
43 81 0
43 83 0
43 119 0
44 128 0
45 62 0
45 106 0
45 109 0
45 125 0
45 157 0
46 47 0
46 65 0
46 96 0
46 135 0
47 67 0
47 114 0
47 155 0
48 81 0
48 91 0
48 184 0
49 108 0
49 129 0
50 81 0
50 110 0
51 177 0
52 124 0
52 153 0
52 161 0
52 187 0
53 90 0
53 160 0
53 180 0
54 57 0
54 67 0
54 137 0
54 200 0
55 56 0
55 188 0
56 84 0
56 137 0
56 157 0
56 171 0
56 194 0
57 74 0
58 71 0
58 133 0
58 137 0
58 146 0
58 165 0
59 96 0
61 200 0
62 144 0
63 168 0
64 143 0
64 185 0
64 199 0
66 90 0
67 173 0
68 107 0
68 111 0
68 182 0
69 85 0
69 113 0
69 153 0
69 172 0
70 144 0
71 99 0
73 87 0
73 176 0
73 185 0
73 191 0
74 163 0
75 87 0
75 94 0
75 128 0
76 138 0
76 180 0
78 144 0
79 87 0
79 113 0
79 118 0
79 133 0
79 182 0
80 164 0
80 169 0
80 197 0
81 107 0
82 154 0
82 196 0
83 102 0
85 89 0
85 101 0
85 175 0
85 195 0
86 154 0
87 98 0
87 191 0
92 135 0
93 198 0
94 112 0
94 168 0
96 139 0
97 107 0
97 110 0
97 190 0
98 145 0
99 159 0
100 185 0
101 129 0
102 152 0
105 154 0
105 180 0
105 187 0
106 162 0
106 167 0
107 130 0
107 196 0
108 177 0
109 176 0
111 145 0
111 154 0
113 137 0
113 194 0
116 129 0
117 119 0
117 176 0
118 169 0
118 177 0
120 159 0
120 184 0
121 144 0
122 169 0
123 154 0
123 186 0
124 187 0
125 132 0
125 144 0
125 178 0
125 197 0
126 155 0
126 178 0
129 138 0
130 152 0
131 178 0
132 180 0
134 152 0
134 163 0
135 163 0
136 138 0
136 169 0
136 178 0
136 182 0
137 152 0
138 159 0
138 160 0
139 199 0
140 145 0
141 188 0
141 196 0
142 180 0
143 196 0
144 162 0
144 171 0
145 148 0
153 194 0
159 195 0
159 199 0
160 179 0
160 189 0
163 169 0
163 198 0
165 199 0
172 192 0
173 192 0
175 176 0
178 181 0
180 187 0
183 191 0
184 191 0
192 193 0
