500 568 0
1 288 0
2 323 0
2 459 0
3 343 0
4 69 0
4 168 0
4 181 0
4 306 0
4 318 0
5 270 0
5 384 0
5 499 0
6 229 0
6 273 0
6 388 0
6 442 0
7 404 0
8 76 0
9 55 0
9 271 0
10 415 0
10 421 0
11 339 0
12 335 0
12 433 0
13 53 0
13 110 0
13 213 0
13 352 0
14 459 0
15 185 0
15 291 0
15 459 0
16 141 0
16 159 0
16 267 0
16 362 0
16 447 0
17 413 0
18 466 0
19 313 0
20 448 0
21 164 0
22 34 0
22 72 0
22 158 0
22 420 0
23 341 0
24 416 0
24 456 0
25 444 0
26 66 0
26 316 0
27 443 0
28 54 0
29 298 0
30 110 0
30 131 0
31 76 0
32 97 0
32 144 0
33 334 0
35 338 0
36 51 0
36 86 0
36 400 0
36 465 0
37 218 0
38 139 0
38 280 0
38 286 0
38 399 0
39 228 0
39 258 0
40 80 0
40 215 0
41 83 0
41 153 0
41 313 0
41 491 0
42 253 0
43 144 0
43 175 0
43 366 0
43 416 0
44 122 0
44 159 0
44 409 0
44 450 0
45 309 0
46 306 0
46 344 0
46 351 0
46 474 0
47 384 0
48 56 0
48 394 0
48 406 0
48 448 0
49 61 0
49 238 0
49 265 0
49 290 0
50 258 0
51 218 0
51 245 0
51 333 0
51 497 0
52 305 0
52 321 0
52 340 0
52 466 0
53 121 0
53 150 0
53 199 0
54 74 0
54 136 0
54 449 0
55 115 0
55 350 0
55 487 0
56 170 0
56 357 0
56 382 0
57 493 0
58 249 0
59 63 0
60 385 0
62 81 0
63 161 0
63 186 0
63 436 0
64 151 0
64 163 0
64 276 0
64 290 0
64 375 0
65 378 0
66 237 0
66 239 0
66 244 0
66 246 0
66 356 0
67 313 0
68 286 0
68 335 0
70 395 0
71 283 0
73 361 0
73 467 0
74 178 0
74 365 0
74 469 0
75 407 0
76 209 0
76 230 0
77 89 0
78 114 0
79 85 0
80 255 0
80 275 0
80 343 0
80 496 0
81 96 0
81 353 0
81 397 0
82 311 0
82 454 0
83 109 0
83 127 0
83 248 0
83 346 0
84 444 0
85 112 0
85 147 0
85 426 0
85 455 0
86 301 0
87 389 0
88 226 0
88 285 0
88 320 0
88 368 0
89 174 0
89 191 0
89 296 0
89 436 0
90 305 0
90 341 0
90 363 0
90 367 0
91 455 0
92 156 0
93 102 0
93 139 0
94 316 0
95 313 0
96 269 0
96 410 0
96 491 0
97 174 0
98 444 0
99 198 0
100 395 0
101 385 0
102 288 0
103 156 0
104 198 0
105 290 0
105 414 0
106 340 0
107 220 0
107 305 0
107 309 0
107 338 0
108 448 0
110 206 0
110 252 0
111 193 0
111 379 0
111 470 0
111 489 0
113 175 0
114 190 0
114 211 0
114 245 0
116 315 0
117 256 0
118 367 0
119 378 0
120 389 0
123 213 0
123 395 0
123 455 0
123 493 0
124 128 0
124 328 0
124 408 0
124 461 0
125 309 0
126 340 0
127 468 0
128 253 0
128 270 0
128 329 0
128 413 0
129 497 0
130 205 0
130 261 0
130 297 0
130 494 0
131 308 0
131 332 0
131 466 0
131 470 0
131 477 0
132 280 0
133 285 0
133 290 0
133 458 0
133 470 0
134 283 0
134 397 0
135 384 0
136 439 0
137 302 0
138 413 0
139 184 0
139 344 0
139 473 0
140 475 0
142 342 0
143 360 0
144 277 0
144 486 0
145 340 0
146 317 0
146 352 0
147 299 0
147 366 0
147 468 0
148 267 0
149 293 0
149 306 0
149 420 0
149 456 0
150 395 0
152 410 0
153 188 0
153 223 0
153 453 0
154 394 0
155 341 0
156 208 0
156 375 0
157 435 0
159 366 0
159 378 0
160 343 0
162 178 0
163 378 0
164 371 0
164 401 0
164 428 0
165 274 0
166 299 0
167 267 0
169 483 0
171 360 0
172 314 0
172 493 0
173 200 0
173 401 0
173 423 0
173 495 0
174 203 0
174 241 0
174 293 0
174 439 0
175 215 0
175 354 0
176 302 0
177 192 0
178 319 0
178 476 0
179 230 0
179 322 0
179 398 0
179 452 0
180 220 0
182 395 0
183 414 0
185 385 0
187 253 0
189 435 0
192 231 0
192 371 0
192 482 0
192 487 0
194 220 0
194 342 0
195 280 0
195 429 0
196 254 0
196 286 0
196 305 0
196 365 0
197 311 0
198 236 0
198 318 0
201 321 0
202 399 0
203 271 0
203 290 0
203 301 0
203 321 0
203 374 0
204 339 0
206 254 0
207 315 0
210 274 0
211 302 0
211 317 0
211 343 0
212 243 0
213 257 0
213 392 0
214 372 0
215 436 0
215 468 0
216 475 0
217 443 0
218 307 0
218 430 0
219 367 0
220 268 0
220 370 0
221 372 0
222 249 0
224 266 0
225 236 0
225 244 0
225 324 0
225 396 0
227 274 0
227 419 0
228 239 0
228 282 0
230 283 0
230 333 0
232 455 0
233 483 0
234 334 0
235 332 0
235 338 0
235 341 0
236 329 0
236 334 0
236 356 0
240 475 0
242 455 0
243 292 0
243 446 0
243 487 0
246 333 0
246 342 0
246 459 0
247 435 0
249 323 0
249 442 0
249 485 0
250 466 0
251 479 0
252 393 0
253 424 0
254 456 0
254 458 0
256 377 0
256 384 0
256 445 0
256 460 0
257 303 0
257 366 0
257 456 0
258 303 0
258 472 0
259 378 0
260 363 0
261 315 0
261 406 0
261 429 0
262 338 0
263 283 0
264 270 0
264 304 0
264 306 0
264 327 0
264 369 0
266 289 0
266 432 0
266 434 0
266 470 0
267 281 0
267 392 0
269 381 0
269 454 0
269 484 0
272 419 0
274 293 0
274 467 0
278 493 0
279 321 0
280 347 0
280 400 0
280 402 0
282 420 0
282 422 0
282 427 0
284 415 0
285 295 0
285 475 0
286 364 0
286 375 0
286 461 0
287 416 0
288 336 0
288 460 0
291 334 0
291 399 0
293 385 0
294 469 0
295 300 0
295 345 0
295 358 0
298 339 0
299 330 0
299 403 0
300 484 0
302 498 0
303 339 0
303 443 0
309 386 0
310 361 0
311 375 0
311 488 0
312 335 0
314 429 0
315 433 0
316 349 0
316 364 0
317 376 0
317 436 0
317 487 0
320 415 0
321 348 0
323 394 0
325 394 0
326 334 0
327 443 0
329 376 0
329 442 0
330 335 0
331 469 0
333 458 0
335 490 0
337 352 0
338 500 0
341 500 0
342 418 0
343 431 0
352 451 0
355 415 0
359 407 0
360 364 0
360 390 0
361 375 0
361 387 0
363 393 0
363 412 0
363 476 0
364 389 0
365 401 0
365 460 0
367 388 0
367 421 0
371 433 0
372 392 0
372 441 0
373 483 0
376 456 0
376 491 0
380 414 0
383 404 0
384 490 0
387 421 0
389 434 0
391 468 0
392 404 0
397 402 0
399 499 0
401 435 0
404 492 0
405 407 0
406 458 0
406 490 0
407 442 0
410 411 0
410 478 0
413 463 0
414 460 0
415 490 0
416 440 0
417 466 0
419 436 0
419 480 0
420 483 0
425 469 0
429 457 0
431 484 0
437 497 0
438 448 0
444 496 0
462 479 0
464 468 0
471 479 0
479 496 0
481 497 0
491 496 0
