40 92 0
1 4 0
1 18 0
1 19 0
1 22 0
1 23 0
1 28 0
1 38 0
2 11 0
2 12 0
2 24 0
3 38 0
4 15 0
4 27 0
4 31 0
5 23 0
6 9 0
6 17 0
6 19 0
6 20 0
6 30 0
6 31 0
7 9 0
7 16 0
7 22 0
7 29 0
7 35 0
7 38 0
8 18 0
8 22 0
8 24 0
9 20 0
9 25 0
9 27 0
9 28 0
9 40 0
10 13 0
10 24 0
10 37 0
11 28 0
11 36 0
11 37 0
12 15 0
12 18 0
12 22 0
13 22 0
13 28 0
13 29 0
13 40 0
14 19 0
14 26 0
14 31 0
14 35 0
14 40 0
15 24 0
15 36 0
15 37 0
16 18 0
16 19 0
17 36 0
18 19 0
18 23 0
19 25 0
19 35 0
20 23 0
20 35 0
21 27 0
21 28 0
21 29 0
21 34 0
22 24 0
22 35 0
23 27 0
23 34 0
24 31 0
25 38 0
26 34 0
26 36 0
26 37 0
26 38 0
27 29 0
27 30 0
28 33 0
28 36 0
28 37 0
29 30 0
29 32 0
30 34 0
33 36 0
34 38 0
35 36 0
35 37 0
37 39 0
