200 312 0
1 49 0
1 57 0
2 40 0
2 54 0
2 95 0
2 141 0
2 164 0
3 34 0
3 53 0
3 59 0
3 120 0
3 140 0
3 148 0
4 76 0
5 31 0
5 104 0
5 128 0
5 162 0
6 119 0
6 176 0
7 46 0
7 137 0
7 156 0
7 196 0
8 9 0
8 70 0
8 114 0
8 182 0
9 128 0
9 176 0
10 53 0
10 176 0
10 182 0
11 57 0
11 64 0
11 99 0
11 126 0
11 147 0
12 28 0
12 38 0
12 50 0
13 32 0
14 17 0
14 103 0
15 135 0
16 127 0
16 173 0
17 67 0
17 133 0
17 175 0
18 97 0
19 102 0
19 167 0
20 53 0
20 131 0
20 159 0
20 161 0
20 188 0
21 84 0
21 95 0
21 128 0
21 144 0
21 168 0
22 44 0
22 93 0
22 118 0
22 150 0
22 173 0
22 199 0
23 58 0
23 123 0
23 124 0
23 173 0
24 33 0
24 71 0
24 113 0
24 115 0
24 186 0
25 110 0
25 144 0
26 83 0
27 171 0
27 178 0
28 31 0
28 79 0
28 162 0
28 170 0
28 176 0
29 97 0
30 60 0
30 89 0
30 94 0
30 105 0
30 162 0
31 70 0
31 185 0
32 136 0
32 159 0
32 198 0
33 58 0
34 76 0
35 106 0
36 69 0
36 180 0
37 161 0
38 123 0
38 159 0
39 77 0
39 117 0
39 163 0
40 179 0
41 50 0
41 197 0
42 43 0
42 122 0
42 195 0
42 197 0
44 58 0
44 162 0
44 163 0
44 183 0
44 200 0
45 50 0
46 157 0
46 172 0
46 179 0
47 128 0
47 132 0
48 97 0
48 115 0
48 132 0
48 171 0
49 104 0
49 147 0
49 192 0
50 159 0
50 198 0
51 105 0
52 94 0
52 153 0
52 164 0
52 175 0
53 119 0
53 128 0
54 121 0
54 195 0
55 153 0
55 178 0
55 184 0
56 97 0
56 124 0
56 127 0
56 157 0
57 83 0
57 123 0
57 157 0
58 89 0
58 163 0
59 97 0
59 103 0
59 108 0
60 86 0
60 160 0
60 200 0
61 177 0
61 181 0
62 166 0
62 178 0
63 118 0
63 184 0
65 119 0
66 90 0
66 91 0
66 183 0
66 193 0
67 85 0
67 107 0
67 140 0
67 143 0
67 199 0
68 138 0
69 73 0
69 90 0
69 180 0
69 188 0
71 138 0
71 140 0
71 167 0
72 121 0
72 130 0
72 135 0
72 182 0
74 172 0
75 76 0
75 112 0
76 88 0
76 188 0
77 124 0
77 165 0
78 143 0
79 108 0
79 134 0
79 142 0
79 153 0
80 121 0
80 131 0
80 162 0
81 114 0
81 130 0
82 143 0
83 88 0
83 194 0
84 148 0
85 182 0
85 192 0
86 158 0
87 119 0
89 179 0
90 110 0
91 105 0
92 177 0
94 154 0
94 189 0
94 190 0
95 110 0
95 121 0
95 139 0
95 140 0
96 114 0
96 124 0
97 98 0
98 127 0
99 152 0
99 169 0
100 128 0
100 162 0
101 179 0
102 123 0
103 130 0
103 197 0
104 160 0
104 198 0
105 166 0
106 125 0
106 128 0
106 154 0
106 192 0
106 194 0
107 155 0
107 162 0
109 135 0
110 151 0
111 136 0
111 161 0
112 127 0
112 130 0
114 161 0
116 149 0
116 177 0
117 182 0
118 139 0
118 149 0
118 159 0
119 145 0
119 182 0
121 134 0
121 192 0
121 195 0
123 159 0
123 193 0
124 174 0
126 134 0
128 179 0
129 172 0
130 187 0
131 140 0
131 157 0
132 138 0
132 145 0
132 172 0
135 181 0
136 146 0
138 191 0
139 161 0
142 164 0
142 176 0
143 173 0
144 198 0
146 172 0
147 169 0
147 198 0
151 184 0
152 157 0
152 183 0
153 189 0
154 191 0
157 198 0
158 179 0
161 192 0
163 165 0
163 169 0
163 195 0
167 170 0
167 184 0
168 170 0
171 183 0
172 200 0
177 195 0
178 188 0
180 191 0
183 196 0
196 198 0
