300 326 0
1 112 0
1 152 0
1 163 0
1 294 0
2 65 0
3 86 0
4 113 0
5 292 0
6 38 0
6 40 0
6 81 0
6 120 0
6 152 0
6 155 0
6 241 0
7 128 0
8 282 0
9 249 0
10 247 0
11 17 0
12 151 0
13 162 0
14 263 0
15 23 0
16 200 0
17 68 0
17 212 0
17 270 0
18 278 0
19 89 0
19 127 0
19 160 0
19 297 0
20 263 0
21 46 0
21 121 0
21 203 0
21 216 0
21 225 0
22 78 0
23 210 0
23 217 0
23 298 0
24 190 0
25 174 0
26 292 0
27 163 0
28 110 0
29 263 0
30 94 0
31 275 0
32 51 0
33 129 0
33 254 0
33 260 0
33 277 0
34 51 0
35 76 0
35 83 0
35 170 0
35 265 0
36 184 0
36 227 0
36 231 0
36 236 0
36 269 0
37 218 0
38 66 0
39 108 0
39 275 0
41 272 0
42 183 0
43 70 0
44 59 0
45 102 0
47 59 0
48 89 0
48 131 0
48 181 0
48 285 0
48 299 0
49 142 0
50 247 0
51 118 0
51 250 0
52 252 0
53 132 0
53 225 0
53 253 0
53 293 0
54 163 0
55 58 0
55 66 0
55 168 0
55 264 0
56 130 0
57 112 0
58 90 0
58 96 0
58 193 0
59 232 0
59 284 0
60 187 0
61 294 0
62 252 0
63 219 0
64 148 0
65 133 0
65 147 0
65 296 0
67 106 0
67 218 0
69 219 0
70 208 0
70 226 0
70 244 0
71 107 0
71 276 0
72 122 0
72 237 0
73 247 0
74 278 0
75 150 0
77 89 0
77 300 0
78 83 0
78 105 0
78 240 0
79 80 0
79 150 0
80 275 0
81 110 0
81 130 0
81 254 0
82 129 0
83 91 0
83 107 0
84 103 0
84 173 0
84 252 0
84 278 0
85 277 0
86 220 0
86 234 0
86 242 0
87 173 0
88 190 0
89 151 0
89 183 0
90 236 0
90 268 0
90 281 0
91 115 0
91 134 0
91 231 0
92 260 0
93 122 0
94 139 0
94 243 0
94 290 0
95 294 0
96 100 0
96 145 0
96 175 0
96 258 0
97 294 0
98 109 0
99 112 0
99 149 0
101 134 0
101 161 0
101 220 0
101 250 0
102 185 0
102 197 0
102 278 0
102 289 0
103 114 0
103 141 0
103 225 0
104 237 0
106 110 0
107 117 0
107 251 0
108 169 0
109 160 0
109 166 0
109 194 0
110 256 0
111 162 0
112 120 0
113 115 0
113 156 0
113 172 0
114 127 0
114 152 0
114 254 0
115 190 0
115 255 0
116 237 0
117 209 0
118 206 0
119 249 0
122 179 0
122 231 0
123 262 0
124 237 0
125 252 0
126 138 0
126 141 0
126 196 0
126 229 0
127 134 0
128 198 0
128 238 0
128 296 0
129 171 0
129 248 0
130 144 0
130 199 0
132 157 0
134 193 0
135 142 0
136 273 0
137 278 0
140 187 0
141 162 0
141 187 0
142 161 0
142 202 0
143 260 0
146 182 0
148 191 0
148 271 0
148 297 0
149 249 0
150 161 0
150 287 0
151 216 0
151 259 0
151 261 0
152 212 0
152 232 0
153 182 0
154 190 0
157 183 0
158 169 0
159 178 0
160 263 0
160 300 0
161 174 0
162 261 0
162 295 0
163 280 0
164 211 0
165 178 0
165 209 0
167 188 0
167 233 0
167 250 0
167 279 0
169 192 0
169 232 0
173 216 0
173 286 0
174 206 0
174 274 0
175 277 0
176 200 0
177 257 0
178 212 0
178 228 0
180 205 0
180 235 0
180 241 0
180 250 0
182 197 0
182 288 0
183 214 0
186 255 0
187 291 0
189 272 0
193 243 0
193 296 0
195 262 0
197 230 0
197 254 0
197 282 0
200 298 0
201 282 0
202 224 0
204 272 0
207 255 0
208 211 0
208 249 0
208 297 0
209 300 0
211 223 0
211 246 0
212 247 0
213 273 0
215 260 0
218 239 0
218 243 0
219 221 0
219 243 0
220 272 0
220 275 0
222 262 0
224 257 0
225 273 0
226 260 0
228 285 0
230 292 0
231 257 0
232 279 0
232 292 0
237 296 0
245 282 0
255 267 0
257 276 0
262 298 0
266 273 0
277 283 0
285 300 0
297 298 0
