160 179 0
1 40 0
2 8 0
3 12 0
3 42 0
4 123 0
5 114 0
5 159 0
6 29 0
6 59 0
6 93 0
6 115 0
7 111 0
8 13 0
8 64 0
8 120 0
9 38 0
10 36 0
10 126 0
11 74 0
12 77 0
12 110 0
12 151 0
14 24 0
15 30 0
16 18 0
16 22 0
16 36 0
16 75 0
16 98 0
17 55 0
18 114 0
18 125 0
18 149 0
19 21 0
19 56 0
19 111 0
20 83 0
21 53 0
22 49 0
22 120 0
22 156 0
23 26 0
23 111 0
23 126 0
23 152 0
24 36 0
24 120 0
24 157 0
25 149 0
26 45 0
26 106 0
26 127 0
27 154 0
28 46 0
28 59 0
30 108 0
30 156 0
30 158 0
31 41 0
32 114 0
33 125 0
34 48 0
34 132 0
35 75 0
35 76 0
35 99 0
35 143 0
37 113 0
38 70 0
38 151 0
38 153 0
39 41 0
40 47 0
40 93 0
40 96 0
41 47 0
41 58 0
41 98 0
42 94 0
42 123 0
43 53 0
44 52 0
46 69 0
46 121 0
46 139 0
48 75 0
48 118 0
48 128 0
49 140 0
49 152 0
50 95 0
50 153 0
51 65 0
51 85 0
51 91 0
51 147 0
51 150 0
52 90 0
52 91 0
52 101 0
53 78 0
53 80 0
54 111 0
55 63 0
55 151 0
55 155 0
56 95 0
56 145 0
57 105 0
57 113 0
60 150 0
61 95 0
62 119 0
65 156 0
66 109 0
67 123 0
68 74 0
70 145 0
71 119 0
72 150 0
73 78 0
73 103 0
73 133 0
73 159 0
74 88 0
74 112 0
75 123 0
78 102 0
78 119 0
78 152 0
79 82 0
79 124 0
81 114 0
82 89 0
82 120 0
82 160 0
83 93 0
83 122 0
83 135 0
84 130 0
86 109 0
87 92 0
87 98 0
87 102 0
87 142 0
88 95 0
88 107 0
88 140 0
91 154 0
91 156 0
93 140 0
94 150 0
97 107 0
97 143 0
98 113 0
100 130 0
104 126 0
105 109 0
107 129 0
107 144 0
109 124 0
113 132 0
116 124 0
117 126 0
119 131 0
124 137 0
124 156 0
125 145 0
125 146 0
129 159 0
130 139 0
130 141 0
134 149 0
136 149 0
138 154 0
139 150 0
139 152 0
140 151 0
148 154 0
