350 435 0
1 228 0
1 280 0
1 297 0
1 309 0
2 41 0
2 185 0
3 90 0
4 276 0
5 180 0
5 315 0
6 59 0
6 67 0
6 141 0
6 228 0
7 30 0
7 76 0
7 191 0
7 216 0
8 16 0
8 96 0
8 104 0
8 276 0
8 320 0
9 138 0
9 331 0
10 21 0
10 32 0
10 256 0
10 285 0
10 324 0
11 74 0
11 190 0
11 245 0
11 275 0
11 279 0
12 108 0
12 123 0
12 248 0
12 344 0
13 23 0
13 312 0
14 133 0
15 210 0
15 213 0
15 243 0
15 301 0
16 102 0
16 127 0
16 129 0
17 225 0
18 22 0
19 52 0
19 128 0
19 215 0
19 269 0
20 269 0
22 165 0
22 272 0
22 280 0
23 133 0
23 186 0
23 221 0
24 27 0
24 41 0
24 125 0
24 150 0
24 183 0
24 217 0
24 261 0
25 153 0
26 161 0
26 173 0
26 277 0
26 346 0
27 245 0
27 251 0
27 341 0
28 341 0
29 55 0
29 75 0
31 185 0
33 60 0
33 111 0
33 126 0
33 243 0
33 266 0
33 295 0
34 150 0
34 155 0
34 187 0
34 286 0
34 289 0
35 55 0
35 129 0
35 189 0
35 193 0
35 314 0
36 225 0
37 152 0
37 290 0
38 325 0
39 77 0
39 149 0
39 287 0
40 50 0
40 109 0
40 144 0
40 148 0
41 111 0
41 172 0
41 195 0
41 201 0
42 57 0
42 93 0
42 171 0
42 263 0
42 285 0
43 47 0
43 84 0
43 99 0
43 155 0
43 243 0
44 144 0
45 164 0
46 236 0
48 51 0
48 100 0
48 224 0
48 280 0
49 291 0
50 275 0
50 288 0
50 307 0
52 168 0
52 231 0
52 343 0
53 85 0
54 178 0
54 274 0
56 112 0
57 149 0
57 320 0
57 325 0
57 335 0
58 222 0
61 161 0
61 227 0
61 241 0
61 248 0
61 335 0
62 63 0
62 89 0
63 143 0
63 191 0
63 336 0
64 178 0
65 284 0
66 84 0
66 125 0
67 272 0
68 290 0
68 305 0
69 178 0
70 348 0
71 247 0
72 153 0
72 219 0
72 267 0
73 85 0
73 148 0
73 179 0
73 223 0
73 332 0
74 208 0
74 212 0
74 320 0
75 246 0
75 259 0
75 287 0
77 85 0
77 143 0
77 257 0
78 91 0
78 240 0
79 182 0
79 343 0
80 153 0
80 173 0
80 195 0
81 84 0
82 131 0
82 245 0
82 269 0
83 92 0
83 151 0
83 169 0
83 264 0
83 299 0
84 96 0
84 116 0
84 300 0
85 140 0
86 284 0
87 167 0
87 207 0
87 256 0
87 342 0
88 348 0
89 285 0
90 110 0
90 196 0
90 271 0
90 321 0
91 122 0
91 259 0
91 302 0
94 212 0
95 103 0
95 120 0
96 106 0
96 115 0
96 170 0
97 106 0
97 276 0
98 112 0
100 319 0
101 182 0
102 153 0
103 113 0
103 133 0
103 134 0
103 280 0
104 198 0
104 249 0
104 294 0
105 151 0
106 160 0
106 205 0
106 243 0
107 218 0
109 213 0
109 234 0
109 254 0
109 270 0
110 247 0
111 202 0
111 238 0
111 300 0
112 117 0
112 262 0
113 147 0
114 152 0
114 255 0
115 147 0
115 244 0
115 339 0
117 171 0
118 179 0
119 295 0
120 333 0
121 212 0
121 223 0
124 247 0
126 310 0
128 186 0
128 262 0
128 297 0
128 330 0
129 141 0
130 184 0
131 180 0
132 295 0
133 344 0
135 170 0
136 170 0
136 285 0
137 179 0
138 239 0
138 298 0
138 309 0
139 222 0
142 333 0
144 206 0
144 235 0
144 341 0
145 212 0
146 338 0
147 285 0
148 160 0
148 161 0
149 197 0
149 209 0
150 278 0
150 318 0
151 205 0
151 240 0
151 331 0
152 157 0
152 265 0
153 177 0
153 303 0
153 330 0
154 225 0
155 219 0
156 184 0
158 349 0
159 160 0
159 194 0
159 266 0
159 297 0
160 193 0
160 320 0
161 218 0
162 269 0
163 295 0
164 174 0
164 253 0
164 304 0
166 305 0
168 239 0
170 175 0
170 252 0
174 182 0
174 260 0
174 323 0
176 215 0
177 276 0
178 205 0
179 319 0
180 243 0
180 273 0
181 278 0
182 211 0
184 265 0
184 290 0
185 280 0
185 337 0
186 285 0
187 345 0
188 278 0
191 260 0
191 285 0
192 223 0
193 300 0
193 305 0
193 332 0
194 260 0
194 318 0
194 344 0
197 326 0
199 278 0
200 208 0
202 267 0
203 212 0
204 264 0
204 341 0
205 236 0
205 301 0
208 258 0
208 347 0
213 229 0
214 332 0
215 315 0
215 329 0
218 237 0
218 253 0
218 311 0
219 312 0
220 332 0
222 271 0
222 313 0
223 274 0
223 277 0
225 228 0
226 283 0
226 293 0
226 309 0
226 328 0
228 284 0
229 267 0
230 291 0
231 303 0
232 251 0
232 257 0
232 271 0
232 296 0
233 323 0
236 281 0
236 287 0
236 308 0
238 242 0
238 316 0
238 317 0
244 256 0
247 259 0
250 325 0
251 336 0
255 305 0
256 333 0
256 344 0
257 341 0
259 318 0
260 299 0
261 333 0
262 341 0
262 349 0
265 318 0
265 348 0
267 283 0
267 330 0
268 325 0
270 326 0
271 300 0
280 334 0
280 340 0
282 323 0
284 322 0
286 335 0
291 310 0
291 330 0
292 349 0
295 299 0
297 300 0
299 338 0
302 336 0
303 310 0
306 338 0
309 312 0
312 350 0
323 327 0
326 348 0
332 334 0
338 340 0
342 347 0
345 349 0
