700 861 0
1 112 0
1 360 0
1 612 0
2 142 0
2 144 0
2 374 0
2 436 0
3 415 0
4 275 0
4 390 0
4 459 0
4 595 0
5 279 0
6 268 0
7 375 0
7 411 0
7 417 0
7 575 0
8 654 0
9 550 0
10 135 0
11 213 0
12 20 0
12 195 0
12 482 0
12 503 0
13 289 0
13 422 0
13 460 0
14 325 0
15 414 0
16 475 0
17 299 0
18 49 0
19 418 0
21 231 0
22 292 0
23 194 0
23 203 0
23 211 0
23 296 0
23 481 0
23 537 0
24 55 0
24 280 0
24 442 0
24 518 0
25 284 0
25 407 0
25 573 0
25 684 0
26 228 0
27 507 0
28 598 0
29 544 0
30 172 0
30 235 0
30 266 0
30 486 0
31 93 0
31 240 0
31 448 0
32 132 0
33 548 0
34 365 0
35 48 0
36 124 0
36 148 0
36 221 0
36 247 0
37 55 0
37 157 0
37 187 0
37 460 0
38 577 0
39 543 0
40 88 0
40 195 0
40 240 0
40 563 0
40 590 0
41 164 0
41 302 0
41 574 0
41 671 0
42 636 0
43 75 0
44 107 0
45 678 0
46 249 0
47 69 0
47 154 0
47 431 0
47 630 0
48 54 0
48 192 0
48 260 0
48 309 0
48 354 0
48 369 0
49 215 0
49 248 0
49 489 0
50 494 0
50 585 0
50 647 0
50 672 0
51 272 0
51 307 0
51 361 0
51 486 0
52 219 0
53 231 0
54 126 0
54 509 0
55 153 0
55 303 0
55 670 0
56 74 0
57 119 0
57 359 0
57 404 0
57 485 0
58 112 0
58 135 0
58 224 0
59 283 0
60 642 0
61 485 0
62 237 0
63 190 0
63 191 0
63 478 0
64 491 0
65 178 0
65 225 0
65 639 0
65 648 0
66 273 0
67 650 0
68 418 0
70 124 0
70 180 0
70 425 0
70 618 0
71 112 0
71 262 0
71 472 0
71 516 0
71 528 0
72 239 0
73 560 0
74 234 0
74 300 0
74 669 0
75 258 0
75 463 0
75 590 0
76 389 0
77 155 0
78 168 0
78 189 0
78 410 0
78 461 0
79 449 0
79 453 0
79 589 0
79 672 0
80 262 0
80 319 0
80 336 0
80 525 0
81 208 0
82 101 0
82 142 0
82 215 0
82 524 0
82 556 0
83 97 0
83 354 0
83 634 0
84 323 0
85 421 0
86 437 0
87 693 0
88 202 0
88 223 0
88 249 0
88 560 0
89 267 0
89 460 0
89 527 0
89 669 0
90 548 0
91 144 0
91 612 0
91 676 0
92 516 0
93 140 0
93 198 0
93 251 0
94 246 0
95 598 0
96 628 0
97 216 0
97 222 0
97 413 0
97 557 0
98 282 0
99 683 0
100 138 0
100 166 0
100 191 0
100 435 0
100 624 0
102 145 0
102 197 0
102 601 0
102 663 0
102 672 0
103 195 0
103 214 0
103 236 0
103 479 0
104 608 0
105 187 0
105 633 0
105 693 0
106 436 0
106 664 0
106 700 0
107 233 0
107 486 0
107 536 0
108 440 0
109 372 0
110 158 0
110 212 0
110 596 0
110 700 0
111 121 0
111 149 0
111 179 0
111 534 0
111 606 0
112 205 0
112 334 0
113 132 0
114 654 0
115 392 0
116 653 0
117 247 0
117 433 0
117 490 0
117 553 0
117 604 0
118 594 0
119 242 0
119 395 0
119 428 0
120 312 0
121 504 0
121 640 0
122 323 0
123 360 0
124 206 0
124 223 0
124 379 0
124 583 0
125 414 0
126 143 0
126 478 0
126 625 0
126 633 0
127 437 0
128 304 0
128 526 0
128 527 0
129 475 0
130 438 0
131 283 0
131 436 0
131 548 0
132 295 0
132 443 0
132 509 0
133 656 0
134 485 0
135 189 0
135 388 0
135 662 0
136 406 0
136 532 0
136 640 0
137 213 0
137 297 0
137 531 0
137 615 0
138 551 0
138 640 0
139 678 0
140 164 0
140 476 0
140 700 0
141 373 0
142 409 0
143 325 0
143 448 0
143 678 0
144 238 0
144 327 0
144 572 0
144 669 0
145 249 0
145 360 0
146 507 0
147 615 0
150 636 0
151 507 0
152 193 0
152 286 0
152 522 0
152 621 0
152 698 0
153 312 0
153 408 0
155 176 0
155 264 0
155 277 0
155 351 0
155 666 0
156 421 0
157 281 0
157 415 0
157 612 0
159 682 0
160 592 0
161 372 0
162 570 0
163 348 0
163 454 0
163 458 0
163 537 0
164 228 0
164 693 0
165 274 0
167 594 0
169 319 0
169 580 0
169 583 0
169 679 0
170 181 0
170 308 0
170 444 0
170 471 0
170 563 0
171 406 0
173 187 0
173 438 0
173 676 0
173 694 0
174 656 0
175 681 0
176 258 0
176 292 0
176 309 0
176 440 0
176 465 0
177 582 0
181 379 0
181 448 0
181 531 0
182 577 0
183 560 0
184 415 0
184 438 0
184 598 0
185 373 0
186 409 0
187 347 0
187 453 0
187 458 0
187 493 0
187 594 0
188 246 0
189 251 0
189 676 0
190 365 0
190 421 0
190 650 0
191 198 0
191 256 0
191 323 0
192 324 0
192 325 0
193 551 0
193 598 0
193 656 0
195 532 0
196 335 0
196 399 0
196 402 0
196 431 0
198 553 0
198 611 0
199 438 0
200 493 0
201 312 0
202 502 0
202 629 0
202 685 0
203 465 0
203 469 0
203 681 0
204 420 0
204 421 0
204 531 0
206 232 0
206 293 0
206 591 0
207 570 0
208 259 0
208 276 0
208 476 0
208 506 0
209 370 0
210 519 0
213 387 0
213 609 0
215 241 0
215 370 0
215 427 0
215 531 0
217 268 0
218 292 0
219 308 0
219 488 0
219 566 0
219 686 0
220 615 0
222 323 0
222 325 0
223 560 0
224 393 0
224 535 0
224 602 0
224 667 0
226 582 0
227 613 0
228 496 0
228 555 0
229 355 0
229 444 0
229 469 0
229 694 0
230 642 0
231 416 0
231 545 0
233 251 0
233 535 0
233 665 0
237 243 0
237 462 0
237 559 0
239 310 0
239 326 0
239 408 0
239 471 0
239 688 0
240 460 0
240 513 0
241 292 0
241 694 0
243 282 0
243 372 0
243 528 0
243 625 0
244 633 0
245 676 0
246 393 0
246 618 0
246 691 0
247 311 0
249 354 0
249 567 0
249 584 0
249 690 0
250 552 0
251 284 0
251 353 0
251 537 0
252 422 0
253 256 0
254 517 0
255 409 0
256 412 0
256 571 0
257 562 0
258 678 0
261 628 0
262 444 0
263 607 0
265 301 0
267 437 0
267 613 0
267 628 0
268 328 0
268 385 0
269 404 0
270 628 0
271 638 0
273 434 0
273 471 0
273 487 0
274 364 0
274 606 0
274 641 0
274 661 0
276 350 0
276 472 0
277 493 0
277 636 0
278 389 0
279 353 0
279 578 0
279 634 0
279 652 0
281 620 0
281 644 0
281 673 0
282 384 0
282 576 0
282 665 0
283 341 0
283 588 0
284 312 0
285 350 0
287 403 0
288 653 0
289 353 0
289 467 0
289 579 0
290 538 0
291 440 0
294 594 0
296 406 0
296 682 0
297 298 0
297 424 0
297 523 0
297 599 0
299 455 0
299 508 0
299 643 0
301 504 0
301 514 0
301 697 0
302 339 0
302 448 0
303 333 0
303 344 0
303 675 0
304 318 0
304 539 0
304 635 0
305 552 0
306 378 0
308 443 0
308 526 0
308 654 0
309 440 0
311 377 0
311 515 0
311 526 0
312 545 0
313 561 0
314 544 0
315 519 0
316 420 0
317 544 0
319 465 0
319 657 0
320 550 0
321 404 0
322 352 0
323 666 0
324 426 0
324 527 0
324 699 0
325 339 0
328 475 0
328 551 0
329 366 0
330 552 0
330 588 0
330 592 0
331 400 0
332 472 0
337 382 0
337 501 0
337 510 0
337 575 0
338 577 0
339 513 0
339 571 0
339 608 0
339 638 0
340 378 0
342 404 0
343 682 0
345 415 0
346 638 0
347 362 0
347 467 0
347 603 0
347 632 0
349 657 0
350 467 0
350 511 0
350 606 0
352 476 0
352 522 0
352 542 0
352 688 0
353 420 0
354 693 0
356 533 0
357 360 0
357 517 0
357 688 0
358 403 0
359 574 0
359 575 0
359 643 0
359 664 0
360 377 0
360 419 0
363 406 0
363 480 0
363 491 0
364 606 0
364 683 0
365 444 0
365 446 0
365 565 0
366 459 0
366 483 0
366 558 0
367 612 0
368 374 0
369 513 0
369 515 0
369 681 0
370 411 0
370 605 0
370 625 0
371 515 0
372 587 0
373 398 0
373 459 0
374 471 0
374 495 0
376 642 0
377 507 0
377 541 0
377 592 0
378 397 0
378 522 0
379 569 0
379 639 0
380 400 0
381 607 0
383 491 0
385 438 0
385 478 0
385 565 0
385 590 0
386 436 0
387 414 0
387 672 0
389 535 0
389 643 0
389 655 0
391 636 0
392 527 0
392 645 0
392 668 0
393 450 0
393 531 0
394 448 0
394 480 0
394 551 0
394 593 0
396 680 0
397 418 0
397 422 0
397 551 0
400 611 0
400 627 0
401 403 0
403 639 0
405 414 0
406 427 0
406 557 0
406 637 0
408 613 0
408 681 0
409 457 0
409 700 0
411 424 0
411 562 0
414 588 0
415 586 0
418 600 0
420 429 0
421 441 0
421 494 0
421 588 0
422 445 0
422 477 0
423 543 0
424 670 0
425 516 0
425 669 0
427 656 0
430 528 0
430 532 0
430 670 0
431 541 0
431 543 0
432 561 0
436 504 0
436 634 0
437 571 0
437 626 0
438 451 0
439 657 0
443 683 0
444 589 0
444 633 0
447 608 0
448 494 0
448 664 0
450 452 0
450 498 0
450 660 0
453 640 0
456 592 0
458 688 0
459 551 0
460 465 0
460 618 0
464 533 0
465 684 0
465 688 0
466 519 0
468 485 0
469 666 0
470 570 0
472 540 0
472 614 0
473 656 0
474 562 0
475 635 0
475 658 0
476 562 0
478 622 0
480 545 0
480 588 0
480 606 0
484 680 0
486 593 0
491 611 0
492 533 0
493 529 0
494 686 0
497 592 0
499 562 0
500 653 0
504 538 0
504 593 0
505 657 0
507 634 0
509 564 0
509 590 0
509 591 0
512 582 0
513 672 0
515 623 0
515 665 0
516 530 0
516 535 0
516 546 0
516 666 0
517 569 0
517 649 0
519 553 0
520 615 0
521 640 0
524 544 0
524 676 0
526 554 0
526 651 0
527 582 0
527 589 0
528 610 0
528 664 0
532 568 0
532 695 0
533 610 0
533 621 0
537 680 0
538 659 0
538 696 0
541 557 0
541 664 0
543 677 0
544 553 0
545 636 0
547 676 0
548 684 0
548 690 0
549 633 0
550 611 0
550 687 0
552 569 0
554 625 0
554 672 0
556 610 0
556 654 0
557 561 0
561 692 0
562 565 0
563 650 0
569 607 0
570 610 0
574 664 0
575 678 0
577 700 0
581 638 0
583 684 0
591 592 0
593 635 0
594 621 0
597 693 0
598 690 0
607 631 0
608 616 0
610 653 0
613 619 0
613 646 0
617 678 0
635 683 0
636 694 0
639 642 0
640 643 0
650 684 0
669 682 0
670 674 0
680 689 0
686 693 0
