200 244 0
1 62 0
1 101 0
2 144 0
2 191 0
3 12 0
3 21 0
3 42 0
3 187 0
4 21 0
4 66 0
4 144 0
4 199 0
5 23 0
5 92 0
6 36 0
6 108 0
6 132 0
6 133 0
6 152 0
7 136 0
8 9 0
8 41 0
8 44 0
8 55 0
8 71 0
8 187 0
9 22 0
9 81 0
9 107 0
10 37 0
10 127 0
10 135 0
10 160 0
11 83 0
11 139 0
13 189 0
14 115 0
14 143 0
15 54 0
15 88 0
15 113 0
15 170 0
16 68 0
16 83 0
16 183 0
16 193 0
17 98 0
17 130 0
18 81 0
18 115 0
19 165 0
20 80 0
21 109 0
21 163 0
22 26 0
22 102 0
22 180 0
23 28 0
23 31 0
23 35 0
24 71 0
25 154 0
25 176 0
27 36 0
28 108 0
29 128 0
30 59 0
30 140 0
30 150 0
30 188 0
32 89 0
32 147 0
33 108 0
34 52 0
34 175 0
35 106 0
35 131 0
35 132 0
35 162 0
36 45 0
36 166 0
37 52 0
37 82 0
37 132 0
38 117 0
39 80 0
40 89 0
43 108 0
46 65 0
46 100 0
46 124 0
46 149 0
47 75 0
47 82 0
48 128 0
49 118 0
49 169 0
50 101 0
51 68 0
51 114 0
51 134 0
51 155 0
52 69 0
52 87 0
52 137 0
53 99 0
54 63 0
54 153 0
54 185 0
54 192 0
55 63 0
56 81 0
57 95 0
58 79 0
60 182 0
61 117 0
61 183 0
62 82 0
64 164 0
65 78 0
67 170 0
68 95 0
68 130 0
68 191 0
69 106 0
70 79 0
71 110 0
71 141 0
71 193 0
72 170 0
73 105 0
73 116 0
74 79 0
74 107 0
74 176 0
74 189 0
75 80 0
75 105 0
75 109 0
75 117 0
75 126 0
76 161 0
77 118 0
78 109 0
78 113 0
78 183 0
79 119 0
79 195 0
80 197 0
81 178 0
82 90 0
82 154 0
83 128 0
83 182 0
84 152 0
85 106 0
86 156 0
87 138 0
88 120 0
88 172 0
88 184 0
89 98 0
89 181 0
91 191 0
92 99 0
92 113 0
92 118 0
92 161 0
93 106 0
93 122 0
94 152 0
95 174 0
95 196 0
96 164 0
97 189 0
99 126 0
99 200 0
100 172 0
100 195 0
101 140 0
101 147 0
103 122 0
104 130 0
104 197 0
104 200 0
105 151 0
105 158 0
107 140 0
107 183 0
108 133 0
109 181 0
111 122 0
112 156 0
113 124 0
115 189 0
116 156 0
117 121 0
118 175 0
119 156 0
119 182 0
122 124 0
122 169 0
123 130 0
124 143 0
125 170 0
128 167 0
129 152 0
131 161 0
132 181 0
132 183 0
135 164 0
136 145 0
136 148 0
136 193 0
138 164 0
140 165 0
142 165 0
143 157 0
143 190 0
144 191 0
146 191 0
152 185 0
153 163 0
154 162 0
154 163 0
156 193 0
159 160 0
159 176 0
161 198 0
162 171 0
162 179 0
162 186 0
162 189 0
163 173 0
163 198 0
164 181 0
165 194 0
168 182 0
176 177 0
180 188 0
181 191 0
184 189 0
186 195 0
191 199 0
