1000 1143 0
1 118 0
1 314 0
1 483 0
1 818 0
1 931 0
2 694 0
2 736 0
2 906 0
2 941 0
3 371 0
4 682 0
5 16 0
6 942 0
7 437 0
8 193 0
9 932 0
10 58 0
10 128 0
10 217 0
10 509 0
10 753 0
11 263 0
12 155 0
12 727 0
12 810 0
12 917 0
13 79 0
13 144 0
13 407 0
13 468 0
14 672 0
15 537 0
16 51 0
16 266 0
16 579 0
17 939 0
18 392 0
19 289 0
20 725 0
21 224 0
22 112 0
23 619 0
24 47 0
24 520 0
24 895 0
24 990 0
25 197 0
25 300 0
25 387 0
25 463 0
26 153 0
27 230 0
27 264 0
27 318 0
27 321 0
27 588 0
27 968 0
28 155 0
28 333 0
28 535 0
28 878 0
29 204 0
29 217 0
29 383 0
29 808 0
30 597 0
31 436 0
32 388 0
33 763 0
34 421 0
35 46 0
36 216 0
36 351 0
36 390 0
36 490 0
36 799 0
37 121 0
37 238 0
37 566 0
37 812 0
37 988 0
38 984 0
39 143 0
39 504 0
39 709 0
39 764 0
40 766 0
41 395 0
42 666 0
43 152 0
44 748 0
45 60 0
46 541 0
46 560 0
46 852 0
47 115 0
47 564 0
48 314 0
48 406 0
48 571 0
49 939 0
50 653 0
52 459 0
53 408 0
53 605 0
53 612 0
53 672 0
53 946 0
54 108 0
54 262 0
54 270 0
54 406 0
55 65 0
55 130 0
55 173 0
55 676 0
56 880 0
57 583 0
58 633 0
58 830 0
59 114 0
59 243 0
59 349 0
59 666 0
60 192 0
60 452 0
60 541 0
61 93 0
61 443 0
61 636 0
61 985 0
62 96 0
62 531 0
62 772 0
62 995 0
63 343 0
64 937 0
66 499 0
67 218 0
67 304 0
67 416 0
67 879 0
68 725 0
69 149 0
69 436 0
69 515 0
70 630 0
71 682 0
72 546 0
73 489 0
74 708 0
75 385 0
76 175 0
77 270 0
77 388 0
77 801 0
77 884 0
78 282 0
78 596 0
78 742 0
78 995 0
79 187 0
79 579 0
80 851 0
81 865 0
82 704 0
83 859 0
84 666 0
85 101 0
86 233 0
87 293 0
88 695 0
89 191 0
89 245 0
89 364 0
89 668 0
90 392 0
91 830 0
92 328 0
92 411 0
92 428 0
92 531 0
94 478 0
95 646 0
96 395 0
96 690 0
96 915 0
97 385 0
98 250 0
98 515 0
98 575 0
98 977 0
99 330 0
99 563 0
99 668 0
99 882 0
99 887 0
100 133 0
101 591 0
101 715 0
101 992 0
102 426 0
103 198 0
104 690 0
105 268 0
106 296 0
106 818 0
106 896 0
107 189 0
107 554 0
107 586 0
107 806 0
107 920 0
108 197 0
108 564 0
108 579 0
108 651 0
109 933 0
110 346 0
110 554 0
110 603 0
110 617 0
110 626 0
110 633 0
111 117 0
111 123 0
111 553 0
111 928 0
112 445 0
112 487 0
112 787 0
113 583 0
114 447 0
114 524 0
114 723 0
115 222 0
115 483 0
115 499 0
116 421 0
117 344 0
117 426 0
117 751 0
118 227 0
118 599 0
118 716 0
119 529 0
120 152 0
122 686 0
124 160 0
124 379 0
124 571 0
124 868 0
125 978 0
126 932 0
127 462 0
129 154 0
130 322 0
130 366 0
131 316 0
131 352 0
131 425 0
131 492 0
131 979 0
132 244 0
132 282 0
132 418 0
132 429 0
132 823 0
132 870 0
133 235 0
133 618 0
133 826 0
134 341 0
134 349 0
134 406 0
134 677 0
135 162 0
136 791 0
137 913 0
138 180 0
138 248 0
138 272 0
138 888 0
139 790 0
140 149 0
140 221 0
140 441 0
140 657 0
141 401 0
142 517 0
142 596 0
142 700 0
142 773 0
142 810 0
144 441 0
144 648 0
144 725 0
144 867 0
145 361 0
145 392 0
145 686 0
145 921 0
146 646 0
146 752 0
146 847 0
147 154 0
148 318 0
149 161 0
149 223 0
149 803 0
150 198 0
150 494 0
150 652 0
150 677 0
151 860 0
152 173 0
152 958 0
152 987 0
153 588 0
153 808 0
153 813 0
153 964 0
154 273 0
154 742 0
155 731 0
155 910 0
156 227 0
157 367 0
158 344 0
159 257 0
160 498 0
160 636 0
160 637 0
160 826 0
162 242 0
162 627 0
162 673 0
163 312 0
164 766 0
165 842 0
166 672 0
167 494 0
168 584 0
168 772 0
168 777 0
168 905 0
169 198 0
169 593 0
169 851 0
170 559 0
171 400 0
171 412 0
171 536 0
171 848 0
172 844 0
173 623 0
173 890 0
174 824 0
175 241 0
175 425 0
175 887 0
175 998 0
176 200 0
176 378 0
176 545 0
176 607 0
177 844 0
178 767 0
178 822 0
178 901 0
178 902 0
179 401 0
180 270 0
180 356 0
180 525 0
180 552 0
180 845 0
181 788 0
182 225 0
182 314 0
182 357 0
182 605 0
182 848 0
182 910 0
182 968 0
183 446 0
184 869 0
185 925 0
186 681 0
187 423 0
187 527 0
187 692 0
187 754 0
188 750 0
189 209 0
189 667 0
190 289 0
193 288 0
193 772 0
193 849 0
194 963 0
195 842 0
196 436 0
197 263 0
197 750 0
198 335 0
198 845 0
199 392 0
201 318 0
202 299 0
203 345 0
203 477 0
203 514 0
203 894 0
204 277 0
204 748 0
204 975 0
205 908 0
206 832 0
207 681 0
207 836 0
207 940 0
208 429 0
208 540 0
208 703 0
208 724 0
208 903 0
209 260 0
209 319 0
209 579 0
209 858 0
210 859 0
211 299 0
212 233 0
213 264 0
214 395 0
215 599 0
217 275 0
217 593 0
217 984 0
219 890 0
220 356 0
221 283 0
221 739 0
221 948 0
221 1000 0
222 311 0
222 323 0
222 338 0
222 893 0
224 601 0
224 729 0
224 847 0
225 392 0
225 940 0
226 277 0
226 366 0
226 456 0
227 313 0
227 689 0
228 496 0
229 264 0
230 307 0
230 737 0
230 874 0
231 247 0
232 281 0
232 515 0
232 659 0
232 923 0
233 521 0
233 582 0
234 973 0
236 441 0
236 583 0
236 667 0
236 849 0
236 929 0
237 450 0
238 275 0
238 341 0
238 766 0
238 978 0
239 523 0
240 262 0
240 268 0
240 422 0
240 865 0
242 450 0
242 646 0
242 996 0
243 365 0
243 688 0
243 969 0
246 628 0
246 663 0
246 691 0
246 759 0
246 817 0
247 352 0
247 649 0
247 735 0
249 788 0
251 401 0
252 896 0
253 352 0
253 511 0
253 774 0
253 828 0
254 353 0
254 539 0
254 908 0
254 921 0
255 275 0
255 344 0
255 933 0
256 796 0
257 558 0
257 759 0
257 760 0
257 814 0
258 704 0
259 284 0
259 337 0
259 368 0
259 521 0
261 263 0
262 412 0
262 990 0
263 479 0
264 914 0
265 911 0
267 301 0
267 595 0
267 624 0
267 633 0
268 317 0
268 789 0
269 836 0
270 555 0
270 787 0
271 571 0
271 881 0
271 939 0
274 489 0
275 599 0
276 997 0
277 491 0
277 551 0
277 638 0
277 760 0
278 955 0
279 851 0
280 993 0
282 720 0
282 824 0
283 505 0
283 882 0
285 842 0
286 619 0
287 378 0
287 526 0
287 800 0
287 804 0
287 841 0
289 893 0
289 986 0
290 690 0
291 297 0
292 681 0
293 393 0
293 481 0
293 776 0
293 841 0
294 880 0
295 433 0
296 339 0
296 826 0
296 991 0
297 685 0
297 797 0
297 803 0
297 994 0
298 521 0
298 527 0
298 959 0
298 995 0
299 516 0
299 600 0
302 436 0
303 306 0
305 612 0
306 327 0
306 621 0
306 967 0
308 747 0
309 318 0
310 508 0
310 765 0
310 855 0
310 976 0
312 572 0
312 808 0
312 953 0
314 383 0
315 974 0
320 630 0
321 499 0
321 731 0
322 418 0
322 533 0
322 595 0
322 655 0
324 929 0
325 790 0
326 347 0
326 357 0
326 386 0
329 612 0
330 376 0
330 571 0
330 921 0
331 731 0
332 372 0
332 565 0
332 781 0
332 822 0
334 336 0
334 668 0
334 833 0
334 912 0
340 421 0
341 764 0
341 994 0
342 669 0
342 745 0
342 805 0
342 887 0
343 822 0
343 831 0
343 841 0
344 561 0
344 848 0
344 862 0
347 433 0
347 619 0
347 713 0
347 751 0
348 927 0
349 477 0
349 765 0
350 706 0
352 803 0
352 910 0
353 552 0
353 580 0
353 883 0
354 631 0
354 637 0
354 651 0
354 899 0
354 957 0
355 695 0
356 486 0
356 794 0
357 630 0
357 996 0
358 955 0
359 783 0
360 646 0
361 409 0
361 756 0
361 761 0
362 458 0
363 426 0
363 830 0
363 865 0
366 549 0
366 614 0
366 956 0
367 588 0
367 820 0
367 856 0
367 970 0
369 525 0
370 713 0
371 495 0
371 717 0
371 746 0
371 987 0
373 750 0
374 960 0
375 925 0
376 574 0
376 614 0
376 694 0
377 439 0
378 869 0
378 921 0
379 621 0
379 663 0
379 776 0
380 667 0
381 559 0
381 695 0
381 731 0
382 840 0
383 623 0
383 649 0
383 751 0
384 801 0
385 495 0
385 807 0
386 466 0
386 703 0
386 897 0
388 473 0
388 626 0
388 949 0
389 666 0
390 682 0
390 751 0
390 828 0
390 896 0
391 437 0
394 456 0
395 813 0
395 980 0
396 477 0
396 488 0
396 779 0
396 853 0
397 682 0
398 720 0
399 652 0
401 621 0
402 462 0
402 931 0
402 939 0
403 459 0
404 942 0
405 716 0
406 684 0
408 484 0
408 644 0
408 687 0
410 494 0
410 571 0
410 913 0
412 437 0
412 783 0
413 498 0
413 528 0
413 626 0
413 710 0
413 808 0
414 763 0
415 450 0
416 427 0
416 459 0
416 907 0
416 968 0
417 752 0
418 931 0
419 752 0
420 866 0
421 738 0
422 660 0
422 943 0
422 999 0
424 455 0
424 574 0
424 802 0
424 954 0
425 464 0
425 993 0
426 506 0
427 439 0
427 462 0
429 458 0
430 670 0
431 896 0
432 984 0
433 518 0
433 699 0
434 706 0
435 880 0
436 764 0
437 762 0
438 478 0
439 555 0
439 602 0
439 947 0
440 884 0
441 625 0
441 684 0
441 818 0
442 499 0
444 496 0
446 563 0
446 665 0
446 837 0
448 652 0
449 984 0
450 592 0
451 639 0
453 796 0
454 701 0
456 515 0
456 590 0
456 740 0
457 827 0
458 614 0
458 625 0
459 628 0
459 651 0
460 708 0
461 960 0
462 947 0
464 686 0
464 836 0
465 801 0
467 975 0
469 478 0
470 827 0
471 925 0
472 824 0
473 844 0
473 947 0
474 832 0
475 657 0
476 974 0
477 832 0
478 703 0
480 869 0
482 639 0
483 696 0
483 844 0
483 875 0
483 913 0
485 783 0
489 564 0
489 567 0
489 867 0
493 832 0
494 952 0
495 496 0
495 643 0
496 604 0
497 918 0
498 880 0
499 564 0
500 701 0
501 929 0
502 593 0
503 747 0
505 564 0
505 778 0
505 863 0
505 864 0
505 872 0
507 913 0
510 686 0
512 955 0
513 583 0
515 799 0
515 968 0
519 701 0
521 704 0
522 639 0
523 530 0
523 789 0
523 815 0
523 959 0
525 576 0
525 707 0
527 634 0
527 758 0
527 796 0
527 942 0
529 721 0
529 792 0
529 847 0
531 706 0
531 937 0
532 748 0
534 573 0
534 846 0
534 889 0
534 931 0
537 581 0
537 694 0
537 797 0
537 849 0
538 616 0
539 819 0
539 839 0
539 934 0
541 605 0
541 925 0
542 686 0
543 554 0
543 615 0
543 924 0
543 983 0
544 720 0
546 814 0
546 882 0
546 900 0
546 966 0
547 940 0
548 875 0
550 706 0
552 827 0
554 868 0
555 797 0
556 716 0
557 851 0
559 663 0
559 930 0
562 890 0
563 653 0
563 974 0
568 859 0
569 974 0
570 884 0
571 995 0
574 616 0
574 840 0
577 937 0
578 579 0
578 670 0
578 907 0
579 940 0
585 748 0
587 881 0
589 648 0
593 758 0
593 812 0
593 989 0
594 911 0
595 630 0
595 677 0
596 830 0
596 836 0
597 776 0
597 871 0
597 898 0
598 702 0
599 705 0
600 623 0
600 670 0
600 886 0
600 943 0
605 822 0
605 904 0
606 720 0
608 636 0
608 741 0
608 760 0
608 829 0
609 896 0
610 929 0
611 860 0
612 926 0
613 801 0
614 842 0
616 733 0
616 798 0
619 744 0
620 629 0
620 680 0
620 697 0
620 738 0
621 639 0
622 713 0
623 708 0
625 848 0
628 915 0
632 915 0
633 826 0
634 843 0
634 939 0
635 939 0
636 679 0
637 681 0
637 763 0
639 658 0
640 940 0
641 652 0
642 670 0
642 845 0
642 907 0
643 684 0
643 893 0
643 992 0
645 993 0
647 927 0
648 714 0
648 951 0
649 992 0
650 747 0
653 698 0
653 965 0
654 932 0
656 788 0
657 743 0
657 769 0
658 738 0
658 827 0
661 933 0
662 725 0
663 955 0
664 763 0
666 680 0
667 885 0
668 843 0
670 757 0
670 971 0
671 783 0
672 938 0
674 881 0
675 732 0
675 742 0
675 922 0
675 961 0
677 709 0
677 814 0
678 716 0
679 728 0
679 818 0
679 919 0
680 822 0
683 997 0
684 810 0
684 996 0
690 854 0
693 708 0
694 911 0
695 771 0
695 787 0
696 791 0
696 890 0
701 959 0
702 734 0
702 799 0
702 856 0
703 868 0
704 782 0
708 845 0
709 751 0
711 713 0
712 960 0
718 836 0
719 865 0
722 860 0
726 796 0
730 776 0
730 825 0
730 891 0
730 950 0
731 946 0
738 791 0
738 996 0
739 881 0
739 978 0
742 918 0
747 765 0
749 927 0
750 864 0
751 864 0
751 943 0
752 765 0
752 793 0
755 978 0
758 975 0
759 856 0
764 963 0
766 817 0
766 838 0
768 918 0
770 913 0
772 927 0
775 790 0
780 890 0
784 869 0
785 973 0
786 875 0
787 860 0
788 990 0
789 824 0
790 994 0
791 987 0
795 840 0
797 931 0
808 828 0
809 907 0
811 865 0
812 942 0
813 843 0
814 851 0
816 843 0
817 931 0
821 962 0
824 972 0
826 881 0
827 990 0
830 873 0
834 997 0
835 975 0
840 935 0
847 939 0
847 996 0
849 946 0
850 875 0
856 910 0
856 960 0
857 908 0
859 959 0
861 963 0
866 876 0
866 882 0
866 994 0
867 884 0
868 947 0
877 962 0
880 992 0
887 973 0
892 963 0
893 993 0
904 937 0
904 943 0
908 916 0
909 973 0
911 982 0
915 945 0
915 981 0
918 936 0
931 932 0
931 962 0
933 947 0
944 962 0
992 997 0
