450 515 0
1 355 0
2 98 0
3 128 0
4 297 0
5 76 0
5 258 0
5 339 0
5 347 0
6 147 0
7 214 0
8 291 0
8 430 0
9 116 0
10 343 0
11 81 0
12 183 0
13 128 0
13 161 0
14 110 0
14 160 0
15 191 0
16 232 0
17 75 0
17 252 0
18 22 0
18 159 0
19 146 0
19 272 0
20 442 0
21 249 0
22 85 0
23 438 0
24 173 0
25 125 0
25 271 0
26 121 0
27 223 0
27 296 0
27 334 0
27 374 0
27 447 0
28 219 0
28 283 0
28 342 0
28 349 0
29 263 0
30 119 0
30 249 0
30 378 0
30 408 0
31 121 0
31 202 0
31 270 0
31 295 0
31 321 0
32 366 0
33 59 0
33 386 0
34 351 0
35 304 0
36 405 0
37 196 0
38 409 0
38 437 0
39 43 0
39 83 0
39 185 0
39 423 0
39 426 0
40 55 0
40 115 0
40 212 0
40 231 0
40 392 0
41 353 0
42 231 0
42 253 0
42 325 0
42 388 0
43 299 0
43 345 0
43 393 0
44 59 0
44 119 0
44 272 0
44 297 0
45 176 0
45 272 0
46 416 0
47 149 0
48 326 0
49 399 0
50 106 0
50 137 0
50 260 0
50 427 0
51 184 0
51 391 0
52 215 0
52 416 0
53 391 0
54 159 0
56 297 0
57 79 0
57 252 0
57 394 0
57 406 0
58 79 0
59 320 0
59 372 0
60 161 0
61 270 0
62 414 0
63 103 0
63 179 0
64 123 0
64 179 0
65 306 0
66 310 0
67 394 0
68 394 0
69 431 0
70 98 0
70 327 0
70 409 0
70 416 0
71 244 0
72 281 0
73 93 0
74 329 0
75 348 0
76 219 0
77 306 0
78 267 0
79 91 0
79 278 0
80 399 0
81 247 0
81 436 0
81 446 0
82 153 0
82 405 0
83 90 0
83 233 0
84 259 0
84 298 0
84 309 0
84 425 0
85 205 0
85 375 0
85 449 0
86 210 0
87 212 0
88 252 0
89 112 0
90 122 0
90 317 0
90 415 0
91 191 0
92 313 0
93 190 0
93 292 0
93 425 0
94 139 0
94 167 0
94 174 0
94 280 0
95 117 0
95 170 0
95 244 0
95 306 0
95 309 0
95 391 0
96 194 0
96 265 0
96 322 0
96 424 0
97 369 0
98 282 0
98 435 0
99 228 0
99 242 0
99 301 0
100 345 0
101 133 0
102 139 0
102 363 0
103 431 0
104 329 0
105 284 0
107 323 0
108 171 0
108 343 0
108 366 0
108 385 0
109 117 0
109 135 0
109 354 0
109 421 0
109 447 0
110 160 0
110 167 0
110 387 0
111 418 0
112 258 0
112 359 0
112 413 0
113 313 0
114 134 0
116 128 0
116 209 0
116 396 0
117 210 0
117 348 0
117 353 0
118 326 0
119 285 0
119 330 0
120 297 0
121 216 0
121 365 0
122 131 0
122 170 0
122 284 0
123 414 0
124 154 0
124 225 0
124 241 0
124 269 0
124 421 0
125 173 0
125 417 0
126 408 0
127 369 0
128 308 0
128 351 0
128 424 0
129 163 0
129 330 0
129 439 0
129 444 0
130 418 0
131 172 0
131 195 0
131 289 0
132 304 0
133 256 0
133 369 0
133 384 0
133 432 0
134 142 0
134 294 0
134 346 0
135 171 0
135 219 0
135 393 0
136 146 0
138 399 0
140 352 0
141 211 0
141 362 0
141 368 0
141 395 0
141 404 0
142 374 0
143 249 0
143 360 0
144 241 0
145 353 0
146 300 0
146 315 0
147 176 0
147 211 0
147 255 0
148 261 0
149 162 0
149 204 0
149 420 0
150 348 0
151 323 0
152 434 0
153 280 0
153 389 0
155 179 0
156 274 0
157 183 0
157 188 0
157 272 0
157 326 0
157 374 0
157 393 0
158 389 0
159 331 0
159 375 0
160 289 0
161 318 0
161 370 0
162 387 0
164 366 0
165 343 0
166 378 0
167 281 0
167 349 0
168 281 0
169 232 0
170 342 0
170 370 0
171 231 0
171 258 0
173 377 0
173 411 0
175 196 0
177 301 0
177 336 0
178 275 0
178 344 0
178 367 0
178 411 0
179 432 0
180 386 0
181 386 0
182 431 0
183 361 0
183 422 0
184 438 0
186 438 0
187 319 0
187 345 0
187 422 0
188 211 0
188 303 0
188 381 0
188 433 0
189 210 0
189 398 0
191 211 0
191 293 0
191 445 0
192 206 0
192 229 0
192 262 0
192 441 0
193 235 0
193 290 0
193 410 0
193 420 0
196 239 0
196 315 0
197 409 0
198 368 0
199 272 0
200 251 0
201 249 0
202 315 0
202 318 0
202 342 0
202 375 0
203 210 0
204 413 0
207 295 0
208 385 0
210 386 0
211 254 0
212 243 0
212 346 0
212 400 0
213 244 0
214 247 0
214 266 0
214 337 0
215 434 0
217 363 0
218 305 0
219 285 0
220 389 0
221 363 0
222 312 0
222 333 0
222 397 0
222 427 0
223 232 0
224 355 0
226 353 0
227 271 0
228 352 0
229 330 0
230 436 0
230 442 0
231 267 0
232 277 0
232 421 0
233 385 0
234 299 0
236 409 0
237 284 0
238 326 0
238 412 0
240 414 0
241 247 0
241 248 0
241 321 0
242 263 0
242 283 0
242 301 0
242 310 0
244 250 0
244 283 0
245 271 0
246 368 0
247 393 0
251 346 0
251 402 0
251 440 0
252 371 0
254 263 0
254 342 0
254 420 0
254 425 0
257 261 0
258 261 0
258 300 0
261 364 0
262 313 0
262 327 0
262 355 0
263 380 0
263 383 0
264 369 0
267 354 0
267 374 0
268 274 0
269 370 0
270 316 0
270 338 0
271 447 0
272 341 0
272 363 0
273 385 0
274 382 0
274 432 0
276 394 0
279 352 0
281 319 0
283 424 0
283 427 0
284 311 0
285 327 0
285 406 0
286 306 0
286 376 0
287 291 0
288 405 0
291 430 0
291 447 0
295 314 0
295 412 0
299 332 0
299 360 0
300 304 0
301 350 0
302 386 0
304 330 0
304 376 0
305 307 0
305 370 0
305 398 0
308 366 0
310 336 0
310 358 0
312 372 0
313 373 0
315 329 0
323 375 0
323 390 0
324 378 0
327 379 0
328 335 0
328 343 0
329 429 0
330 369 0
335 355 0
340 348 0
344 368 0
345 428 0
346 349 0
347 421 0
349 432 0
350 412 0
351 401 0
352 370 0
356 434 0
357 408 0
361 384 0
363 427 0
368 419 0
368 443 0
378 403 0
379 389 0
379 418 0
379 431 0
383 418 0
386 420 0
391 407 0
399 443 0
405 424 0
406 411 0
406 443 0
408 437 0
411 434 0
414 425 0
416 450 0
417 442 0
418 448 0
421 438 0
442 443 0
