180 221 0
1 125 0
2 160 0
3 74 0
3 146 0
4 170 0
5 15 0
5 24 0
5 54 0
5 159 0
6 48 0
7 171 0
8 26 0
8 56 0
8 67 0
8 76 0
9 93 0
10 110 0
10 117 0
11 92 0
11 134 0
12 144 0
13 102 0
14 51 0
14 57 0
14 92 0
14 129 0
14 132 0
15 89 0
15 128 0
15 153 0
15 170 0
16 49 0
17 73 0
18 77 0
19 77 0
19 116 0
19 167 0
20 25 0
20 42 0
20 65 0
20 111 0
20 117 0
21 178 0
22 93 0
23 171 0
24 65 0
25 98 0
25 112 0
27 89 0
27 149 0
28 115 0
29 146 0
30 34 0
31 146 0
32 52 0
33 106 0
33 108 0
34 41 0
34 51 0
34 92 0
34 164 0
35 62 0
35 141 0
36 52 0
37 38 0
37 78 0
37 134 0
38 103 0
39 45 0
39 48 0
40 113 0
40 146 0
40 147 0
40 171 0
40 173 0
40 178 0
41 81 0
43 106 0
44 67 0
44 91 0
44 125 0
44 130 0
44 144 0
45 102 0
45 126 0
46 117 0
47 149 0
48 53 0
48 78 0
49 66 0
49 107 0
49 139 0
50 100 0
51 104 0
52 90 0
52 153 0
55 171 0
57 122 0
58 152 0
59 60 0
59 82 0
59 109 0
59 123 0
59 157 0
59 160 0
61 141 0
61 162 0
62 145 0
62 148 0
62 156 0
62 168 0
63 86 0
63 128 0
63 147 0
64 106 0
66 79 0
66 86 0
66 167 0
68 156 0
69 105 0
70 73 0
71 127 0
72 167 0
73 76 0
73 89 0
73 108 0
74 102 0
74 144 0
75 91 0
76 86 0
76 117 0
77 82 0
77 180 0
78 105 0
78 147 0
78 156 0
79 93 0
79 94 0
79 103 0
79 120 0
79 176 0
80 167 0
81 105 0
82 99 0
82 112 0
82 134 0
83 103 0
84 178 0
85 122 0
86 145 0
87 108 0
88 100 0
88 121 0
91 104 0
91 116 0
92 127 0
92 138 0
92 147 0
93 101 0
93 169 0
93 172 0
94 123 0
95 115 0
96 160 0
97 170 0
98 103 0
99 108 0
100 110 0
100 145 0
101 167 0
102 127 0
102 154 0
102 172 0
103 172 0
105 177 0
106 137 0
108 137 0
108 158 0
109 141 0
111 115 0
111 122 0
111 130 0
112 128 0
112 172 0
112 179 0
113 156 0
114 118 0
115 162 0
117 150 0
118 126 0
118 135 0
118 145 0
119 178 0
121 134 0
121 161 0
122 140 0
124 125 0
125 131 0
125 141 0
127 151 0
127 173 0
128 130 0
130 137 0
133 170 0
134 136 0
135 164 0
136 143 0
137 152 0
138 156 0
141 153 0
142 152 0
143 160 0
144 165 0
149 166 0
149 179 0
152 155 0
153 174 0
160 179 0
161 163 0
161 175 0
161 179 0
