250 345 0
1 61 0
1 70 0
1 228 0
1 245 0
2 192 0
3 154 0
3 239 0
4 71 0
4 164 0
4 223 0
5 67 0
5 91 0
5 230 0
6 128 0
6 248 0
7 83 0
7 127 0
7 146 0
7 164 0
7 176 0
7 233 0
8 31 0
8 50 0
8 81 0
8 241 0
9 123 0
9 126 0
9 220 0
9 236 0
10 123 0
10 195 0
11 248 0
12 15 0
12 195 0
12 234 0
13 56 0
13 59 0
13 124 0
13 196 0
13 207 0
14 16 0
15 97 0
15 131 0
16 68 0
16 82 0
16 145 0
17 48 0
17 66 0
17 119 0
17 191 0
17 221 0
18 32 0
18 91 0
19 98 0
20 42 0
20 139 0
20 189 0
20 221 0
21 153 0
22 41 0
22 60 0
22 156 0
22 192 0
22 212 0
23 105 0
23 222 0
24 166 0
25 139 0
25 188 0
26 103 0
27 32 0
27 208 0
28 192 0
29 32 0
29 159 0
29 193 0
30 37 0
30 51 0
31 67 0
31 103 0
31 243 0
32 37 0
32 90 0
32 176 0
33 128 0
33 210 0
34 84 0
34 186 0
34 214 0
34 250 0
35 41 0
35 67 0
35 104 0
35 181 0
35 224 0
36 95 0
37 40 0
37 102 0
37 161 0
38 222 0
38 244 0
39 214 0
41 143 0
41 227 0
42 220 0
43 53 0
43 135 0
43 200 0
43 234 0
44 83 0
44 97 0
44 126 0
44 148 0
44 171 0
44 242 0
45 172 0
46 154 0
47 91 0
48 205 0
49 206 0
49 224 0
50 101 0
51 197 0
52 73 0
52 127 0
52 136 0
52 196 0
53 67 0
53 215 0
53 239 0
54 152 0
54 171 0
55 147 0
56 76 0
56 196 0
56 248 0
57 108 0
57 183 0
57 217 0
57 244 0
57 246 0
58 153 0
59 92 0
59 217 0
60 100 0
60 129 0
60 159 0
61 78 0
61 140 0
61 219 0
62 107 0
62 113 0
63 243 0
64 66 0
64 165 0
64 185 0
65 84 0
65 186 0
65 236 0
66 73 0
66 213 0
67 126 0
67 190 0
68 95 0
68 223 0
68 242 0
69 153 0
69 233 0
71 142 0
71 197 0
72 77 0
72 154 0
72 203 0
73 89 0
73 101 0
73 134 0
73 236 0
74 172 0
75 243 0
76 155 0
76 175 0
76 213 0
77 126 0
77 151 0
77 232 0
77 237 0
78 102 0
78 104 0
78 106 0
79 147 0
79 224 0
80 156 0
82 231 0
84 99 0
84 106 0
84 203 0
85 127 0
86 91 0
86 132 0
86 182 0
86 208 0
87 206 0
88 140 0
88 150 0
90 98 0
90 224 0
90 249 0
91 118 0
91 228 0
91 245 0
92 95 0
92 125 0
93 214 0
94 149 0
94 235 0
95 141 0
95 165 0
95 250 0
96 249 0
97 99 0
97 114 0
97 122 0
97 157 0
98 194 0
98 201 0
101 139 0
102 107 0
102 166 0
103 120 0
103 231 0
104 208 0
105 136 0
105 170 0
106 152 0
106 154 0
107 142 0
107 148 0
107 225 0
108 171 0
108 184 0
108 215 0
109 182 0
109 204 0
110 215 0
111 219 0
112 180 0
112 223 0
113 246 0
113 249 0
115 149 0
116 117 0
116 166 0
117 140 0
121 235 0
125 132 0
126 196 0
126 197 0
127 128 0
127 199 0
128 186 0
129 232 0
130 239 0
131 162 0
131 168 0
131 180 0
131 221 0
132 160 0
132 173 0
132 208 0
133 176 0
133 215 0
134 192 0
135 204 0
136 177 0
136 187 0
136 193 0
137 249 0
138 197 0
138 239 0
140 204 0
143 170 0
143 195 0
143 222 0
144 243 0
146 165 0
147 190 0
147 229 0
149 157 0
149 209 0
149 233 0
150 170 0
151 223 0
152 203 0
152 221 0
152 250 0
153 227 0
156 184 0
156 226 0
157 220 0
158 188 0
162 218 0
163 219 0
165 227 0
165 247 0
166 178 0
167 239 0
169 174 0
169 206 0
170 212 0
172 227 0
172 238 0
173 202 0
174 210 0
177 180 0
179 182 0
180 244 0
181 195 0
182 230 0
182 245 0
183 188 0
183 206 0
183 242 0
185 248 0
186 208 0
186 219 0
188 209 0
190 214 0
190 235 0
196 208 0
197 198 0
202 222 0
205 210 0
208 242 0
209 211 0
210 233 0
211 226 0
211 235 0
213 239 0
214 240 0
216 223 0
218 235 0
221 224 0
224 233 0
233 244 0
241 242 0
