100 129 0
1 23 0
1 25 0
1 31 0
1 50 0
1 75 0
1 88 0
1 94 0
2 68 0
3 23 0
3 53 0
4 29 0
4 47 0
4 48 0
5 68 0
6 44 0
6 66 0
7 28 0
8 28 0
9 25 0
10 55 0
11 23 0
11 46 0
11 51 0
11 88 0
12 23 0
12 40 0
12 73 0
13 46 0
13 78 0
13 88 0
14 21 0
14 28 0
14 40 0
14 90 0
15 73 0
16 38 0
17 93 0
18 28 0
19 21 0
19 84 0
19 88 0
20 29 0
20 51 0
21 50 0
21 59 0
21 72 0
22 33 0
22 38 0
22 89 0
23 24 0
24 67 0
25 41 0
25 71 0
26 31 0
27 37 0
28 30 0
29 59 0
29 85 0
29 94 0
30 37 0
31 45 0
31 60 0
31 78 0
32 98 0
33 50 0
33 76 0
34 53 0
34 62 0
34 66 0
35 36 0
35 76 0
35 82 0
35 84 0
36 75 0
37 59 0
37 100 0
38 57 0
38 72 0
39 52 0
39 59 0
39 74 0
39 81 0
40 65 0
40 89 0
40 92 0
40 97 0
42 90 0
43 44 0
44 62 0
44 75 0
46 63 0
46 66 0
46 86 0
47 98 0
48 77 0
49 51 0
50 61 0
50 67 0
51 99 0
52 85 0
53 62 0
53 70 0
54 93 0
55 72 0
55 77 0
55 83 0
55 95 0
56 90 0
57 84 0
58 73 0
60 73 0
62 84 0
62 93 0
63 65 0
64 93 0
65 98 0
68 72 0
68 87 0
69 77 0
70 86 0
70 91 0
70 96 0
73 96 0
77 79 0
77 96 0
80 90 0
84 98 0
88 96 0
93 99 0
