100 174 0
1 48 0
1 79 0
2 6 0
2 8 0
2 28 0
2 33 0
2 37 0
2 41 0
2 80 0
2 94 0
3 6 0
3 52 0
3 75 0
4 46 0
4 56 0
4 82 0
5 46 0
5 67 0
6 9 0
6 43 0
6 57 0
6 58 0
6 65 0
7 19 0
7 24 0
7 40 0
7 45 0
7 49 0
7 90 0
7 98 0
8 45 0
10 15 0
10 43 0
11 16 0
11 20 0
11 25 0
11 30 0
11 48 0
11 53 0
11 80 0
12 83 0
13 16 0
13 23 0
13 30 0
13 33 0
13 44 0
13 60 0
13 65 0
14 52 0
14 66 0
14 90 0
14 99 0
15 31 0
15 39 0
15 55 0
15 70 0
16 28 0
16 61 0
17 60 0
17 86 0
17 88 0
17 92 0
18 89 0
19 46 0
20 26 0
20 62 0
20 83 0
21 56 0
21 80 0
21 83 0
22 35 0
22 40 0
22 49 0
22 52 0
23 89 0
24 29 0
24 35 0
24 62 0
24 64 0
24 91 0
25 51 0
25 53 0
25 55 0
25 94 0
26 55 0
26 57 0
26 72 0
26 78 0
27 43 0
27 61 0
27 91 0
29 61 0
29 88 0
31 34 0
31 52 0
32 83 0
34 35 0
34 50 0
34 67 0
35 75 0
35 85 0
36 61 0
37 84 0
38 80 0
38 97 0
39 43 0
39 68 0
39 71 0
39 81 0
39 87 0
41 46 0
41 62 0
41 85 0
41 89 0
42 67 0
44 96 0
44 97 0
45 74 0
45 85 0
45 97 0
46 73 0
46 82 0
46 84 0
47 50 0
48 86 0
48 91 0
50 57 0
50 88 0
50 98 0
52 71 0
52 90 0
54 57 0
54 83 0
54 95 0
55 73 0
55 75 0
55 97 0
56 71 0
56 73 0
56 93 0
56 95 0
57 66 0
57 92 0
59 63 0
61 96 0
62 71 0
63 69 0
63 72 0
63 78 0
63 83 0
63 99 0
64 74 0
64 78 0
64 100 0
66 71 0
66 97 0
67 68 0
67 72 0
67 76 0
67 83 0
69 78 0
69 85 0
72 83 0
73 80 0
73 88 0
75 92 0
76 92 0
77 80 0
77 89 0
77 92 0
77 100 0
79 89 0
80 93 0
89 96 0
