800 930 0
1 63 0
1 111 0
1 524 0
2 123 0
2 317 0
2 717 0
2 740 0
3 566 0
4 79 0
5 129 0
5 438 0
5 632 0
6 335 0
7 213 0
8 159 0
8 477 0
8 491 0
8 534 0
9 375 0
10 580 0
11 324 0
11 339 0
11 480 0
11 576 0
12 406 0
12 559 0
12 669 0
12 763 0
13 716 0
14 372 0
15 77 0
15 418 0
15 442 0
15 574 0
16 422 0
17 603 0
18 68 0
18 277 0
18 489 0
18 495 0
18 644 0
19 109 0
19 142 0
19 559 0
19 758 0
20 32 0
20 471 0
20 515 0
20 728 0
21 347 0
21 525 0
21 583 0
21 625 0
22 125 0
23 191 0
24 754 0
25 65 0
25 202 0
25 280 0
25 282 0
26 359 0
27 209 0
27 278 0
27 299 0
27 477 0
27 739 0
28 463 0
29 208 0
29 452 0
29 490 0
29 528 0
30 575 0
31 307 0
33 200 0
33 571 0
33 602 0
33 788 0
34 95 0
35 200 0
36 106 0
36 120 0
36 142 0
36 465 0
36 533 0
37 736 0
38 46 0
39 79 0
40 672 0
41 354 0
41 524 0
41 628 0
41 783 0
42 59 0
42 228 0
42 257 0
42 417 0
42 679 0
43 66 0
43 524 0
43 711 0
43 731 0
44 519 0
44 560 0
44 581 0
45 435 0
46 175 0
46 418 0
46 767 0
47 387 0
48 436 0
48 586 0
48 683 0
48 799 0
49 352 0
50 203 0
50 210 0
50 576 0
50 692 0
51 800 0
52 512 0
53 503 0
54 80 0
55 85 0
55 172 0
55 222 0
55 231 0
55 376 0
56 159 0
56 255 0
56 392 0
56 426 0
56 517 0
56 540 0
57 129 0
58 420 0
58 449 0
58 574 0
58 685 0
59 61 0
59 450 0
60 624 0
61 151 0
61 218 0
61 225 0
62 225 0
62 328 0
62 631 0
62 636 0
62 792 0
63 149 0
63 220 0
63 747 0
64 119 0
64 137 0
64 327 0
64 549 0
67 129 0
67 202 0
67 556 0
67 766 0
69 368 0
70 204 0
71 786 0
72 81 0
73 558 0
73 595 0
73 635 0
74 726 0
75 224 0
76 84 0
76 190 0
76 301 0
76 751 0
77 401 0
77 465 0
77 635 0
78 268 0
78 289 0
78 360 0
78 790 0
79 501 0
79 682 0
80 254 0
80 367 0
80 568 0
81 338 0
81 364 0
81 717 0
81 767 0
82 241 0
82 733 0
82 771 0
83 512 0
85 421 0
85 583 0
85 672 0
86 188 0
86 626 0
86 654 0
86 680 0
87 179 0
88 106 0
88 126 0
88 365 0
88 498 0
88 572 0
89 112 0
89 266 0
89 333 0
89 383 0
89 636 0
89 770 0
90 481 0
91 215 0
91 226 0
91 252 0
91 563 0
92 157 0
92 385 0
92 401 0
92 530 0
93 404 0
93 558 0
93 590 0
93 642 0
93 771 0
94 415 0
94 433 0
94 442 0
94 473 0
95 559 0
95 611 0
95 643 0
96 326 0
96 424 0
96 498 0
96 587 0
97 553 0
98 224 0
99 128 0
99 282 0
99 541 0
99 705 0
100 300 0
101 234 0
102 262 0
102 462 0
102 642 0
103 659 0
104 650 0
104 794 0
105 671 0
106 412 0
107 320 0
107 457 0
107 515 0
107 657 0
107 796 0
108 645 0
109 179 0
109 283 0
109 736 0
110 435 0
111 127 0
111 572 0
111 578 0
111 620 0
112 422 0
112 575 0
112 760 0
113 316 0
114 135 0
114 478 0
114 551 0
114 666 0
115 445 0
116 582 0
117 311 0
117 416 0
117 438 0
117 794 0
118 367 0
118 519 0
118 580 0
120 267 0
120 333 0
120 650 0
120 694 0
121 225 0
121 548 0
121 558 0
121 656 0
122 140 0
122 311 0
122 581 0
123 340 0
123 405 0
124 621 0
125 410 0
125 442 0
125 684 0
125 785 0
129 214 0
129 559 0
129 668 0
130 556 0
131 184 0
131 185 0
131 635 0
131 734 0
132 179 0
133 671 0
134 213 0
135 525 0
135 789 0
136 638 0
138 163 0
138 165 0
138 459 0
138 640 0
139 605 0
140 145 0
140 351 0
140 547 0
140 609 0
141 163 0
141 310 0
141 630 0
141 665 0
141 741 0
142 404 0
142 788 0
143 438 0
144 579 0
145 555 0
145 618 0
145 651 0
146 262 0
147 597 0
148 469 0
150 735 0
152 602 0
153 366 0
153 478 0
153 500 0
153 729 0
154 184 0
155 379 0
155 462 0
155 714 0
155 719 0
156 385 0
156 605 0
156 621 0
157 219 0
157 306 0
157 466 0
157 762 0
158 652 0
159 462 0
160 297 0
161 285 0
161 414 0
161 585 0
161 624 0
161 712 0
162 385 0
163 330 0
163 553 0
164 771 0
166 204 0
166 362 0
166 789 0
167 451 0
168 664 0
169 289 0
169 318 0
169 359 0
169 469 0
169 775 0
170 584 0
171 360 0
172 495 0
172 790 0
173 553 0
174 311 0
176 307 0
177 734 0
178 319 0
178 344 0
178 697 0
178 712 0
179 386 0
180 286 0
180 382 0
180 430 0
180 562 0
180 750 0
181 789 0
182 790 0
183 335 0
184 413 0
184 447 0
184 474 0
185 199 0
185 246 0
185 274 0
185 287 0
186 363 0
187 362 0
189 548 0
191 216 0
191 744 0
191 747 0
192 621 0
193 253 0
194 331 0
195 421 0
196 588 0
197 264 0
197 495 0
197 599 0
197 779 0
198 597 0
200 378 0
200 476 0
200 710 0
201 656 0
202 584 0
204 398 0
204 478 0
204 554 0
205 795 0
206 463 0
207 448 0
211 775 0
212 481 0
213 271 0
213 462 0
217 726 0
218 351 0
218 560 0
218 567 0
219 539 0
219 638 0
221 291 0
221 501 0
221 726 0
223 633 0
224 260 0
224 294 0
224 501 0
224 590 0
226 312 0
226 428 0
226 566 0
226 632 0
227 550 0
228 350 0
228 511 0
228 603 0
228 729 0
229 624 0
230 794 0
232 736 0
233 786 0
234 302 0
234 329 0
234 389 0
235 451 0
236 283 0
237 323 0
237 363 0
237 614 0
238 575 0
239 370 0
239 531 0
239 700 0
239 772 0
240 469 0
241 455 0
241 522 0
241 557 0
241 590 0
242 421 0
243 592 0
244 307 0
244 512 0
244 566 0
245 800 0
246 547 0
246 566 0
247 797 0
248 708 0
249 603 0
250 621 0
251 609 0
253 260 0
253 483 0
253 610 0
253 667 0
256 726 0
258 566 0
259 422 0
260 625 0
261 566 0
262 497 0
262 538 0
262 562 0
263 637 0
264 372 0
264 579 0
264 580 0
265 368 0
265 588 0
265 662 0
265 788 0
266 583 0
266 754 0
267 350 0
267 367 0
267 490 0
267 729 0
268 272 0
268 535 0
268 745 0
269 347 0
270 431 0
270 475 0
270 623 0
270 756 0
273 633 0
275 605 0
275 758 0
275 795 0
276 344 0
279 659 0
281 632 0
282 312 0
282 435 0
282 785 0
283 295 0
283 397 0
284 419 0
285 458 0
285 561 0
285 691 0
288 605 0
289 327 0
289 694 0
290 645 0
291 299 0
291 400 0
291 522 0
291 532 0
292 506 0
293 503 0
294 370 0
294 789 0
296 308 0
297 532 0
297 585 0
297 604 0
297 607 0
298 595 0
299 438 0
299 552 0
300 370 0
300 598 0
300 750 0
303 521 0
304 800 0
305 405 0
307 678 0
307 722 0
308 349 0
308 431 0
308 676 0
309 547 0
310 603 0
310 684 0
311 425 0
312 489 0
312 498 0
312 572 0
312 581 0
313 389 0
313 697 0
313 735 0
314 614 0
315 671 0
316 383 0
316 504 0
316 552 0
318 530 0
318 602 0
319 342 0
319 487 0
319 661 0
321 777 0
322 334 0
322 440 0
322 501 0
322 663 0
323 331 0
323 599 0
323 794 0
325 789 0
327 419 0
327 539 0
330 462 0
330 581 0
330 722 0
331 472 0
331 576 0
332 422 0
333 416 0
333 674 0
335 392 0
335 562 0
336 481 0
337 595 0
340 429 0
340 461 0
340 515 0
340 594 0
340 681 0
341 457 0
341 565 0
341 629 0
341 751 0
343 387 0
344 411 0
344 494 0
345 567 0
346 571 0
347 395 0
347 658 0
348 735 0
350 524 0
350 610 0
351 694 0
351 717 0
352 403 0
352 418 0
352 596 0
352 796 0
353 601 0
355 405 0
356 638 0
357 375 0
358 567 0
359 699 0
359 787 0
360 660 0
360 746 0
360 791 0
361 385 0
362 570 0
362 599 0
363 382 0
363 599 0
363 765 0
367 615 0
367 652 0
368 488 0
368 505 0
369 775 0
370 375 0
370 635 0
371 656 0
372 704 0
372 778 0
373 771 0
374 521 0
375 529 0
377 766 0
378 389 0
378 450 0
380 422 0
380 521 0
380 525 0
381 517 0
381 569 0
381 647 0
381 793 0
382 592 0
383 584 0
383 633 0
384 460 0
384 467 0
384 709 0
384 751 0
385 677 0
385 769 0
387 527 0
387 613 0
388 602 0
389 408 0
389 416 0
389 637 0
390 708 0
391 445 0
392 566 0
393 615 0
394 444 0
394 496 0
394 527 0
394 593 0
396 539 0
399 625 0
401 464 0
401 578 0
402 539 0
404 477 0
404 515 0
404 631 0
405 495 0
405 650 0
407 733 0
408 489 0
408 675 0
408 738 0
409 550 0
412 478 0
412 654 0
412 747 0
412 779 0
413 462 0
413 506 0
414 447 0
414 485 0
414 776 0
414 782 0
416 576 0
418 733 0
419 616 0
419 648 0
421 453 0
423 558 0
427 521 0
428 447 0
428 597 0
428 636 0
431 635 0
431 708 0
432 760 0
434 649 0
435 742 0
437 560 0
438 695 0
438 770 0
439 579 0
440 580 0
440 796 0
441 525 0
442 659 0
443 632 0
445 490 0
445 536 0
446 642 0
448 599 0
448 622 0
448 743 0
450 495 0
450 627 0
450 713 0
451 564 0
451 722 0
451 784 0
454 609 0
455 512 0
455 582 0
455 712 0
456 656 0
457 530 0
461 512 0
461 735 0
462 595 0
463 683 0
463 687 0
464 519 0
464 537 0
464 556 0
464 777 0
465 581 0
465 779 0
468 526 0
469 617 0
469 631 0
470 797 0
477 481 0
479 592 0
482 526 0
484 588 0
486 760 0
490 786 0
492 526 0
493 602 0
498 726 0
499 672 0
501 591 0
502 558 0
502 625 0
502 785 0
502 795 0
503 600 0
503 683 0
506 641 0
506 764 0
507 649 0
508 614 0
509 708 0
510 659 0
511 655 0
511 715 0
511 753 0
513 584 0
514 582 0
516 662 0
517 674 0
517 716 0
518 777 0
519 639 0
519 748 0
520 766 0
521 636 0
522 602 0
523 548 0
524 671 0
525 770 0
526 758 0
527 591 0
527 645 0
530 577 0
530 706 0
532 605 0
532 674 0
533 632 0
533 649 0
537 553 0
537 770 0
542 697 0
543 624 0
544 754 0
545 582 0
546 584 0
547 689 0
548 707 0
548 747 0
548 769 0
550 578 0
550 684 0
552 566 0
556 732 0
560 723 0
560 784 0
562 583 0
562 650 0
567 718 0
571 780 0
571 798 0
573 662 0
574 638 0
574 797 0
575 768 0
578 795 0
579 612 0
580 608 0
580 737 0
581 712 0
583 694 0
585 615 0
588 690 0
589 614 0
591 683 0
591 779 0
592 636 0
592 727 0
597 764 0
601 686 0
601 717 0
601 725 0
606 795 0
609 653 0
610 621 0
610 800 0
614 764 0
615 721 0
619 734 0
625 660 0
632 757 0
633 755 0
634 777 0
637 670 0
637 752 0
638 784 0
642 673 0
645 773 0
646 766 0
649 654 0
652 664 0
652 754 0
654 789 0
656 722 0
660 797 0
662 759 0
672 703 0
674 764 0
684 747 0
688 790 0
693 786 0
696 734 0
697 701 0
698 716 0
702 733 0
716 761 0
720 794 0
724 736 0
730 789 0
733 781 0
735 758 0
747 750 0
749 797 0
751 788 0
758 766 0
760 769 0
764 796 0
767 800 0
774 775 0
