100 114 0
1 2 0
2 35 0
2 59 0
2 68 0
2 95 0
3 47 0
4 20 0
4 28 0
4 85 0
4 89 0
4 99 0
5 51 0
6 15 0
7 70 0
8 26 0
8 90 0
9 27 0
10 93 0
11 91 0
12 86 0
13 38 0
13 46 0
13 71 0
13 80 0
14 39 0
14 44 0
14 46 0
14 77 0
15 23 0
15 41 0
15 46 0
15 86 0
16 28 0
17 56 0
18 42 0
19 31 0
19 34 0
19 84 0
19 89 0
20 25 0
21 60 0
21 85 0
22 92 0
24 91 0
25 32 0
25 53 0
25 73 0
25 88 0
26 85 0
27 39 0
27 54 0
27 73 0
27 84 0
28 29 0
28 33 0
28 62 0
30 86 0
31 46 0
31 59 0
31 83 0
33 51 0
33 89 0
33 91 0
33 92 0
34 79 0
34 85 0
36 90 0
37 49 0
40 49 0
42 48 0
42 59 0
42 67 0
43 51 0
45 49 0
47 66 0
47 79 0
47 82 0
49 83 0
50 69 0
50 90 0
51 58 0
52 93 0
54 75 0
55 68 0
55 93 0
56 72 0
56 78 0
56 83 0
57 91 0
59 86 0
60 81 0
60 98 0
61 99 0
63 81 0
64 68 0
64 90 0
65 69 0
68 70 0
69 88 0
69 97 0
70 76 0
70 83 0
74 86 0
75 81 0
81 82 0
82 89 0
82 93 0
84 88 0
84 90 0
87 92 0
88 100 0
92 96 0
94 99 0
98 99 0
