120 136 0
1 58 0
2 5 0
2 30 0
2 31 0
2 49 0
3 54 0
3 89 0
3 114 0
3 120 0
4 7 0
5 51 0
5 88 0
5 111 0
6 112 0
7 55 0
7 73 0
7 83 0
8 10 0
9 21 0
9 44 0
10 15 0
10 40 0
10 90 0
10 98 0
11 38 0
11 41 0
11 88 0
11 103 0
12 13 0
12 51 0
13 25 0
14 44 0
14 57 0
14 72 0
14 100 0
15 44 0
15 120 0
16 75 0
17 23 0
17 26 0
17 56 0
17 71 0
17 101 0
18 47 0
19 44 0
20 94 0
21 111 0
22 111 0
23 119 0
24 60 0
25 77 0
25 80 0
25 81 0
25 90 0
27 57 0
27 87 0
27 88 0
28 48 0
29 72 0
30 43 0
32 47 0
32 94 0
33 35 0
33 58 0
33 87 0
33 92 0
33 119 0
34 100 0
35 119 0
36 75 0
37 47 0
37 53 0
37 68 0
37 78 0
37 93 0
37 106 0
38 61 0
38 97 0
38 115 0
39 53 0
40 79 0
41 45 0
41 69 0
41 95 0
42 58 0
43 63 0
43 66 0
43 70 0
43 93 0
46 119 0
47 82 0
47 90 0
47 117 0
48 59 0
48 71 0
48 107 0
49 105 0
50 92 0
51 65 0
51 116 0
52 92 0
53 91 0
53 118 0
53 120 0
55 56 0
55 60 0
55 75 0
55 88 0
56 64 0
57 71 0
57 93 0
58 105 0
60 85 0
60 96 0
62 75 0
64 86 0
67 103 0
67 120 0
71 86 0
72 108 0
72 110 0
74 103 0
76 112 0
78 106 0
79 94 0
80 103 0
84 92 0
86 113 0
87 90 0
87 120 0
93 112 0
94 120 0
99 100 0
100 104 0
102 112 0
109 111 0
