350 406 0
1 175 0
2 75 0
2 138 0
3 227 0
4 50 0
4 109 0
4 114 0
4 229 0
4 272 0
5 46 0
5 84 0
5 130 0
5 342 0
6 33 0
6 99 0
6 104 0
7 159 0
7 199 0
7 294 0
8 52 0
8 99 0
8 149 0
8 297 0
8 300 0
9 28 0
10 113 0
10 116 0
10 237 0
10 240 0
11 81 0
11 83 0
11 266 0
11 296 0
12 183 0
13 77 0
13 88 0
13 170 0
13 310 0
14 32 0
14 206 0
14 226 0
14 259 0
15 160 0
16 18 0
17 59 0
17 89 0
18 270 0
18 302 0
18 323 0
19 115 0
20 46 0
20 106 0
20 242 0
20 290 0
20 300 0
21 41 0
21 55 0
21 89 0
21 252 0
21 257 0
22 38 0
22 146 0
23 207 0
24 42 0
24 117 0
24 204 0
24 321 0
25 68 0
25 76 0
26 78 0
27 42 0
27 248 0
28 94 0
28 122 0
28 200 0
28 289 0
29 30 0
29 83 0
29 101 0
29 112 0
29 127 0
29 287 0
29 294 0
30 33 0
30 105 0
30 238 0
30 270 0
31 93 0
33 44 0
33 145 0
33 163 0
33 171 0
34 251 0
35 92 0
35 152 0
35 190 0
35 260 0
36 63 0
36 239 0
37 186 0
37 266 0
37 314 0
37 325 0
38 155 0
39 321 0
40 99 0
41 73 0
41 178 0
41 180 0
42 54 0
42 167 0
43 61 0
43 155 0
44 71 0
44 90 0
44 125 0
45 207 0
46 125 0
46 184 0
47 148 0
48 319 0
49 294 0
51 79 0
51 221 0
51 230 0
52 64 0
52 72 0
52 98 0
53 333 0
54 119 0
55 154 0
55 202 0
55 226 0
55 275 0
56 264 0
57 121 0
57 230 0
57 262 0
57 266 0
58 233 0
59 145 0
60 67 0
60 125 0
60 141 0
60 327 0
61 218 0
62 104 0
62 319 0
63 82 0
63 85 0
63 311 0
64 175 0
64 248 0
64 307 0
65 121 0
66 192 0
67 124 0
67 214 0
67 308 0
68 69 0
68 83 0
68 330 0
70 287 0
70 327 0
71 195 0
71 210 0
71 219 0
72 125 0
72 156 0
72 280 0
73 132 0
74 198 0
75 86 0
75 128 0
75 189 0
75 211 0
75 317 0
76 148 0
78 189 0
78 320 0
78 349 0
79 145 0
80 343 0
81 117 0
81 156 0
81 257 0
82 114 0
82 237 0
82 238 0
83 146 0
83 148 0
84 236 0
85 292 0
87 337 0
89 90 0
89 172 0
91 252 0
93 120 0
93 187 0
93 196 0
95 227 0
96 145 0
97 344 0
98 160 0
98 176 0
98 344 0
98 345 0
99 281 0
100 204 0
101 228 0
101 235 0
101 277 0
102 184 0
103 300 0
104 333 0
105 115 0
105 133 0
105 268 0
107 217 0
108 115 0
108 260 0
110 227 0
111 313 0
112 183 0
114 193 0
114 221 0
114 346 0
115 185 0
117 189 0
117 196 0
118 246 0
119 233 0
121 135 0
121 200 0
121 326 0
123 268 0
125 200 0
125 263 0
125 271 0
126 156 0
126 161 0
126 190 0
126 316 0
126 328 0
127 142 0
127 174 0
127 332 0
128 297 0
129 188 0
129 339 0
131 141 0
132 196 0
132 216 0
132 244 0
132 341 0
133 164 0
133 255 0
133 286 0
134 138 0
135 291 0
136 313 0
137 171 0
138 182 0
138 226 0
139 246 0
140 192 0
141 202 0
141 231 0
141 276 0
143 284 0
144 344 0
145 170 0
146 228 0
146 256 0
146 318 0
146 335 0
147 307 0
148 223 0
149 193 0
150 321 0
151 194 0
151 274 0
151 296 0
151 305 0
153 321 0
155 196 0
155 278 0
156 238 0
157 268 0
158 345 0
159 171 0
159 344 0
160 250 0
160 269 0
162 205 0
163 261 0
163 293 0
163 301 0
165 183 0
166 264 0
168 324 0
169 188 0
171 239 0
171 315 0
173 193 0
175 267 0
175 282 0
176 218 0
177 218 0
179 313 0
180 198 0
181 184 0
183 200 0
184 303 0
185 323 0
186 262 0
188 223 0
188 310 0
188 348 0
189 284 0
190 218 0
190 257 0
191 307 0
192 228 0
192 254 0
192 334 0
193 209 0
195 253 0
197 297 0
198 272 0
198 312 0
198 336 0
199 251 0
201 217 0
203 205 0
204 234 0
204 291 0
205 266 0
205 273 0
207 236 0
207 265 0
208 294 0
212 220 0
212 243 0
212 254 0
212 263 0
213 295 0
215 248 0
217 219 0
217 271 0
219 227 0
219 280 0
222 333 0
224 252 0
225 284 0
226 280 0
230 253 0
230 302 0
232 295 0
233 296 0
233 339 0
236 246 0
236 285 0
236 319 0
237 313 0
237 334 0
237 343 0
238 285 0
241 307 0
245 327 0
246 249 0
247 345 0
248 289 0
248 298 0
251 299 0
251 310 0
252 309 0
254 257 0
254 295 0
258 297 0
262 297 0
262 300 0
264 266 0
264 322 0
268 331 0
272 285 0
272 333 0
276 287 0
279 337 0
280 310 0
283 337 0
284 306 0
285 302 0
287 346 0
288 327 0
292 324 0
295 350 0
296 337 0
300 340 0
302 324 0
304 343 0
309 341 0
318 343 0
319 347 0
324 329 0
338 345 0
