800 843 0
1 90 0
1 174 0
1 385 0
1 462 0
2 80 0
2 98 0
2 201 0
2 491 0
2 571 0
3 320 0
4 227 0
4 398 0
4 791 0
5 277 0
5 426 0
5 456 0
5 464 0
6 290 0
7 118 0
8 63 0
8 520 0
8 543 0
8 777 0
9 91 0
9 268 0
9 315 0
9 774 0
10 343 0
11 308 0
12 665 0
13 123 0
13 303 0
13 419 0
13 753 0
14 39 0
14 49 0
14 225 0
14 259 0
14 747 0
15 732 0
16 61 0
16 514 0
16 570 0
16 748 0
17 148 0
17 398 0
17 577 0
17 682 0
18 77 0
18 81 0
18 454 0
18 532 0
18 773 0
19 251 0
20 152 0
21 66 0
22 461 0
23 82 0
23 180 0
23 426 0
24 488 0
24 621 0
24 630 0
24 721 0
25 140 0
26 111 0
26 126 0
26 422 0
26 579 0
26 641 0
27 184 0
28 188 0
29 153 0
29 322 0
29 625 0
29 790 0
30 673 0
31 72 0
31 341 0
31 581 0
31 629 0
32 708 0
33 186 0
34 461 0
35 575 0
36 130 0
36 214 0
36 703 0
37 386 0
38 189 0
40 262 0
41 329 0
42 741 0
43 176 0
44 364 0
45 101 0
45 130 0
45 299 0
46 449 0
47 62 0
48 507 0
50 430 0
51 372 0
51 389 0
51 684 0
51 799 0
52 437 0
53 130 0
53 173 0
53 544 0
53 749 0
54 217 0
55 473 0
56 340 0
57 507 0
58 402 0
59 148 0
60 86 0
62 131 0
62 249 0
62 265 0
63 142 0
63 732 0
64 293 0
65 81 0
65 262 0
65 617 0
65 761 0
66 372 0
66 569 0
66 598 0
67 100 0
67 235 0
67 633 0
67 747 0
68 532 0
69 152 0
70 88 0
70 674 0
70 744 0
70 749 0
71 193 0
72 323 0
72 404 0
72 738 0
73 334 0
74 300 0
74 462 0
74 722 0
74 787 0
75 676 0
76 303 0
76 362 0
76 423 0
77 458 0
77 535 0
78 238 0
78 303 0
78 323 0
78 679 0
79 281 0
81 130 0
81 647 0
82 397 0
82 502 0
82 702 0
82 779 0
83 204 0
84 566 0
85 347 0
85 369 0
85 769 0
85 794 0
86 612 0
86 616 0
86 777 0
87 629 0
88 158 0
88 184 0
89 792 0
92 350 0
92 405 0
92 551 0
92 750 0
93 772 0
94 614 0
95 653 0
96 754 0
97 101 0
98 423 0
98 590 0
99 590 0
99 624 0
99 678 0
101 657 0
101 688 0
101 778 0
102 275 0
102 393 0
102 427 0
102 645 0
103 761 0
104 718 0
105 215 0
106 800 0
107 189 0
107 456 0
107 733 0
108 552 0
109 130 0
109 324 0
109 462 0
109 763 0
110 362 0
112 783 0
113 718 0
114 351 0
115 497 0
116 271 0
117 572 0
118 260 0
118 372 0
118 407 0
119 614 0
120 550 0
121 622 0
122 215 0
122 244 0
122 402 0
122 464 0
122 659 0
124 189 0
125 127 0
125 248 0
125 663 0
125 697 0
126 328 0
126 351 0
126 538 0
128 683 0
129 519 0
130 539 0
132 200 0
132 357 0
132 409 0
132 760 0
133 792 0
134 739 0
135 755 0
136 449 0
137 354 0
137 395 0
137 458 0
137 660 0
138 366 0
139 785 0
140 163 0
140 245 0
140 283 0
141 299 0
142 194 0
142 228 0
142 380 0
142 538 0
143 586 0
144 290 0
145 312 0
146 623 0
147 708 0
148 345 0
148 413 0
148 548 0
149 376 0
149 491 0
149 567 0
149 709 0
150 480 0
150 498 0
150 521 0
150 700 0
151 423 0
152 620 0
152 632 0
154 701 0
155 432 0
156 727 0
157 304 0
158 171 0
158 269 0
158 465 0
158 628 0
159 337 0
159 368 0
159 420 0
159 445 0
160 460 0
161 312 0
162 581 0
163 356 0
163 614 0
163 673 0
164 328 0
165 720 0
166 737 0
167 691 0
168 184 0
169 473 0
170 600 0
172 364 0
172 412 0
172 464 0
172 741 0
173 362 0
173 624 0
173 678 0
174 449 0
174 538 0
175 219 0
176 198 0
176 452 0
176 669 0
177 410 0
178 528 0
179 197 0
180 573 0
180 672 0
180 777 0
181 341 0
182 398 0
183 293 0
184 191 0
184 558 0
185 795 0
186 490 0
186 567 0
186 594 0
187 755 0
188 311 0
188 438 0
188 609 0
189 339 0
189 679 0
190 566 0
191 382 0
191 742 0
191 755 0
192 216 0
193 372 0
193 728 0
193 765 0
194 209 0
194 578 0
194 699 0
195 577 0
196 590 0
197 495 0
197 677 0
197 684 0
199 608 0
202 705 0
203 752 0
204 712 0
204 747 0
204 758 0
205 317 0
205 508 0
205 564 0
205 709 0
205 746 0
206 426 0
207 761 0
208 232 0
208 431 0
208 547 0
208 567 0
210 775 0
211 292 0
212 447 0
212 544 0
212 635 0
212 743 0
213 513 0
214 323 0
214 376 0
214 467 0
215 422 0
215 484 0
216 433 0
216 602 0
216 715 0
217 511 0
217 521 0
217 534 0
218 665 0
219 303 0
219 336 0
219 553 0
219 734 0
220 475 0
221 732 0
222 733 0
223 752 0
224 346 0
224 366 0
224 575 0
224 796 0
225 425 0
225 678 0
226 800 0
227 548 0
227 567 0
227 619 0
227 771 0
228 436 0
228 580 0
228 595 0
229 727 0
230 475 0
231 796 0
233 248 0
233 467 0
233 503 0
233 630 0
234 410 0
236 683 0
237 624 0
238 246 0
238 386 0
238 649 0
239 629 0
240 286 0
241 251 0
242 676 0
243 299 0
244 253 0
244 298 0
244 416 0
246 591 0
246 610 0
246 636 0
247 343 0
248 299 0
248 781 0
250 516 0
251 311 0
251 523 0
252 307 0
254 361 0
255 432 0
256 307 0
257 617 0
258 639 0
261 382 0
262 690 0
262 698 0
263 577 0
264 491 0
264 637 0
264 656 0
264 784 0
265 486 0
265 513 0
265 714 0
266 519 0
267 340 0
269 516 0
269 665 0
269 742 0
270 622 0
271 321 0
271 406 0
271 709 0
272 415 0
272 458 0
272 500 0
272 506 0
272 642 0
273 532 0
274 430 0
276 304 0
277 288 0
277 443 0
277 518 0
278 426 0
279 752 0
280 381 0
281 322 0
281 599 0
281 615 0
282 475 0
284 624 0
285 452 0
285 453 0
285 667 0
285 686 0
286 291 0
286 446 0
286 725 0
287 737 0
289 423 0
290 310 0
290 357 0
292 363 0
292 383 0
292 489 0
293 417 0
293 638 0
294 402 0
295 796 0
296 775 0
297 324 0
297 494 0
297 546 0
297 759 0
301 772 0
302 351 0
303 519 0
304 375 0
304 458 0
305 456 0
306 639 0
307 489 0
307 793 0
308 471 0
308 536 0
308 544 0
309 706 0
311 481 0
311 676 0
312 439 0
312 462 0
313 785 0
314 380 0
315 327 0
315 334 0
315 742 0
316 781 0
318 426 0
319 755 0
320 365 0
320 647 0
320 659 0
322 509 0
322 682 0
323 538 0
324 739 0
324 775 0
325 432 0
326 608 0
327 390 0
327 394 0
327 418 0
328 668 0
328 693 0
329 681 0
329 687 0
329 794 0
330 701 0
331 463 0
331 531 0
331 627 0
331 798 0
332 516 0
333 590 0
334 344 0
334 348 0
335 605 0
336 566 0
336 676 0
338 785 0
340 630 0
340 664 0
341 371 0
341 585 0
342 513 0
343 442 0
343 794 0
346 467 0
346 570 0
346 750 0
349 456 0
351 561 0
352 754 0
353 417 0
353 521 0
353 662 0
353 779 0
355 411 0
356 452 0
356 688 0
356 799 0
357 586 0
357 791 0
358 376 0
358 458 0
358 627 0
358 794 0
359 559 0
360 519 0
361 670 0
361 685 0
361 710 0
362 762 0
364 391 0
364 501 0
366 476 0
366 494 0
366 499 0
366 780 0
367 509 0
368 732 0
368 737 0
368 791 0
370 412 0
373 381 0
374 632 0
374 703 0
374 725 0
374 791 0
376 682 0
377 509 0
378 486 0
379 772 0
380 388 0
380 527 0
381 695 0
381 763 0
382 385 0
382 399 0
382 505 0
384 437 0
385 449 0
386 478 0
386 601 0
387 581 0
389 437 0
389 795 0
389 800 0
392 745 0
393 499 0
393 538 0
393 559 0
393 622 0
396 622 0
398 474 0
398 584 0
400 589 0
401 550 0
402 529 0
403 783 0
404 449 0
404 772 0
404 783 0
408 479 0
408 596 0
408 651 0
408 725 0
410 603 0
410 764 0
411 670 0
412 515 0
412 631 0
414 600 0
417 430 0
417 572 0
421 733 0
422 792 0
423 448 0
424 649 0
425 533 0
425 746 0
425 749 0
428 741 0
429 605 0
430 555 0
432 763 0
434 568 0
435 440 0
437 542 0
440 540 0
440 679 0
440 770 0
441 605 0
444 773 0
448 460 0
448 481 0
448 506 0
448 720 0
449 726 0
450 773 0
451 683 0
452 705 0
454 472 0
454 557 0
454 666 0
455 588 0
457 737 0
459 535 0
460 466 0
460 713 0
461 764 0
461 767 0
464 662 0
467 481 0
468 720 0
469 516 0
470 497 0
473 582 0
473 679 0
475 570 0
477 739 0
481 777 0
482 691 0
483 541 0
485 486 0
486 593 0
487 781 0
489 507 0
489 714 0
491 683 0
492 552 0
493 528 0
494 709 0
496 739 0
497 715 0
497 757 0
499 653 0
503 727 0
503 745 0
503 752 0
504 781 0
506 792 0
507 782 0
509 607 0
510 589 0
512 577 0
513 696 0
517 525 0
517 604 0
517 647 0
517 671 0
521 589 0
522 754 0
524 795 0
526 676 0
528 597 0
528 684 0
530 550 0
532 730 0
535 592 0
535 738 0
537 568 0
539 568 0
539 794 0
541 646 0
541 654 0
541 709 0
544 590 0
545 589 0
548 718 0
549 653 0
550 738 0
552 560 0
552 725 0
554 600 0
556 796 0
559 643 0
559 711 0
562 741 0
563 745 0
565 575 0
566 570 0
568 779 0
572 650 0
572 692 0
574 745 0
575 766 0
576 614 0
581 675 0
583 665 0
586 661 0
586 768 0
587 691 0
588 655 0
588 689 0
588 738 0
600 750 0
605 779 0
606 629 0
608 684 0
608 736 0
611 705 0
613 701 0
617 626 0
617 716 0
618 800 0
623 630 0
623 735 0
623 756 0
624 751 0
627 706 0
627 708 0
632 653 0
632 670 0
634 649 0
639 749 0
639 797 0
640 673 0
644 670 0
647 733 0
648 678 0
649 786 0
652 720 0
658 795 0
659 714 0
662 703 0
662 714 0
673 724 0
678 729 0
678 731 0
680 706 0
682 747 0
683 746 0
688 691 0
688 792 0
694 732 0
701 764 0
703 799 0
704 706 0
705 719 0
707 773 0
708 717 0
714 764 0
715 754 0
715 791 0
718 763 0
723 783 0
727 788 0
733 789 0
740 775 0
742 799 0
750 785 0
761 776 0
