140 229 0
1 94 0
2 17 0
2 103 0
2 129 0
3 83 0
3 96 0
4 35 0
4 44 0
4 93 0
4 114 0
4 140 0
5 93 0
5 101 0
6 77 0
6 115 0
7 15 0
7 18 0
7 134 0
8 40 0
8 47 0
9 10 0
9 102 0
10 50 0
10 64 0
10 86 0
10 88 0
11 18 0
11 30 0
11 39 0
11 110 0
11 132 0
12 79 0
12 118 0
13 62 0
13 80 0
13 87 0
13 122 0
14 31 0
14 68 0
14 84 0
15 25 0
15 43 0
15 57 0
15 119 0
16 19 0
16 74 0
16 111 0
17 40 0
18 133 0
19 115 0
19 118 0
20 40 0
20 77 0
21 90 0
22 97 0
22 138 0
23 48 0
23 54 0
23 76 0
23 81 0
23 89 0
23 140 0
24 39 0
24 57 0
24 62 0
24 70 0
24 103 0
25 34 0
25 40 0
25 133 0
25 134 0
26 49 0
26 74 0
26 81 0
26 135 0
27 47 0
27 52 0
28 49 0
28 53 0
28 114 0
29 94 0
29 129 0
30 70 0
30 77 0
30 98 0
30 100 0
30 104 0
30 134 0
31 45 0
32 126 0
33 66 0
33 90 0
34 35 0
34 56 0
34 66 0
34 112 0
34 120 0
34 138 0
35 140 0
36 113 0
36 135 0
37 43 0
37 51 0
37 70 0
37 99 0
37 103 0
37 120 0
38 47 0
38 135 0
39 44 0
39 99 0
39 133 0
40 75 0
40 139 0
41 98 0
42 111 0
44 59 0
44 68 0
44 81 0
44 125 0
45 59 0
45 61 0
45 96 0
45 98 0
45 108 0
46 51 0
46 118 0
47 88 0
47 91 0
47 120 0
48 77 0
49 51 0
50 62 0
50 114 0
51 82 0
51 83 0
51 106 0
51 111 0
52 73 0
52 88 0
52 95 0
52 113 0
52 119 0
52 130 0
53 59 0
53 72 0
53 99 0
53 129 0
54 137 0
55 103 0
57 111 0
57 113 0
58 111 0
59 115 0
59 122 0
60 92 0
60 134 0
61 87 0
61 103 0
61 137 0
62 96 0
62 118 0
62 127 0
63 98 0
63 114 0
63 119 0
64 121 0
65 126 0
66 134 0
67 93 0
68 78 0
68 90 0
68 118 0
69 76 0
69 85 0
69 101 0
69 138 0
70 84 0
71 134 0
72 124 0
73 131 0
75 96 0
75 109 0
76 90 0
76 121 0
76 133 0
76 137 0
77 78 0
77 79 0
77 82 0
78 85 0
78 95 0
79 110 0
79 139 0
81 94 0
81 126 0
82 120 0
84 97 0
84 121 0
87 115 0
87 120 0
88 133 0
89 113 0
89 117 0
92 99 0
92 135 0
93 117 0
94 105 0
94 129 0
96 128 0
98 127 0
99 114 0
99 125 0
99 130 0
100 137 0
102 114 0
103 124 0
104 115 0
105 119 0
107 140 0
109 126 0
110 135 0
113 136 0
114 123 0
115 116 0
116 118 0
118 132 0
130 134 0
131 137 0
