250 369 0
1 140 0
1 142 0
2 91 0
2 152 0
3 37 0
3 48 0
3 105 0
3 130 0
3 177 0
3 189 0
4 77 0
4 182 0
5 73 0
5 89 0
6 81 0
7 22 0
7 151 0
8 30 0
8 240 0
9 205 0
9 231 0
10 70 0
10 156 0
10 199 0
10 214 0
11 74 0
11 125 0
11 145 0
11 218 0
12 40 0
13 221 0
14 109 0
14 186 0
14 194 0
15 175 0
16 221 0
17 71 0
18 173 0
19 165 0
19 188 0
20 41 0
20 207 0
21 149 0
22 59 0
22 88 0
22 90 0
22 95 0
22 228 0
23 26 0
23 198 0
24 29 0
24 140 0
25 192 0
26 237 0
27 35 0
27 85 0
28 94 0
28 139 0
28 186 0
29 50 0
29 108 0
29 224 0
29 236 0
30 144 0
31 117 0
31 124 0
31 130 0
31 209 0
32 93 0
32 198 0
32 202 0
33 87 0
33 94 0
33 135 0
33 162 0
33 227 0
33 248 0
34 188 0
34 214 0
35 130 0
35 165 0
36 160 0
37 106 0
37 129 0
37 132 0
37 146 0
38 137 0
38 158 0
38 170 0
39 162 0
40 50 0
40 172 0
40 215 0
41 45 0
41 56 0
41 64 0
41 113 0
42 144 0
42 151 0
42 237 0
43 131 0
44 231 0
45 101 0
45 115 0
45 238 0
46 194 0
46 232 0
47 175 0
48 70 0
48 143 0
48 239 0
49 182 0
50 144 0
50 177 0
51 85 0
51 129 0
52 81 0
53 162 0
53 242 0
54 188 0
54 200 0
55 69 0
55 74 0
55 124 0
56 73 0
57 58 0
58 111 0
58 113 0
58 145 0
58 193 0
59 94 0
59 212 0
59 232 0
59 235 0
60 194 0
61 167 0
62 166 0
62 238 0
63 240 0
64 200 0
65 124 0
65 234 0
66 202 0
66 239 0
67 69 0
68 82 0
68 185 0
69 89 0
69 96 0
69 154 0
69 209 0
70 166 0
70 198 0
70 200 0
71 103 0
71 129 0
71 134 0
71 239 0
72 233 0
72 240 0
73 87 0
73 93 0
73 113 0
75 223 0
76 131 0
76 151 0
76 231 0
76 233 0
77 82 0
77 193 0
77 222 0
78 125 0
78 194 0
79 119 0
79 186 0
79 230 0
79 249 0
80 153 0
81 106 0
81 249 0
82 167 0
82 196 0
82 209 0
83 117 0
83 120 0
83 132 0
83 245 0
84 170 0
84 174 0
85 95 0
85 185 0
86 122 0
87 153 0
87 161 0
87 218 0
88 204 0
88 224 0
90 91 0
90 140 0
90 170 0
91 104 0
91 109 0
91 110 0
92 185 0
92 188 0
94 101 0
94 176 0
94 190 0
95 144 0
95 165 0
95 222 0
97 148 0
97 178 0
97 191 0
98 204 0
99 151 0
99 184 0
99 190 0
100 234 0
102 222 0
103 120 0
105 228 0
105 233 0
106 191 0
106 225 0
106 234 0
107 202 0
107 221 0
108 224 0
110 160 0
112 223 0
112 235 0
113 233 0
113 240 0
114 149 0
114 160 0
114 180 0
114 192 0
114 233 0
115 131 0
115 231 0
116 158 0
116 247 0
118 197 0
119 133 0
119 222 0
120 140 0
120 237 0
121 232 0
122 146 0
122 148 0
122 181 0
122 244 0
123 225 0
123 246 0
124 134 0
124 152 0
124 174 0
124 239 0
125 128 0
125 130 0
125 158 0
125 161 0
126 222 0
127 165 0
128 160 0
129 225 0
130 171 0
130 172 0
130 201 0
131 150 0
131 154 0
132 232 0
132 238 0
133 153 0
136 142 0
136 167 0
136 187 0
137 157 0
137 164 0
137 168 0
137 199 0
138 171 0
138 237 0
139 237 0
140 163 0
140 226 0
141 238 0
142 182 0
143 186 0
143 188 0
143 197 0
144 178 0
144 184 0
144 186 0
146 204 0
146 221 0
147 170 0
149 230 0
149 233 0
149 247 0
150 171 0
151 155 0
151 190 0
153 187 0
157 177 0
157 182 0
157 202 0
158 200 0
158 243 0
159 160 0
159 238 0
160 200 0
161 209 0
161 228 0
162 206 0
162 219 0
163 198 0
163 228 0
165 194 0
166 169 0
166 195 0
166 229 0
167 206 0
167 210 0
169 229 0
170 250 0
171 208 0
172 185 0
173 205 0
173 207 0
173 209 0
174 214 0
175 206 0
175 211 0
177 203 0
179 198 0
180 197 0
180 230 0
181 204 0
183 192 0
184 191 0
188 234 0
189 225 0
190 191 0
191 241 0
192 217 0
192 219 0
194 203 0
194 246 0
197 213 0
198 211 0
199 218 0
202 242 0
203 223 0
203 237 0
205 238 0
206 228 0
208 232 0
209 243 0
210 250 0
212 216 0
215 223 0
216 234 0
220 223 0
223 234 0
234 239 0
239 244 0
244 250 0
