200 267 0
1 142 0
2 189 0
3 10 0
3 161 0
3 162 0
3 190 0
4 44 0
5 72 0
5 120 0
5 122 0
6 28 0
7 16 0
7 87 0
7 95 0
7 106 0
7 126 0
8 189 0
9 12 0
9 58 0
9 86 0
9 104 0
10 96 0
11 102 0
13 97 0
14 21 0
14 54 0
15 182 0
16 27 0
16 46 0
17 19 0
18 85 0
19 35 0
19 88 0
19 104 0
19 156 0
20 121 0
20 138 0
20 158 0
20 162 0
21 29 0
21 39 0
21 85 0
21 122 0
21 137 0
21 179 0
22 102 0
23 135 0
24 63 0
24 92 0
25 57 0
26 36 0
26 75 0
26 85 0
27 55 0
28 49 0
28 169 0
28 186 0
29 167 0
30 120 0
31 46 0
31 93 0
32 100 0
32 111 0
32 117 0
33 84 0
33 133 0
33 159 0
33 171 0
34 104 0
34 134 0
34 153 0
34 175 0
36 102 0
36 173 0
37 137 0
38 46 0
38 168 0
39 76 0
39 79 0
39 104 0
39 132 0
39 193 0
40 54 0
40 59 0
40 187 0
41 135 0
41 137 0
42 151 0
43 56 0
43 95 0
44 45 0
44 82 0
44 138 0
44 143 0
46 63 0
46 184 0
47 54 0
47 69 0
47 146 0
48 87 0
48 165 0
49 95 0
50 60 0
50 140 0
51 103 0
52 89 0
52 114 0
53 107 0
54 144 0
55 80 0
55 132 0
55 156 0
55 178 0
56 93 0
56 168 0
57 132 0
57 173 0
57 191 0
59 77 0
59 128 0
59 200 0
60 63 0
60 75 0
60 92 0
60 99 0
60 187 0
61 122 0
62 142 0
63 67 0
63 70 0
64 142 0
64 194 0
65 73 0
66 163 0
67 129 0
67 176 0
67 198 0
67 200 0
68 92 0
68 108 0
68 167 0
68 199 0
69 182 0
70 133 0
70 144 0
70 158 0
70 179 0
71 93 0
72 114 0
73 123 0
73 162 0
73 173 0
73 193 0
74 151 0
76 112 0
76 199 0
77 85 0
78 189 0
79 112 0
79 126 0
79 158 0
81 107 0
82 163 0
83 100 0
83 127 0
85 113 0
87 88 0
87 89 0
90 135 0
91 119 0
91 127 0
91 155 0
91 177 0
92 166 0
92 185 0
93 139 0
93 165 0
93 170 0
94 129 0
94 163 0
95 116 0
95 153 0
95 172 0
96 167 0
97 111 0
97 121 0
97 145 0
97 148 0
98 114 0
98 124 0
100 109 0
100 155 0
101 149 0
101 168 0
102 132 0
103 138 0
103 160 0
103 179 0
104 188 0
105 135 0
106 147 0
106 156 0
106 174 0
106 182 0
106 192 0
107 125 0
107 176 0
108 125 0
108 155 0
108 158 0
109 189 0
110 151 0
112 130 0
112 133 0
112 136 0
113 183 0
114 121 0
114 132 0
114 144 0
114 158 0
115 167 0
117 199 0
118 127 0
118 144 0
118 194 0
119 149 0
120 125 0
120 156 0
120 197 0
121 128 0
121 182 0
122 141 0
122 146 0
122 171 0
124 133 0
124 152 0
124 181 0
124 188 0
125 142 0
126 170 0
126 186 0
128 145 0
128 150 0
131 140 0
135 170 0
137 195 0
138 140 0
140 149 0
142 182 0
143 175 0
144 164 0
147 150 0
151 164 0
151 170 0
154 170 0
154 182 0
155 168 0
157 182 0
157 183 0
162 189 0
163 186 0
164 183 0
169 176 0
180 199 0
183 186 0
184 200 0
196 199 0
