200 289 0
1 79 0
1 134 0
2 20 0
2 42 0
2 129 0
2 153 0
2 200 0
3 12 0
3 196 0
4 93 0
5 34 0
5 106 0
5 107 0
5 176 0
5 196 0
6 20 0
6 51 0
6 76 0
6 97 0
6 163 0
6 177 0
6 185 0
7 139 0
8 73 0
8 110 0
8 138 0
8 172 0
9 57 0
9 91 0
9 96 0
10 23 0
10 126 0
10 155 0
10 197 0
11 138 0
12 63 0
12 107 0
12 169 0
12 193 0
12 199 0
13 161 0
14 73 0
15 77 0
16 20 0
16 31 0
16 79 0
16 169 0
17 54 0
17 93 0
18 159 0
19 39 0
20 103 0
20 157 0
20 171 0
21 69 0
21 132 0
22 67 0
22 107 0
23 30 0
24 132 0
24 139 0
24 154 0
24 169 0
25 61 0
25 104 0
25 109 0
25 150 0
25 199 0
26 142 0
26 169 0
27 99 0
27 147 0
27 186 0
28 90 0
28 176 0
29 40 0
29 73 0
29 137 0
29 138 0
29 166 0
29 181 0
30 76 0
30 118 0
30 138 0
30 147 0
30 191 0
31 62 0
31 71 0
31 178 0
32 103 0
33 47 0
33 48 0
33 118 0
34 58 0
34 60 0
34 94 0
34 126 0
35 38 0
35 46 0
35 60 0
35 117 0
35 122 0
35 144 0
36 161 0
37 49 0
37 130 0
37 158 0
37 160 0
38 58 0
38 131 0
39 188 0
39 194 0
39 195 0
40 171 0
41 52 0
41 180 0
42 108 0
42 168 0
43 53 0
43 60 0
43 77 0
43 129 0
44 121 0
44 136 0
45 152 0
47 72 0
48 111 0
48 137 0
49 106 0
50 52 0
51 91 0
51 96 0
51 125 0
51 190 0
52 94 0
52 162 0
52 199 0
53 164 0
54 101 0
54 105 0
55 191 0
56 103 0
56 139 0
57 133 0
58 76 0
58 78 0
58 79 0
58 166 0
58 178 0
59 82 0
59 131 0
60 62 0
60 121 0
60 164 0
61 133 0
61 137 0
61 161 0
62 100 0
62 102 0
62 179 0
64 82 0
65 138 0
66 171 0
67 166 0
68 95 0
68 159 0
69 92 0
69 187 0
70 105 0
71 74 0
71 86 0
71 92 0
72 98 0
72 108 0
72 126 0
72 154 0
73 85 0
73 166 0
74 91 0
74 135 0
75 196 0
76 124 0
77 105 0
77 162 0
77 169 0
78 160 0
78 165 0
78 199 0
79 137 0
80 107 0
81 138 0
81 149 0
82 126 0
82 167 0
83 152 0
83 156 0
84 171 0
84 195 0
85 131 0
87 99 0
87 133 0
87 163 0
88 112 0
88 187 0
89 196 0
90 164 0
91 115 0
91 124 0
91 138 0
91 184 0
93 169 0
93 182 0
95 118 0
97 116 0
97 157 0
97 170 0
99 147 0
100 186 0
101 196 0
103 128 0
104 161 0
105 124 0
105 198 0
106 111 0
107 131 0
108 163 0
110 139 0
111 146 0
111 195 0
112 176 0
113 134 0
114 142 0
117 185 0
118 136 0
118 191 0
119 172 0
120 166 0
121 127 0
121 181 0
123 178 0
123 198 0
124 172 0
128 174 0
129 147 0
130 168 0
132 152 0
132 160 0
132 175 0
133 140 0
134 139 0
134 156 0
134 160 0
135 161 0
135 162 0
137 180 0
137 195 0
138 172 0
139 149 0
139 169 0
139 196 0
141 172 0
141 175 0
141 176 0
142 186 0
142 195 0
143 176 0
144 154 0
144 155 0
144 163 0
145 187 0
147 154 0
148 152 0
150 178 0
151 178 0
152 165 0
159 174 0
159 199 0
160 199 0
163 192 0
164 183 0
165 185 0
165 187 0
166 177 0
166 198 0
168 178 0
169 187 0
172 180 0
173 191 0
189 191 0
