60 83 0
1 20 0
2 47 0
3 35 0
4 29 0
4 33 0
4 41 0
5 32 0
5 41 0
5 44 0
5 58 0
6 20 0
6 27 0
6 34 0
6 58 0
7 33 0
7 37 0
7 51 0
7 58 0
8 47 0
9 20 0
9 41 0
9 60 0
10 56 0
11 26 0
11 43 0
11 46 0
11 48 0
12 48 0
13 22 0
13 25 0
13 50 0
14 16 0
14 31 0
14 51 0
14 54 0
15 35 0
15 47 0
17 35 0
17 46 0
17 47 0
17 58 0
18 26 0
18 27 0
18 33 0
19 34 0
20 39 0
20 49 0
21 46 0
21 54 0
22 24 0
22 28 0
22 40 0
22 43 0
22 51 0
23 27 0
24 30 0
25 53 0
26 48 0
26 55 0
27 33 0
29 56 0
30 34 0
30 46 0
31 39 0
34 50 0
34 60 0
35 45 0
36 41 0
36 53 0
37 38 0
37 48 0
37 52 0
37 56 0
38 40 0
38 42 0
38 49 0
38 57 0
40 41 0
43 56 0
47 59 0
48 55 0
51 53 0
52 53 0
