1000 1239 0
1 844 0
2 722 0
3 349 0
3 778 0
3 886 0
4 552 0
5 746 0
6 512 0
7 415 0
7 805 0
7 998 0
8 119 0
8 379 0
8 765 0
9 979 0
10 206 0
11 510 0
12 904 0
13 108 0
13 182 0
13 315 0
13 635 0
13 913 0
14 585 0
15 87 0
16 515 0
16 595 0
16 635 0
16 735 0
17 414 0
18 35 0
18 573 0
18 750 0
19 88 0
19 130 0
19 775 0
20 623 0
21 643 0
22 508 0
22 626 0
22 763 0
23 87 0
23 190 0
23 216 0
23 497 0
24 28 0
24 153 0
24 165 0
24 392 0
24 810 0
24 824 0
25 380 0
25 390 0
25 593 0
25 705 0
25 744 0
26 243 0
26 540 0
26 972 0
27 277 0
28 130 0
28 314 0
29 284 0
29 359 0
29 617 0
29 797 0
30 456 0
31 393 0
32 963 0
33 565 0
34 905 0
35 39 0
35 80 0
35 283 0
35 827 0
36 300 0
36 779 0
36 817 0
36 855 0
37 189 0
37 281 0
37 347 0
37 380 0
37 584 0
37 618 0
38 595 0
38 625 0
38 653 0
38 902 0
38 982 0
39 545 0
39 658 0
40 166 0
40 231 0
40 393 0
41 202 0
41 537 0
41 781 0
41 927 0
42 46 0
42 220 0
42 236 0
42 938 0
42 970 0
43 332 0
43 496 0
43 691 0
43 803 0
43 882 0
44 750 0
45 415 0
46 346 0
46 597 0
46 981 0
47 747 0
48 376 0
49 329 0
49 719 0
49 839 0
50 941 0
51 427 0
51 464 0
51 613 0
51 858 0
51 969 0
52 881 0
53 917 0
54 428 0
55 344 0
56 477 0
56 739 0
56 871 0
56 964 0
57 197 0
57 248 0
57 283 0
57 413 0
57 488 0
57 683 0
58 295 0
59 191 0
60 327 0
60 425 0
60 568 0
60 768 0
61 902 0
62 836 0
63 568 0
64 542 0
64 661 0
64 746 0
64 979 0
65 196 0
65 200 0
65 597 0
65 975 0
66 208 0
66 242 0
66 389 0
66 411 0
66 680 0
67 89 0
67 545 0
67 863 0
68 870 0
69 115 0
69 295 0
69 544 0
70 565 0
70 625 0
70 980 0
71 979 0
72 242 0
72 578 0
72 744 0
73 309 0
73 311 0
73 353 0
73 533 0
74 311 0
74 456 0
74 543 0
75 722 0
76 79 0
76 319 0
76 610 0
76 695 0
76 885 0
77 456 0
77 592 0
77 940 0
78 88 0
79 186 0
79 653 0
79 794 0
81 191 0
81 327 0
81 454 0
81 515 0
81 886 0
82 539 0
83 970 0
84 206 0
85 482 0
86 284 0
86 376 0
86 947 0
87 147 0
87 755 0
87 909 0
88 161 0
88 291 0
89 192 0
89 680 0
89 716 0
89 966 0
90 101 0
91 326 0
91 453 0
91 531 0
91 653 0
91 903 0
92 725 0
92 853 0
92 871 0
92 950 0
93 139 0
94 414 0
95 442 0
96 625 0
97 507 0
98 727 0
99 231 0
99 563 0
99 726 0
99 768 0
100 411 0
100 839 0
100 844 0
101 686 0
101 810 0
101 955 0
102 163 0
102 354 0
102 532 0
102 540 0
102 543 0
103 270 0
104 384 0
104 396 0
104 784 0
105 133 0
105 168 0
105 202 0
105 573 0
105 722 0
106 424 0
106 529 0
106 791 0
106 858 0
107 716 0
108 214 0
108 512 0
108 923 0
109 449 0
110 542 0
111 794 0
112 539 0
113 166 0
113 340 0
113 688 0
114 498 0
115 390 0
115 557 0
115 643 0
115 917 0
116 829 0
117 501 0
118 294 0
119 135 0
119 147 0
119 578 0
119 788 0
120 693 0
121 643 0
122 469 0
123 126 0
123 573 0
123 734 0
124 349 0
124 546 0
124 581 0
124 729 0
124 837 0
125 972 0
126 470 0
126 690 0
126 727 0
127 585 0
128 747 0
129 221 0
129 473 0
129 835 0
129 959 0
129 981 0
130 520 0
130 637 0
130 705 0
130 984 0
131 220 0
132 296 0
133 730 0
133 832 0
133 861 0
133 999 0
134 235 0
136 454 0
137 208 0
138 841 0
139 246 0
139 436 0
139 533 0
139 828 0
139 930 0
140 592 0
141 870 0
142 708 0
143 554 0
144 168 0
145 154 0
145 516 0
145 730 0
145 842 0
145 864 0
146 360 0
146 642 0
146 672 0
146 851 0
147 810 0
148 447 0
148 667 0
148 852 0
148 858 0
148 911 0
149 764 0
150 441 0
151 566 0
152 767 0
155 179 0
155 180 0
155 270 0
156 544 0
156 545 0
156 680 0
156 972 0
157 378 0
157 656 0
157 878 0
158 192 0
158 708 0
158 764 0
159 516 0
159 684 0
159 850 0
159 940 0
160 838 0
162 295 0
164 512 0
166 346 0
166 410 0
166 450 0
167 246 0
167 267 0
167 320 0
167 353 0
168 224 0
168 292 0
168 410 0
169 500 0
169 776 0
169 957 0
170 453 0
170 543 0
170 573 0
171 673 0
172 318 0
172 425 0
172 656 0
173 595 0
174 246 0
174 329 0
174 701 0
175 748 0
176 215 0
177 411 0
178 580 0
179 302 0
179 584 0
179 953 0
179 994 0
180 367 0
180 629 0
180 890 0
180 953 0
181 763 0
182 750 0
182 841 0
183 809 0
184 595 0
185 297 0
186 439 0
186 698 0
186 774 0
187 252 0
188 829 0
190 433 0
190 646 0
190 776 0
191 534 0
191 696 0
192 343 0
192 825 0
192 924 0
192 990 0
193 426 0
193 522 0
193 621 0
193 725 0
193 953 0
194 501 0
195 535 0
197 497 0
197 653 0
197 719 0
198 819 0
199 585 0
201 471 0
201 630 0
201 666 0
201 789 0
201 945 0
202 627 0
203 935 0
204 635 0
205 625 0
206 694 0
206 705 0
207 566 0
208 306 0
208 893 0
208 956 0
209 387 0
209 388 0
209 503 0
209 843 0
210 778 0
211 811 0
212 406 0
213 428 0
214 526 0
214 570 0
214 939 0
215 437 0
215 669 0
215 804 0
215 883 0
216 322 0
216 637 0
216 644 0
217 510 0
218 279 0
219 441 0
220 290 0
220 654 0
221 328 0
221 406 0
221 555 0
221 708 0
222 231 0
222 554 0
222 561 0
223 554 0
225 708 0
226 242 0
226 576 0
226 693 0
227 228 0
227 271 0
227 286 0
227 292 0
227 804 0
229 468 0
230 384 0
231 258 0
231 313 0
231 676 0
231 807 0
232 674 0
233 668 0
233 810 0
233 817 0
234 544 0
235 244 0
235 246 0
235 575 0
235 728 0
236 489 0
236 602 0
236 942 0
237 255 0
238 844 0
239 765 0
240 559 0
241 498 0
242 278 0
243 386 0
243 463 0
243 484 0
243 608 0
243 885 0
245 254 0
246 938 0
247 868 0
248 288 0
248 423 0
249 487 0
250 382 0
251 253 0
251 533 0
251 735 0
251 924 0
251 977 0
252 386 0
252 524 0
252 557 0
252 984 0
254 353 0
254 417 0
254 814 0
255 558 0
255 847 0
255 860 0
256 693 0
257 449 0
259 378 0
260 305 0
260 622 0
260 681 0
260 846 0
261 786 0
262 794 0
263 787 0
264 778 0
265 923 0
266 418 0
266 420 0
266 671 0
266 897 0
268 988 0
269 505 0
270 752 0
270 965 0
271 292 0
271 634 0
271 712 0
271 956 0
272 599 0
273 328 0
273 563 0
273 680 0
273 707 0
273 839 0
274 722 0
275 809 0
276 501 0
277 399 0
277 603 0
277 633 0
279 283 0
279 357 0
279 373 0
279 390 0
280 970 0
281 314 0
281 560 0
281 661 0
281 789 0
281 993 0
282 487 0
283 469 0
284 566 0
284 573 0
284 765 0
285 856 0
287 419 0
288 392 0
288 474 0
288 798 0
288 873 0
289 446 0
291 497 0
291 560 0
291 584 0
291 643 0
291 876 0
293 498 0
293 707 0
293 709 0
293 725 0
294 736 0
294 741 0
294 859 0
294 894 0
295 480 0
295 609 0
295 744 0
296 335 0
296 435 0
296 540 0
296 968 0
297 400 0
297 578 0
297 948 0
298 673 0
299 988 0
300 311 0
300 386 0
300 705 0
301 715 0
303 505 0
304 773 0
305 341 0
305 668 0
305 748 0
307 848 0
308 482 0
309 507 0
309 715 0
309 856 0
310 554 0
311 475 0
311 719 0
312 625 0
314 479 0
314 492 0
314 795 0
315 329 0
315 350 0
315 515 0
316 414 0
316 683 0
316 712 0
317 904 0
318 420 0
318 669 0
318 800 0
318 822 0
318 952 0
319 503 0
319 947 0
321 743 0
323 841 0
324 962 0
325 420 0
325 845 0
325 873 0
325 931 0
326 811 0
326 981 0
327 569 0
328 916 0
329 586 0
329 846 0
329 877 0
330 409 0
330 543 0
330 760 0
330 933 0
331 454 0
332 378 0
332 980 0
333 746 0
334 779 0
335 775 0
335 868 0
336 406 0
337 592 0
338 726 0
339 961 0
340 473 0
340 583 0
340 628 0
340 921 0
341 371 0
341 458 0
341 704 0
341 965 0
342 727 0
344 365 0
344 488 0
344 986 0
344 996 0
345 787 0
346 568 0
346 763 0
348 505 0
349 433 0
349 470 0
349 874 0
349 961 0
350 543 0
350 611 0
350 943 0
351 509 0
352 568 0
353 561 0
355 576 0
356 856 0
358 855 0
360 877 0
360 980 0
361 579 0
361 773 0
361 844 0
361 863 0
362 905 0
363 427 0
363 445 0
363 688 0
363 862 0
363 872 0
364 384 0
366 640 0
368 521 0
368 588 0
368 656 0
368 736 0
369 734 0
370 935 0
371 531 0
371 754 0
372 512 0
374 535 0
374 573 0
374 599 0
374 701 0
375 452 0
375 636 0
375 845 0
375 900 0
376 380 0
376 802 0
376 860 0
377 446 0
378 804 0
379 385 0
379 416 0
379 691 0
379 757 0
380 532 0
381 809 0
382 675 0
382 737 0
382 869 0
383 658 0
384 427 0
386 433 0
386 868 0
389 726 0
389 941 0
390 993 0
391 453 0
392 545 0
393 457 0
393 491 0
393 691 0
394 419 0
395 747 0
396 467 0
396 774 0
396 831 0
396 869 0
396 919 0
397 767 0
398 821 0
401 544 0
402 640 0
403 576 0
404 963 0
405 510 0
405 556 0
405 707 0
406 448 0
406 647 0
407 913 0
408 821 0
410 674 0
411 679 0
411 736 0
412 701 0
413 441 0
413 767 0
413 962 0
414 533 0
414 607 0
415 424 0
415 549 0
415 806 0
415 846 0
415 888 0
417 521 0
417 735 0
419 682 0
419 896 0
420 505 0
420 789 0
421 673 0
422 941 0
423 460 0
423 728 0
423 880 0
424 502 0
424 634 0
425 458 0
425 721 0
425 808 0
427 497 0
427 532 0
428 536 0
428 965 0
429 783 0
430 709 0
431 988 0
432 765 0
433 875 0
434 601 0
438 743 0
440 552 0
441 587 0
442 486 0
442 525 0
442 801 0
443 855 0
444 817 0
446 551 0
446 913 0
449 458 0
449 907 0
451 724 0
451 932 0
451 936 0
451 940 0
452 456 0
452 578 0
452 776 0
453 688 0
453 766 0
454 879 0
455 961 0
456 519 0
456 521 0
458 530 0
459 916 0
461 786 0
462 539 0
465 470 0
465 783 0
465 917 0
466 601 0
466 676 0
466 754 0
466 809 0
466 874 0
468 732 0
468 958 0
468 965 0
469 527 0
469 792 0
470 683 0
470 875 0
470 944 0
471 838 0
471 903 0
472 768 0
473 811 0
473 983 0
475 578 0
475 610 0
475 682 0
475 699 0
476 748 0
476 821 0
476 857 0
478 716 0
480 653 0
480 715 0
481 750 0
482 490 0
482 781 0
483 993 0
485 761 0
486 627 0
486 764 0
486 877 0
486 917 0
487 663 0
487 943 0
488 775 0
488 783 0
488 881 0
493 555 0
494 633 0
494 809 0
494 876 0
495 556 0
498 835 0
499 510 0
499 565 0
499 747 0
499 899 0
500 508 0
500 594 0
500 674 0
500 910 0
500 971 0
501 597 0
502 859 0
502 931 0
502 968 0
503 769 0
503 836 0
503 998 0
504 635 0
506 576 0
507 659 0
507 826 0
507 910 0
508 586 0
508 654 0
508 691 0
508 860 0
509 528 0
509 624 0
509 682 0
510 772 0
510 775 0
511 857 0
512 757 0
513 805 0
514 761 0
515 871 0
515 940 0
516 663 0
516 980 0
517 530 0
518 623 0
521 899 0
521 963 0
523 535 0
530 770 0
530 967 0
531 546 0
531 589 0
531 920 0
533 744 0
535 562 0
535 606 0
538 726 0
539 918 0
540 635 0
541 701 0
542 572 0
542 692 0
543 709 0
544 612 0
545 639 0
545 938 0
546 676 0
547 971 0
548 886 0
549 768 0
549 863 0
550 903 0
552 562 0
552 860 0
553 565 0
554 852 0
555 630 0
555 922 0
555 974 0
556 830 0
556 835 0
557 874 0
559 757 0
559 799 0
559 845 0
560 923 0
561 702 0
561 777 0
561 885 0
562 576 0
563 609 0
563 784 0
563 852 0
563 878 0
564 902 0
566 915 0
567 971 0
569 590 0
569 742 0
569 943 0
571 715 0
573 981 0
574 764 0
576 699 0
576 977 0
577 690 0
578 816 0
579 586 0
579 864 0
579 869 0
580 646 0
580 677 0
580 859 0
580 991 0
582 794 0
585 597 0
586 874 0
591 836 0
592 864 0
594 745 0
594 867 0
594 898 0
594 951 0
595 659 0
596 993 0
598 763 0
599 648 0
599 782 0
600 993 0
601 718 0
601 928 0
604 903 0
605 743 0
609 901 0
609 960 0
610 943 0
611 761 0
611 841 0
611 988 0
614 754 0
615 748 0
616 773 0
619 768 0
620 734 0
623 776 0
623 918 0
623 992 0
626 655 0
626 682 0
626 713 0
626 714 0
627 690 0
627 763 0
630 836 0
631 980 0
632 998 0
633 848 0
633 874 0
633 916 0
634 649 0
634 775 0
635 833 0
637 668 0
638 980 0
640 740 0
640 810 0
641 881 0
643 929 0
645 716 0
646 761 0
647 691 0
647 998 0
650 844 0
651 966 0
652 709 0
653 978 0
654 873 0
656 778 0
656 839 0
657 690 0
658 687 0
658 780 0
659 983 0
660 674 0
661 728 0
661 931 0
662 917 0
663 878 0
664 935 0
665 901 0
666 786 0
666 819 0
666 877 0
668 866 0
668 946 0
668 956 0
668 986 0
669 998 0
670 727 0
673 845 0
674 815 0
676 852 0
678 805 0
683 775 0
685 979 0
688 836 0
689 905 0
690 699 0
693 758 0
693 864 0
697 848 0
699 750 0
700 746 0
703 886 0
704 719 0
704 769 0
704 899 0
706 923 0
707 804 0
707 810 0
707 953 0
708 711 0
709 818 0
710 767 0
712 781 0
712 878 0
712 887 0
712 895 0
714 768 0
714 838 0
715 730 0
717 754 0
720 748 0
723 962 0
726 912 0
727 871 0
727 910 0
727 930 0
728 829 0
731 963 0
733 960 0
734 859 0
735 768 0
738 876 0
743 918 0
745 881 0
745 947 0
749 868 0
751 983 0
753 966 0
756 765 0
759 904 0
761 823 0
762 916 0
767 875 0
768 982 0
769 781 0
769 851 0
771 841 0
773 997 0
774 979 0
778 840 0
778 943 0
779 889 0
779 926 0
779 959 0
780 838 0
780 877 0
780 980 0
783 812 0
784 848 0
784 961 0
785 816 0
786 793 0
787 968 0
787 973 0
790 876 0
796 901 0
805 968 0
807 855 0
807 876 0
811 937 0
813 816 0
816 865 0
816 866 0
817 949 0
819 854 0
819 914 0
820 902 0
821 873 0
829 834 0
835 905 0
838 978 0
839 931 0
839 981 0
849 966 0
851 947 0
851 957 0
852 870 0
856 930 0
857 913 0
857 954 0
857 985 0
863 866 0
863 976 0
869 941 0
870 989 0
873 904 0
878 980 0
884 960 0
891 972 0
892 971 0
899 918 0
901 908 0
906 947 0
916 986 0
924 962 0
925 957 0
934 970 0
935 940 0
957 982 0
957 987 0
959 961 0
960 1000 0
962 995 0
970 978 0
977 983 0
983 984 0
