800 886 0
1 556 0
2 352 0
3 522 0
3 736 0
3 737 0
4 334 0
5 551 0
6 464 0
7 473 0
8 407 0
9 184 0
10 252 0
10 350 0
10 465 0
10 534 0
11 99 0
11 177 0
11 424 0
11 502 0
12 591 0
13 36 0
13 101 0
13 348 0
13 454 0
13 716 0
14 113 0
14 449 0
14 639 0
14 693 0
15 270 0
15 416 0
15 442 0
15 787 0
16 24 0
16 286 0
16 374 0
16 545 0
16 704 0
17 618 0
18 69 0
18 113 0
18 316 0
19 154 0
20 347 0
21 34 0
21 125 0
21 182 0
21 751 0
22 380 0
22 688 0
22 785 0
22 789 0
23 80 0
23 236 0
23 678 0
25 430 0
26 633 0
27 112 0
28 60 0
29 138 0
29 247 0
29 305 0
29 482 0
30 724 0
31 717 0
32 779 0
33 322 0
35 511 0
36 136 0
36 340 0
37 693 0
38 87 0
39 99 0
40 99 0
41 393 0
42 145 0
43 319 0
44 86 0
44 397 0
44 488 0
44 720 0
45 230 0
45 313 0
45 692 0
45 797 0
46 113 0
47 109 0
47 354 0
47 629 0
47 688 0
48 56 0
48 345 0
48 754 0
48 767 0
49 441 0
50 648 0
51 230 0
51 233 0
51 519 0
51 576 0
52 95 0
53 150 0
53 326 0
53 542 0
54 376 0
55 762 0
57 177 0
57 262 0
57 484 0
57 687 0
58 498 0
59 724 0
60 155 0
60 439 0
60 566 0
61 302 0
62 193 0
62 241 0
62 390 0
62 417 0
62 737 0
63 127 0
64 136 0
64 160 0
64 285 0
64 442 0
65 92 0
66 448 0
67 511 0
68 255 0
68 492 0
68 598 0
68 794 0
69 142 0
69 431 0
69 564 0
69 604 0
69 681 0
70 154 0
70 202 0
70 281 0
70 639 0
70 668 0
71 439 0
71 546 0
71 630 0
72 453 0
73 698 0
74 222 0
74 259 0
74 425 0
74 755 0
75 334 0
76 419 0
77 523 0
78 264 0
79 262 0
79 294 0
79 435 0
80 219 0
80 421 0
80 504 0
80 741 0
81 162 0
81 489 0
81 494 0
81 549 0
82 387 0
82 454 0
82 598 0
82 772 0
83 196 0
84 453 0
85 119 0
85 449 0
85 468 0
86 209 0
86 370 0
86 725 0
87 94 0
87 135 0
87 654 0
88 760 0
89 334 0
90 285 0
90 332 0
90 750 0
90 795 0
91 661 0
92 107 0
92 289 0
92 408 0
93 240 0
93 368 0
93 469 0
93 645 0
95 652 0
95 685 0
95 719 0
96 142 0
96 321 0
96 448 0
96 639 0
97 485 0
97 500 0
97 631 0
97 697 0
97 721 0
98 528 0
99 212 0
100 738 0
101 177 0
101 431 0
101 569 0
101 609 0
102 389 0
103 678 0
104 449 0
105 389 0
106 551 0
108 317 0
108 430 0
108 522 0
108 735 0
110 323 0
111 389 0
112 301 0
112 544 0
112 649 0
113 550 0
113 584 0
114 415 0
115 170 0
115 314 0
115 496 0
115 555 0
116 517 0
117 735 0
118 127 0
118 275 0
118 761 0
118 762 0
119 227 0
119 446 0
119 691 0
120 245 0
121 790 0
122 215 0
122 230 0
122 491 0
122 781 0
123 738 0
124 779 0
125 396 0
125 421 0
125 613 0
126 290 0
126 474 0
126 562 0
126 590 0
126 788 0
127 169 0
127 341 0
128 174 0
128 321 0
128 454 0
128 541 0
129 736 0
130 315 0
131 192 0
131 256 0
131 457 0
131 574 0
131 729 0
131 788 0
132 245 0
132 362 0
132 537 0
132 638 0
133 347 0
134 281 0
135 251 0
135 400 0
135 569 0
135 696 0
136 242 0
136 421 0
137 424 0
139 631 0
140 141 0
141 286 0
141 374 0
141 545 0
141 599 0
142 243 0
143 330 0
144 268 0
144 507 0
144 541 0
144 694 0
144 764 0
145 510 0
145 607 0
145 759 0
146 185 0
147 322 0
148 614 0
149 422 0
150 364 0
150 381 0
150 685 0
151 154 0
152 778 0
153 340 0
153 602 0
153 637 0
153 725 0
153 761 0
154 172 0
154 298 0
156 202 0
156 247 0
156 475 0
156 495 0
157 275 0
158 537 0
159 168 0
159 174 0
159 194 0
159 403 0
160 276 0
160 453 0
160 575 0
161 196 0
162 468 0
162 621 0
162 648 0
163 546 0
163 591 0
163 609 0
163 619 0
164 243 0
165 468 0
166 273 0
167 430 0
171 377 0
172 435 0
172 741 0
173 282 0
174 517 0
174 630 0
175 540 0
176 546 0
177 439 0
178 285 0
178 424 0
178 448 0
179 285 0
179 653 0
179 659 0
179 705 0
180 282 0
181 242 0
181 405 0
181 717 0
183 514 0
184 278 0
184 337 0
184 476 0
185 195 0
185 290 0
185 440 0
186 422 0
187 514 0
188 449 0
189 707 0
190 236 0
191 592 0
196 246 0
196 321 0
196 766 0
197 539 0
198 384 0
199 306 0
199 358 0
199 501 0
199 660 0
200 594 0
201 426 0
202 289 0
203 386 0
203 634 0
203 760 0
203 761 0
204 631 0
205 277 0
205 342 0
205 615 0
205 729 0
206 709 0
207 405 0
208 236 0
209 411 0
209 646 0
209 788 0
210 315 0
211 619 0
212 317 0
212 725 0
213 790 0
214 484 0
216 441 0
217 415 0
218 580 0
219 428 0
219 547 0
219 662 0
220 542 0
221 648 0
222 329 0
222 734 0
222 736 0
223 668 0
224 481 0
225 316 0
226 400 0
228 453 0
229 571 0
230 317 0
231 430 0
232 237 0
234 721 0
235 696 0
236 754 0
237 505 0
237 672 0
237 772 0
238 283 0
239 687 0
240 334 0
240 724 0
240 725 0
241 342 0
241 762 0
242 247 0
242 290 0
242 753 0
243 458 0
243 699 0
243 730 0
243 776 0
244 683 0
245 710 0
245 731 0
246 682 0
246 683 0
247 592 0
247 602 0
248 294 0
249 271 0
250 493 0
251 331 0
251 422 0
253 763 0
254 763 0
256 426 0
256 587 0
256 698 0
257 622 0
258 385 0
258 445 0
258 485 0
258 768 0
260 331 0
261 329 0
262 369 0
262 655 0
262 666 0
262 796 0
263 297 0
263 372 0
263 380 0
263 675 0
263 708 0
264 296 0
264 561 0
264 663 0
265 407 0
266 484 0
267 464 0
269 413 0
269 441 0
269 734 0
269 790 0
271 460 0
271 541 0
271 553 0
272 739 0
273 375 0
273 521 0
273 776 0
274 752 0
275 625 0
275 786 0
276 299 0
276 543 0
276 667 0
279 739 0
280 601 0
281 336 0
281 367 0
282 371 0
282 392 0
282 497 0
283 360 0
283 610 0
283 641 0
284 378 0
285 437 0
286 791 0
287 426 0
288 413 0
289 395 0
289 407 0
289 421 0
290 594 0
291 580 0
292 420 0
293 739 0
294 371 0
294 695 0
295 500 0
300 333 0
302 361 0
302 610 0
302 656 0
303 537 0
304 333 0
307 707 0
308 696 0
309 395 0
310 683 0
311 668 0
312 698 0
314 330 0
314 725 0
315 337 0
315 647 0
316 563 0
316 598 0
317 545 0
317 670 0
318 393 0
319 680 0
319 681 0
319 686 0
320 542 0
321 377 0
321 551 0
322 342 0
322 674 0
323 357 0
323 387 0
323 644 0
324 528 0
325 592 0
326 449 0
326 591 0
326 735 0
327 498 0
328 682 0
329 348 0
329 524 0
330 383 0
330 649 0
330 746 0
331 401 0
331 718 0
331 723 0
333 581 0
333 671 0
335 377 0
337 637 0
337 677 0
337 683 0
338 366 0
339 760 0
340 478 0
340 670 0
340 710 0
342 539 0
342 587 0
343 406 0
344 405 0
346 591 0
347 579 0
347 772 0
348 761 0
349 678 0
350 422 0
350 490 0
350 514 0
350 784 0
351 575 0
352 597 0
352 718 0
352 756 0
353 687 0
355 735 0
356 717 0
358 580 0
358 637 0
358 739 0
359 682 0
362 446 0
362 649 0
362 716 0
363 619 0
365 473 0
366 391 0
366 443 0
366 499 0
366 557 0
370 467 0
370 486 0
370 531 0
371 412 0
371 609 0
373 741 0
374 384 0
376 439 0
376 535 0
376 706 0
377 765 0
378 436 0
378 479 0
378 588 0
378 608 0
379 791 0
380 420 0
382 386 0
384 472 0
384 499 0
384 552 0
386 582 0
386 723 0
387 419 0
387 583 0
388 399 0
389 688 0
392 468 0
392 709 0
393 432 0
393 708 0
394 634 0
395 572 0
395 728 0
396 529 0
396 740 0
396 748 0
398 419 0
399 588 0
399 681 0
399 711 0
400 450 0
400 606 0
402 760 0
404 522 0
405 446 0
405 487 0
405 699 0
406 503 0
406 560 0
406 772 0
407 485 0
407 758 0
409 592 0
410 575 0
412 414 0
412 642 0
412 782 0
413 443 0
413 777 0
415 471 0
415 754 0
418 707 0
419 627 0
420 533 0
420 661 0
420 684 0
420 771 0
422 712 0
423 517 0
424 509 0
424 573 0
426 595 0
427 699 0
429 523 0
431 638 0
433 741 0
434 630 0
435 483 0
435 649 0
435 677 0
437 585 0
437 623 0
437 640 0
438 790 0
439 622 0
441 635 0
442 556 0
442 778 0
443 776 0
444 648 0
445 528 0
445 639 0
445 738 0
446 709 0
447 630 0
448 479 0
449 558 0
449 750 0
451 778 0
452 696 0
454 587 0
455 724 0
456 632 0
459 614 0
461 601 0
462 473 0
463 613 0
464 507 0
464 598 0
464 742 0
466 634 0
468 664 0
470 791 0
473 663 0
473 666 0
476 661 0
476 760 0
477 580 0
478 621 0
478 697 0
478 734 0
479 637 0
479 791 0
480 702 0
481 643 0
481 732 0
481 753 0
484 749 0
490 670 0
490 671 0
490 713 0
493 496 0
493 515 0
493 593 0
496 621 0
496 682 0
498 713 0
498 747 0
499 661 0
499 716 0
500 703 0
500 780 0
502 603 0
502 700 0
502 800 0
504 602 0
504 733 0
504 792 0
506 537 0
507 551 0
508 633 0
511 607 0
511 616 0
512 763 0
513 791 0
514 757 0
516 594 0
517 745 0
518 634 0
520 539 0
522 626 0
522 642 0
523 673 0
523 713 0
525 633 0
526 571 0
527 622 0
528 612 0
530 693 0
532 702 0
536 630 0
538 591 0
539 586 0
540 617 0
540 663 0
540 684 0
541 571 0
541 684 0
542 737 0
542 743 0
545 717 0
546 784 0
548 632 0
551 562 0
551 750 0
554 583 0
556 620 0
556 628 0
559 738 0
562 760 0
565 613 0
567 762 0
568 752 0
569 685 0
569 718 0
570 721 0
571 798 0
575 774 0
577 657 0
578 583 0
583 744 0
587 663 0
588 630 0
589 736 0
590 776 0
594 701 0
596 632 0
598 710 0
600 638 0
601 624 0
601 671 0
601 723 0
605 657 0
607 657 0
607 716 0
609 681 0
610 633 0
610 697 0
611 693 0
613 769 0
614 650 0
614 708 0
618 689 0
618 718 0
618 799 0
619 714 0
621 754 0
622 770 0
630 677 0
631 690 0
632 753 0
636 709 0
638 669 0
639 670 0
642 741 0
651 779 0
657 666 0
657 729 0
658 752 0
661 699 0
665 736 0
668 727 0
671 702 0
676 678 0
678 737 0
679 683 0
685 779 0
687 722 0
688 761 0
693 784 0
697 708 0
698 793 0
702 726 0
707 713 0
709 775 0
715 721 0
725 737 0
734 776 0
741 773 0
752 776 0
753 763 0
778 783 0
