250 297 0
1 106 0
1 160 0
1 174 0
1 230 0
2 160 0
3 190 0
4 5 0
4 28 0
4 38 0
4 86 0
4 128 0
6 225 0
7 36 0
7 94 0
7 209 0
7 243 0
8 94 0
8 187 0
9 120 0
9 168 0
10 105 0
11 53 0
11 191 0
12 19 0
12 34 0
12 39 0
12 68 0
12 84 0
13 40 0
13 237 0
14 143 0
15 49 0
15 84 0
16 133 0
16 192 0
17 170 0
17 175 0
17 202 0
17 204 0
18 51 0
19 131 0
19 162 0
19 182 0
19 218 0
20 161 0
21 25 0
21 31 0
21 62 0
22 91 0
22 115 0
22 128 0
22 168 0
22 188 0
23 60 0
23 68 0
23 76 0
23 175 0
24 61 0
24 98 0
24 146 0
24 238 0
25 136 0
25 162 0
25 248 0
26 48 0
26 71 0
26 135 0
26 215 0
26 247 0
27 116 0
27 141 0
27 144 0
27 189 0
28 42 0
28 48 0
28 73 0
28 149 0
28 165 0
29 126 0
30 106 0
31 47 0
32 114 0
32 121 0
33 58 0
33 124 0
33 126 0
33 236 0
34 95 0
34 152 0
34 183 0
35 222 0
37 55 0
39 45 0
39 64 0
39 109 0
40 70 0
40 151 0
40 206 0
41 124 0
43 93 0
43 137 0
43 151 0
43 213 0
43 240 0
44 187 0
46 200 0
47 93 0
47 124 0
47 205 0
47 226 0
48 81 0
48 158 0
48 176 0
49 190 0
49 250 0
50 176 0
50 247 0
51 52 0
51 177 0
51 224 0
53 200 0
54 192 0
55 96 0
55 100 0
55 112 0
55 180 0
56 134 0
57 222 0
58 128 0
58 145 0
58 189 0
59 106 0
60 89 0
60 148 0
61 126 0
62 73 0
62 161 0
63 156 0
65 120 0
65 146 0
66 101 0
67 108 0
67 169 0
67 172 0
67 205 0
69 97 0
71 119 0
71 120 0
72 214 0
73 134 0
74 118 0
75 77 0
75 79 0
75 181 0
75 218 0
76 92 0
77 101 0
78 230 0
80 160 0
80 181 0
80 193 0
81 214 0
82 191 0
83 110 0
83 134 0
83 161 0
83 187 0
84 115 0
84 171 0
84 193 0
85 159 0
87 105 0
87 232 0
88 101 0
89 97 0
90 221 0
92 155 0
92 242 0
96 169 0
97 163 0
97 199 0
99 134 0
100 236 0
101 147 0
101 209 0
102 140 0
102 167 0
102 179 0
102 189 0
103 110 0
103 131 0
103 145 0
104 156 0
105 114 0
105 222 0
106 186 0
107 108 0
107 119 0
107 182 0
110 146 0
110 180 0
110 250 0
111 236 0
113 143 0
116 124 0
117 239 0
118 129 0
118 150 0
118 151 0
118 222 0
119 148 0
119 173 0
119 175 0
120 218 0
120 229 0
121 130 0
121 207 0
121 219 0
122 200 0
123 131 0
123 175 0
123 199 0
123 205 0
124 228 0
124 244 0
125 176 0
126 157 0
126 208 0
127 128 0
127 241 0
128 241 0
131 158 0
132 138 0
132 184 0
132 195 0
132 218 0
133 154 0
133 162 0
133 185 0
139 225 0
142 176 0
143 193 0
143 224 0
145 174 0
145 209 0
146 200 0
146 242 0
149 163 0
151 158 0
153 221 0
155 214 0
155 239 0
156 162 0
156 216 0
158 207 0
159 178 0
159 180 0
159 194 0
160 211 0
161 201 0
164 182 0
165 229 0
166 197 0
166 207 0
166 212 0
166 233 0
174 222 0
174 224 0
178 179 0
180 192 0
182 207 0
182 249 0
187 235 0
189 190 0
189 220 0
190 210 0
191 199 0
191 232 0
192 196 0
192 234 0
198 239 0
199 221 0
203 242 0
205 239 0
209 225 0
214 224 0
214 248 0
217 230 0
219 241 0
220 225 0
221 246 0
223 241 0
227 230 0
231 236 0
237 242 0
239 245 0
241 250 0
