180 221 0
1 48 0
2 36 0
2 147 0
3 35 0
3 45 0
3 146 0
3 167 0
4 28 0
5 63 0
5 152 0
6 42 0
6 103 0
6 142 0
7 28 0
8 42 0
8 113 0
9 92 0
9 94 0
9 121 0
9 133 0
10 150 0
11 17 0
11 26 0
12 42 0
13 173 0
14 18 0
14 35 0
14 37 0
15 63 0
15 72 0
15 88 0
15 91 0
15 100 0
15 139 0
16 17 0
17 55 0
17 111 0
18 37 0
18 72 0
18 176 0
19 65 0
20 98 0
21 171 0
22 43 0
22 102 0
22 115 0
22 153 0
23 70 0
24 179 0
25 70 0
25 78 0
26 50 0
26 174 0
27 65 0
28 62 0
28 109 0
29 79 0
29 124 0
30 64 0
30 66 0
31 47 0
31 148 0
31 150 0
32 43 0
32 148 0
33 44 0
33 82 0
33 88 0
33 138 0
34 150 0
36 73 0
38 113 0
39 179 0
40 45 0
40 59 0
40 90 0
40 95 0
40 125 0
41 143 0
42 55 0
45 50 0
45 145 0
46 82 0
46 98 0
47 98 0
47 135 0
47 152 0
47 173 0
48 81 0
48 100 0
48 128 0
48 155 0
48 179 0
49 123 0
50 132 0
50 157 0
50 164 0
51 163 0
52 98 0
52 177 0
53 143 0
54 132 0
55 65 0
55 135 0
55 168 0
56 107 0
57 91 0
57 130 0
57 144 0
57 158 0
58 171 0
60 116 0
61 73 0
63 84 0
63 135 0
63 178 0
64 71 0
64 88 0
64 101 0
65 120 0
66 85 0
66 109 0
66 117 0
66 122 0
67 89 0
68 143 0
69 139 0
70 95 0
70 121 0
70 140 0
71 149 0
72 123 0
72 132 0
73 99 0
73 104 0
73 112 0
74 107 0
75 79 0
75 99 0
75 166 0
75 177 0
76 89 0
76 124 0
76 135 0
76 170 0
77 142 0
77 173 0
78 171 0
78 176 0
79 134 0
79 174 0
80 177 0
82 162 0
83 147 0
83 148 0
83 169 0
84 99 0
84 106 0
84 145 0
86 155 0
87 113 0
87 123 0
88 171 0
89 108 0
89 151 0
89 179 0
90 175 0
91 113 0
91 147 0
93 163 0
95 170 0
96 114 0
97 152 0
98 129 0
99 148 0
103 142 0
103 150 0
105 179 0
106 109 0
106 115 0
106 154 0
107 112 0
107 115 0
109 125 0
109 139 0
110 113 0
111 176 0
114 128 0
114 131 0
114 141 0
115 116 0
116 156 0
116 165 0
118 139 0
119 124 0
121 143 0
121 145 0
123 159 0
123 161 0
124 175 0
126 148 0
127 132 0
127 141 0
128 145 0
128 179 0
130 168 0
132 136 0
137 151 0
137 170 0
139 160 0
142 170 0
147 168 0
149 177 0
150 154 0
152 169 0
154 155 0
154 163 0
155 172 0
155 178 0
162 173 0
163 180 0
