600 674 0
1 15 0
2 243 0
2 392 0
2 457 0
2 470 0
3 500 0
4 599 0
5 480 0
6 183 0
6 302 0
6 355 0
6 517 0
6 524 0
7 31 0
7 35 0
7 306 0
7 490 0
7 493 0
8 173 0
9 97 0
9 147 0
9 169 0
9 531 0
10 19 0
10 54 0
10 111 0
10 193 0
10 263 0
11 204 0
12 352 0
13 551 0
14 366 0
15 71 0
15 241 0
15 493 0
16 170 0
17 79 0
17 99 0
17 366 0
18 63 0
19 107 0
19 216 0
19 251 0
20 176 0
20 181 0
20 183 0
20 558 0
21 190 0
22 492 0
23 213 0
23 387 0
23 525 0
23 584 0
24 72 0
25 227 0
25 490 0
25 517 0
26 238 0
27 506 0
28 383 0
29 188 0
30 64 0
31 122 0
31 186 0
31 321 0
32 44 0
32 108 0
32 262 0
32 483 0
33 64 0
34 162 0
35 302 0
35 437 0
36 53 0
37 202 0
37 210 0
37 551 0
37 599 0
38 181 0
39 155 0
39 183 0
39 343 0
39 413 0
39 437 0
40 345 0
40 373 0
40 436 0
40 496 0
41 326 0
42 326 0
43 282 0
45 259 0
46 91 0
46 155 0
46 402 0
46 466 0
47 367 0
48 187 0
48 405 0
48 423 0
48 523 0
49 312 0
50 482 0
51 311 0
52 343 0
53 446 0
53 519 0
53 585 0
55 434 0
55 500 0
55 517 0
56 488 0
57 164 0
57 258 0
57 285 0
57 527 0
58 264 0
59 141 0
59 259 0
59 349 0
59 431 0
60 142 0
61 142 0
62 70 0
63 123 0
63 339 0
63 415 0
64 68 0
64 235 0
65 277 0
66 157 0
66 171 0
66 383 0
66 432 0
67 281 0
68 297 0
68 355 0
68 548 0
69 511 0
70 178 0
70 245 0
70 410 0
72 153 0
72 333 0
72 396 0
72 446 0
73 190 0
73 216 0
73 217 0
73 394 0
74 79 0
74 161 0
74 277 0
74 355 0
75 256 0
75 302 0
75 367 0
75 441 0
76 381 0
77 307 0
77 313 0
77 358 0
77 520 0
77 600 0
78 413 0
79 273 0
79 382 0
80 122 0
81 86 0
81 131 0
81 313 0
81 423 0
81 487 0
82 477 0
83 383 0
84 508 0
85 297 0
87 338 0
88 364 0
89 297 0
90 110 0
91 202 0
91 468 0
91 522 0
92 369 0
93 218 0
93 400 0
93 550 0
93 567 0
94 101 0
95 107 0
96 139 0
96 345 0
96 421 0
96 517 0
98 342 0
99 207 0
99 301 0
99 460 0
99 484 0
100 532 0
101 121 0
101 316 0
101 397 0
102 140 0
103 280 0
104 124 0
104 133 0
104 205 0
104 250 0
105 577 0
106 311 0
106 434 0
106 551 0
107 165 0
107 528 0
109 126 0
109 326 0
109 468 0
109 531 0
110 247 0
110 303 0
110 499 0
110 513 0
111 477 0
111 500 0
112 198 0
112 212 0
112 411 0
112 446 0
113 416 0
114 220 0
115 210 0
116 322 0
117 159 0
117 327 0
117 423 0
117 430 0
118 441 0
119 326 0
120 296 0
120 353 0
120 512 0
120 594 0
122 163 0
122 344 0
125 416 0
126 315 0
126 371 0
127 522 0
128 166 0
128 332 0
128 406 0
128 529 0
129 404 0
130 286 0
132 137 0
132 155 0
132 175 0
132 213 0
132 298 0
134 555 0
135 427 0
136 251 0
138 315 0
139 194 0
139 237 0
139 483 0
140 213 0
140 215 0
140 228 0
141 142 0
141 532 0
141 580 0
142 199 0
142 353 0
142 445 0
142 533 0
143 183 0
143 322 0
143 349 0
143 365 0
143 415 0
144 492 0
145 455 0
146 551 0
148 552 0
149 444 0
150 488 0
151 312 0
152 217 0
154 308 0
154 342 0
154 365 0
156 194 0
156 286 0
156 375 0
157 271 0
157 476 0
157 589 0
158 373 0
160 558 0
161 189 0
161 509 0
161 591 0
162 212 0
162 414 0
162 439 0
162 474 0
162 550 0
167 379 0
168 462 0
170 237 0
170 386 0
170 592 0
171 243 0
171 316 0
171 490 0
171 515 0
172 599 0
173 323 0
173 501 0
173 596 0
174 534 0
176 232 0
176 388 0
176 390 0
177 247 0
177 261 0
177 320 0
177 372 0
178 302 0
178 336 0
178 429 0
179 548 0
180 548 0
181 407 0
181 448 0
182 349 0
184 376 0
185 433 0
186 458 0
186 475 0
186 586 0
188 294 0
188 362 0
188 389 0
190 231 0
190 467 0
191 349 0
192 558 0
194 352 0
194 416 0
194 444 0
195 341 0
196 570 0
197 351 0
199 326 0
199 383 0
200 286 0
201 315 0
202 227 0
202 406 0
203 482 0
204 306 0
204 310 0
204 443 0
204 465 0
206 217 0
207 216 0
207 517 0
207 595 0
208 229 0
209 322 0
210 221 0
210 556 0
211 321 0
212 432 0
213 575 0
214 329 0
216 533 0
217 419 0
217 529 0
219 260 0
220 306 0
220 569 0
220 574 0
222 264 0
223 312 0
224 281 0
225 394 0
226 379 0
227 543 0
227 575 0
229 460 0
229 469 0
229 540 0
230 260 0
233 477 0
233 492 0
233 506 0
233 595 0
234 480 0
236 364 0
236 375 0
236 431 0
236 455 0
237 555 0
237 557 0
238 414 0
238 440 0
238 456 0
238 471 0
238 479 0
239 511 0
240 496 0
242 381 0
243 312 0
243 364 0
243 524 0
244 373 0
246 506 0
247 341 0
247 543 0
248 496 0
249 532 0
250 326 0
250 534 0
250 575 0
251 325 0
251 503 0
252 282 0
253 573 0
254 259 0
255 338 0
255 352 0
255 521 0
256 391 0
256 451 0
256 518 0
257 555 0
258 311 0
258 315 0
258 345 0
259 594 0
260 288 0
260 524 0
264 438 0
264 538 0
265 368 0
266 412 0
267 297 0
267 406 0
267 506 0
268 343 0
269 555 0
270 580 0
272 321 0
274 341 0
275 429 0
276 570 0
277 520 0
277 537 0
277 565 0
278 369 0
279 373 0
280 339 0
280 497 0
280 554 0
281 389 0
281 588 0
282 399 0
282 597 0
283 492 0
284 433 0
286 531 0
287 477 0
288 421 0
288 577 0
288 580 0
289 341 0
290 558 0
291 364 0
292 436 0
293 338 0
295 557 0
297 478 0
299 446 0
299 490 0
299 538 0
299 597 0
300 432 0
301 381 0
301 482 0
301 511 0
302 443 0
302 596 0
304 336 0
305 342 0
306 500 0
308 489 0
308 536 0
308 538 0
309 311 0
311 353 0
311 571 0
312 507 0
313 432 0
314 351 0
315 564 0
316 317 0
316 351 0
316 516 0
317 322 0
317 381 0
318 365 0
319 359 0
321 374 0
322 370 0
324 516 0
326 499 0
328 359 0
329 418 0
329 493 0
329 545 0
330 455 0
331 434 0
334 437 0
335 557 0
336 340 0
336 502 0
337 432 0
338 471 0
339 366 0
339 575 0
342 360 0
342 464 0
342 596 0
343 547 0
345 600 0
346 427 0
347 376 0
348 557 0
349 435 0
350 394 0
351 561 0
352 495 0
352 504 0
354 394 0
355 550 0
356 539 0
357 510 0
359 484 0
359 505 0
361 462 0
363 573 0
364 396 0
364 426 0
365 442 0
365 515 0
366 396 0
366 566 0
367 431 0
367 535 0
368 401 0
368 533 0
368 563 0
369 406 0
369 454 0
369 553 0
370 444 0
370 455 0
371 452 0
371 593 0
371 600 0
375 406 0
375 443 0
375 459 0
376 483 0
376 587 0
377 516 0
378 424 0
379 484 0
379 526 0
380 444 0
381 384 0
385 577 0
389 404 0
389 421 0
393 577 0
395 522 0
398 433 0
403 516 0
404 414 0
404 464 0
404 479 0
406 507 0
408 413 0
409 534 0
412 447 0
412 531 0
412 562 0
413 498 0
415 495 0
415 531 0
416 572 0
417 500 0
420 510 0
421 488 0
421 529 0
422 573 0
423 595 0
424 463 0
424 483 0
424 559 0
425 437 0
427 460 0
427 590 0
428 521 0
429 450 0
429 546 0
432 578 0
433 471 0
434 597 0
434 598 0
436 520 0
436 541 0
441 549 0
441 576 0
449 539 0
453 539 0
455 488 0
460 508 0
461 552 0
462 484 0
462 568 0
464 521 0
468 544 0
468 581 0
471 543 0
472 570 0
473 511 0
480 507 0
480 596 0
481 482 0
485 521 0
486 599 0
491 496 0
493 573 0
494 510 0
495 570 0
499 508 0
500 553 0
500 582 0
508 553 0
510 550 0
514 548 0
515 597 0
521 538 0
522 583 0
524 556 0
527 538 0
527 597 0
530 532 0
531 595 0
532 600 0
533 539 0
534 560 0
542 552 0
543 594 0
552 597 0
556 577 0
570 594 0
579 580 0
