500 603 0
1 146 0
2 123 0
2 139 0
3 191 0
3 242 0
3 249 0
3 389 0
4 370 0
5 37 0
5 195 0
6 143 0
6 250 0
6 332 0
6 471 0
7 153 0
7 240 0
8 11 0
9 169 0
9 180 0
9 362 0
9 466 0
10 104 0
10 268 0
10 303 0
10 417 0
11 152 0
11 230 0
11 354 0
12 27 0
12 146 0
12 224 0
12 435 0
13 111 0
14 116 0
14 117 0
14 140 0
14 186 0
15 46 0
15 189 0
15 265 0
15 274 0
16 236 0
17 205 0
18 164 0
18 291 0
18 493 0
19 164 0
20 71 0
20 135 0
20 271 0
20 336 0
21 217 0
21 228 0
21 289 0
21 298 0
21 500 0
22 37 0
23 117 0
23 188 0
23 211 0
23 377 0
24 202 0
25 360 0
26 169 0
27 85 0
27 249 0
27 268 0
28 136 0
29 136 0
30 168 0
30 172 0
30 330 0
30 451 0
31 152 0
31 286 0
31 386 0
31 443 0
32 260 0
33 115 0
34 178 0
35 102 0
35 320 0
35 323 0
35 353 0
36 392 0
37 217 0
37 310 0
37 487 0
38 421 0
39 123 0
40 58 0
40 193 0
41 300 0
42 111 0
43 445 0
44 360 0
45 264 0
45 276 0
47 141 0
47 271 0
47 314 0
47 495 0
48 289 0
48 295 0
48 316 0
48 462 0
49 163 0
49 292 0
49 357 0
49 499 0
50 366 0
50 417 0
51 476 0
52 54 0
52 224 0
52 375 0
53 224 0
54 118 0
54 215 0
54 244 0
55 82 0
56 142 0
56 364 0
56 387 0
56 421 0
56 490 0
57 494 0
58 71 0
58 196 0
58 445 0
58 479 0
59 408 0
60 202 0
60 208 0
60 331 0
60 467 0
61 111 0
61 243 0
62 292 0
63 83 0
63 229 0
64 175 0
64 494 0
65 359 0
66 406 0
67 408 0
68 461 0
69 78 0
69 145 0
69 203 0
69 225 0
69 460 0
70 84 0
70 159 0
70 289 0
70 340 0
71 360 0
71 408 0
72 292 0
72 444 0
73 174 0
73 250 0
73 430 0
73 458 0
74 82 0
75 420 0
76 292 0
77 180 0
79 347 0
79 499 0
80 200 0
80 446 0
81 108 0
81 185 0
82 234 0
82 492 0
83 138 0
83 253 0
83 418 0
85 128 0
85 256 0
85 364 0
86 387 0
87 134 0
87 355 0
87 374 0
87 464 0
88 261 0
88 346 0
89 176 0
90 234 0
90 296 0
90 430 0
90 464 0
91 177 0
92 373 0
93 272 0
94 192 0
94 200 0
95 206 0
96 206 0
96 288 0
97 138 0
97 218 0
97 252 0
97 273 0
98 105 0
98 411 0
98 446 0
99 363 0
100 200 0
100 441 0
101 437 0
102 208 0
102 261 0
102 392 0
103 210 0
105 438 0
106 166 0
106 285 0
106 322 0
106 336 0
107 420 0
108 175 0
108 251 0
108 268 0
109 236 0
110 247 0
110 387 0
111 157 0
111 458 0
112 200 0
112 264 0
112 397 0
112 406 0
112 432 0
113 161 0
113 222 0
113 327 0
113 429 0
114 325 0
114 336 0
114 454 0
114 484 0
115 234 0
115 284 0
115 288 0
115 302 0
116 256 0
117 362 0
117 445 0
118 359 0
119 174 0
119 240 0
119 399 0
119 440 0
120 194 0
120 342 0
121 367 0
122 344 0
122 484 0
123 250 0
123 457 0
124 387 0
124 427 0
125 128 0
125 154 0
125 369 0
125 415 0
126 367 0
127 435 0
127 472 0
128 151 0
128 152 0
129 368 0
130 344 0
130 463 0
131 215 0
131 238 0
132 197 0
132 290 0
132 468 0
132 469 0
133 222 0
133 269 0
133 305 0
133 455 0
135 149 0
135 208 0
135 329 0
136 148 0
136 274 0
136 493 0
137 181 0
137 206 0
137 209 0
137 450 0
137 458 0
137 477 0
138 257 0
138 426 0
139 206 0
139 277 0
139 302 0
139 346 0
139 378 0
141 401 0
142 144 0
142 345 0
142 439 0
146 312 0
146 404 0
147 359 0
148 360 0
149 238 0
149 318 0
149 461 0
150 461 0
151 272 0
151 437 0
151 446 0
152 260 0
153 198 0
153 336 0
153 424 0
154 162 0
154 297 0
154 485 0
155 156 0
156 212 0
156 225 0
156 431 0
158 467 0
160 178 0
160 243 0
160 307 0
160 369 0
160 426 0
163 222 0
163 280 0
163 293 0
164 227 0
164 254 0
165 420 0
167 291 0
169 311 0
169 343 0
170 461 0
171 180 0
172 300 0
172 370 0
172 426 0
173 191 0
173 303 0
173 394 0
174 177 0
174 187 0
174 401 0
176 222 0
176 248 0
176 263 0
176 489 0
177 214 0
177 423 0
178 220 0
178 319 0
179 415 0
180 207 0
182 276 0
183 343 0
183 480 0
184 224 0
185 186 0
185 260 0
187 499 0
188 480 0
189 370 0
190 264 0
192 328 0
192 458 0
192 463 0
193 257 0
194 406 0
195 260 0
199 270 0
199 369 0
200 267 0
200 371 0
201 445 0
202 356 0
202 428 0
203 415 0
204 401 0
205 227 0
205 232 0
205 255 0
206 248 0
206 375 0
206 416 0
208 226 0
210 271 0
210 481 0
210 482 0
213 438 0
213 441 0
215 242 0
216 342 0
217 364 0
217 406 0
218 464 0
219 307 0
220 423 0
221 480 0
223 319 0
223 370 0
224 235 0
225 394 0
225 432 0
226 233 0
226 315 0
226 411 0
226 494 0
227 432 0
227 438 0
228 493 0
229 476 0
230 275 0
231 257 0
233 385 0
234 420 0
236 296 0
236 409 0
237 357 0
238 391 0
238 412 0
239 318 0
241 499 0
242 395 0
243 441 0
243 490 0
244 274 0
244 299 0
244 452 0
245 264 0
245 436 0
245 478 0
246 395 0
247 375 0
249 373 0
249 388 0
249 465 0
250 288 0
250 366 0
252 431 0
256 280 0
256 329 0
257 270 0
258 331 0
259 297 0
259 300 0
261 304 0
261 384 0
261 393 0
262 346 0
263 267 0
264 301 0
266 291 0
268 480 0
270 431 0
271 359 0
272 379 0
272 407 0
273 482 0
274 364 0
275 331 0
276 390 0
276 427 0
276 444 0
277 425 0
277 448 0
277 472 0
278 395 0
279 373 0
280 362 0
280 378 0
281 357 0
281 382 0
282 494 0
283 394 0
287 406 0
289 344 0
289 362 0
290 308 0
291 296 0
291 474 0
293 367 0
293 395 0
293 478 0
294 344 0
295 457 0
296 365 0
300 480 0
300 483 0
301 329 0
302 437 0
306 307 0
306 389 0
307 321 0
308 415 0
309 392 0
310 421 0
311 398 0
313 385 0
315 347 0
315 381 0
315 410 0
317 466 0
318 491 0
318 498 0
324 373 0
326 467 0
329 426 0
329 430 0
331 358 0
332 436 0
333 363 0
334 478 0
335 368 0
336 456 0
337 369 0
338 375 0
338 482 0
339 366 0
341 363 0
342 352 0
342 469 0
346 419 0
348 480 0
349 408 0
349 473 0
350 446 0
351 368 0
351 390 0
352 492 0
356 470 0
357 390 0
357 459 0
359 461 0
359 476 0
361 466 0
362 439 0
363 464 0
365 402 0
365 413 0
365 436 0
366 488 0
367 382 0
368 427 0
369 486 0
370 416 0
370 480 0
372 435 0
375 427 0
376 397 0
378 427 0
378 469 0
380 394 0
383 415 0
383 465 0
385 404 0
385 464 0
385 473 0
388 445 0
391 479 0
392 399 0
392 414 0
395 422 0
396 401 0
397 405 0
397 497 0
398 466 0
400 465 0
401 442 0
403 421 0
409 465 0
411 449 0
411 470 0
417 471 0
421 430 0
427 470 0
430 432 0
430 467 0
433 435 0
434 438 0
436 479 0
437 496 0
446 475 0
447 478 0
453 467 0
456 465 0
469 476 0
476 477 0
476 489 0
