300 353 0
1 35 0
1 62 0
1 87 0
1 241 0
2 171 0
3 22 0
4 9 0
4 95 0
5 212 0
6 168 0
7 40 0
7 59 0
7 175 0
7 288 0
8 153 0
9 84 0
9 88 0
9 141 0
10 124 0
11 154 0
11 168 0
11 190 0
11 217 0
12 64 0
12 83 0
12 107 0
12 267 0
13 82 0
13 199 0
13 211 0
13 263 0
14 17 0
14 24 0
14 271 0
15 16 0
15 202 0
15 234 0
15 250 0
16 148 0
16 187 0
16 208 0
16 280 0
17 100 0
17 110 0
17 112 0
18 97 0
18 142 0
18 254 0
18 274 0
19 75 0
20 226 0
20 228 0
21 202 0
22 117 0
22 123 0
22 247 0
23 195 0
23 253 0
24 228 0
25 41 0
25 232 0
25 283 0
25 298 0
26 212 0
26 237 0
27 82 0
27 135 0
28 131 0
28 212 0
28 228 0
28 234 0
29 80 0
29 85 0
29 92 0
29 175 0
30 75 0
30 105 0
31 64 0
31 106 0
32 35 0
32 89 0
32 177 0
32 179 0
33 70 0
33 195 0
33 219 0
33 246 0
33 264 0
33 271 0
34 168 0
35 183 0
35 203 0
35 210 0
35 246 0
35 300 0
36 46 0
36 196 0
37 140 0
37 147 0
37 261 0
37 263 0
38 251 0
38 263 0
38 269 0
38 270 0
39 101 0
39 238 0
40 94 0
42 271 0
43 53 0
43 102 0
43 115 0
43 165 0
44 242 0
45 290 0
46 287 0
47 221 0
48 300 0
49 124 0
50 69 0
50 109 0
50 136 0
50 239 0
51 83 0
51 213 0
51 215 0
52 278 0
54 171 0
55 144 0
56 131 0
56 280 0
57 99 0
57 124 0
57 151 0
57 158 0
58 158 0
60 133 0
60 204 0
60 230 0
60 257 0
61 226 0
63 236 0
63 238 0
64 111 0
64 194 0
64 248 0
65 170 0
65 274 0
66 171 0
66 190 0
67 131 0
68 138 0
68 170 0
68 197 0
68 278 0
69 75 0
69 181 0
69 277 0
70 77 0
70 78 0
70 279 0
71 135 0
72 156 0
73 143 0
74 81 0
75 160 0
75 172 0
75 273 0
76 128 0
76 217 0
76 234 0
76 267 0
79 98 0
79 142 0
79 198 0
79 223 0
81 106 0
81 182 0
81 293 0
83 93 0
83 134 0
84 180 0
85 176 0
86 94 0
90 145 0
91 156 0
93 183 0
94 174 0
94 284 0
94 295 0
95 259 0
96 290 0
99 127 0
99 193 0
99 282 0
100 167 0
101 141 0
101 210 0
101 244 0
102 132 0
102 234 0
102 238 0
103 144 0
104 107 0
105 256 0
105 276 0
105 277 0
107 237 0
107 285 0
108 122 0
110 118 0
110 195 0
110 280 0
112 122 0
112 149 0
113 259 0
114 228 0
116 196 0
118 123 0
118 133 0
118 159 0
119 189 0
119 191 0
119 245 0
119 286 0
120 154 0
121 290 0
122 139 0
122 203 0
122 298 0
123 226 0
123 231 0
124 296 0
125 242 0
125 272 0
126 300 0
128 159 0
128 205 0
128 298 0
129 135 0
129 240 0
130 219 0
131 290 0
131 294 0
132 157 0
132 201 0
132 292 0
133 143 0
133 275 0
135 141 0
135 169 0
137 212 0
138 218 0
138 243 0
138 262 0
138 284 0
140 233 0
141 151 0
141 287 0
142 171 0
142 246 0
143 164 0
143 253 0
144 186 0
144 298 0
145 176 0
145 189 0
145 209 0
146 181 0
146 228 0
148 152 0
148 258 0
149 238 0
150 158 0
150 182 0
151 159 0
151 298 0
152 196 0
153 173 0
153 206 0
153 215 0
154 207 0
154 289 0
155 210 0
155 219 0
156 214 0
156 293 0
158 170 0
158 197 0
159 246 0
159 300 0
161 202 0
162 190 0
163 275 0
166 181 0
167 278 0
168 268 0
169 205 0
169 242 0
169 259 0
170 173 0
170 220 0
171 200 0
172 271 0
172 277 0
173 180 0
173 217 0
173 278 0
175 196 0
175 267 0
178 250 0
180 181 0
180 287 0
181 227 0
183 195 0
184 275 0
185 202 0
188 231 0
189 221 0
189 277 0
190 266 0
192 226 0
195 225 0
205 277 0
205 293 0
213 223 0
213 231 0
216 250 0
217 263 0
219 222 0
221 249 0
224 231 0
226 265 0
229 272 0
233 275 0
235 278 0
236 271 0
238 258 0
240 280 0
242 255 0
248 300 0
250 264 0
252 272 0
259 291 0
260 287 0
267 284 0
269 284 0
272 284 0
272 297 0
280 281 0
280 299 0
289 298 0
290 293 0
