300 434 0
1 118 0
2 104 0
3 47 0
3 149 0
3 175 0
4 141 0
5 29 0
6 128 0
6 247 0
6 248 0
7 276 0
8 40 0
8 167 0
8 197 0
8 246 0
9 175 0
9 200 0
9 284 0
9 288 0
10 58 0
10 122 0
10 147 0
10 213 0
10 269 0
11 51 0
11 209 0
12 253 0
12 272 0
13 211 0
14 131 0
14 291 0
15 84 0
15 226 0
15 233 0
15 274 0
16 203 0
16 269 0
17 21 0
17 101 0
17 141 0
17 281 0
18 31 0
18 71 0
18 92 0
18 213 0
19 58 0
19 186 0
19 196 0
19 231 0
20 154 0
20 293 0
21 139 0
21 264 0
21 265 0
22 160 0
22 180 0
22 277 0
23 27 0
23 242 0
23 283 0
24 34 0
24 73 0
24 82 0
24 270 0
24 280 0
25 61 0
26 59 0
26 249 0
27 59 0
27 282 0
28 101 0
28 157 0
29 58 0
29 112 0
29 230 0
30 96 0
30 130 0
30 159 0
30 164 0
31 89 0
31 172 0
31 258 0
31 266 0
31 286 0
32 73 0
32 100 0
32 158 0
33 189 0
33 268 0
33 273 0
33 294 0
34 39 0
34 184 0
34 210 0
35 252 0
36 275 0
36 291 0
37 38 0
37 148 0
37 180 0
37 274 0
37 293 0
38 288 0
39 176 0
39 192 0
39 237 0
39 251 0
39 269 0
41 137 0
42 74 0
42 236 0
43 164 0
44 101 0
44 119 0
44 153 0
44 168 0
44 218 0
44 294 0
45 155 0
45 161 0
46 161 0
47 96 0
47 160 0
47 263 0
47 272 0
48 57 0
48 154 0
48 211 0
48 289 0
49 290 0
50 192 0
51 160 0
52 73 0
52 93 0
52 194 0
53 62 0
53 110 0
53 209 0
53 233 0
54 56 0
54 102 0
54 197 0
54 211 0
55 74 0
55 190 0
55 233 0
55 262 0
55 299 0
56 227 0
56 269 0
57 184 0
57 221 0
57 294 0
58 200 0
59 225 0
59 245 0
59 278 0
60 130 0
60 197 0
60 241 0
61 95 0
61 158 0
61 193 0
62 83 0
62 108 0
62 130 0
62 275 0
63 84 0
64 107 0
64 241 0
65 91 0
65 192 0
66 78 0
66 295 0
67 89 0
67 152 0
67 228 0
67 282 0
68 137 0
68 157 0
69 131 0
69 193 0
69 194 0
69 206 0
70 115 0
70 146 0
71 161 0
71 216 0
72 137 0
73 226 0
73 235 0
74 91 0
74 123 0
74 145 0
75 169 0
75 244 0
75 253 0
75 290 0
76 176 0
77 299 0
78 144 0
78 149 0
78 247 0
78 261 0
79 96 0
79 240 0
79 289 0
80 166 0
80 172 0
80 191 0
80 284 0
81 87 0
81 190 0
82 106 0
82 121 0
82 148 0
83 177 0
84 85 0
84 212 0
85 294 0
86 242 0
87 110 0
88 141 0
88 193 0
89 200 0
89 264 0
89 293 0
90 220 0
91 98 0
91 136 0
91 225 0
92 146 0
93 130 0
94 132 0
94 204 0
94 288 0
96 129 0
96 197 0
96 285 0
97 183 0
97 270 0
98 191 0
99 175 0
100 209 0
100 252 0
101 165 0
101 179 0
101 225 0
102 138 0
102 192 0
103 121 0
103 126 0
104 127 0
104 135 0
104 148 0
104 275 0
104 294 0
105 204 0
105 240 0
105 242 0
106 293 0
107 204 0
107 247 0
107 295 0
109 242 0
110 116 0
110 168 0
111 116 0
111 253 0
112 260 0
112 273 0
113 288 0
114 192 0
115 226 0
116 145 0
117 274 0
118 119 0
118 143 0
118 215 0
118 238 0
119 131 0
119 221 0
120 155 0
120 177 0
120 193 0
120 241 0
120 291 0
121 264 0
122 287 0
123 251 0
123 287 0
124 158 0
125 299 0
126 214 0
126 221 0
126 267 0
127 193 0
128 177 0
128 185 0
128 232 0
129 290 0
130 249 0
130 263 0
132 184 0
132 241 0
132 285 0
133 161 0
134 183 0
135 241 0
136 145 0
137 197 0
137 217 0
137 300 0
138 149 0
138 156 0
139 200 0
139 216 0
139 220 0
140 252 0
141 210 0
141 298 0
142 208 0
142 240 0
143 183 0
144 184 0
145 277 0
146 193 0
146 229 0
149 154 0
149 210 0
150 176 0
151 190 0
154 167 0
154 244 0
155 173 0
155 198 0
155 281 0
156 195 0
156 210 0
156 221 0
156 252 0
156 262 0
156 271 0
157 220 0
158 163 0
158 223 0
158 300 0
159 227 0
159 287 0
159 292 0
160 279 0
161 232 0
161 247 0
162 276 0
164 222 0
164 257 0
168 196 0
169 272 0
170 299 0
171 245 0
172 183 0
172 241 0
172 291 0
172 293 0
174 192 0
174 293 0
175 215 0
176 178 0
177 203 0
177 253 0
178 249 0
180 276 0
181 203 0
182 183 0
182 216 0
183 250 0
184 200 0
185 230 0
185 237 0
185 260 0
187 274 0
188 226 0
190 286 0
195 297 0
196 246 0
197 245 0
199 289 0
201 272 0
202 203 0
203 280 0
205 216 0
207 216 0
208 211 0
209 279 0
209 297 0
210 252 0
210 276 0
212 286 0
215 240 0
215 241 0
217 270 0
219 220 0
221 242 0
224 226 0
225 241 0
225 254 0
227 230 0
229 245 0
233 285 0
234 270 0
236 274 0
237 245 0
237 291 0
238 293 0
239 245 0
239 294 0
240 271 0
243 263 0
245 296 0
247 254 0
248 263 0
251 289 0
252 255 0
253 283 0
254 285 0
254 300 0
256 273 0
256 293 0
259 272 0
260 263 0
269 277 0
274 293 0
288 300 0
290 300 0
