600 749 0
1 233 0
2 91 0
2 368 0
2 393 0
2 474 0
2 545 0
3 140 0
3 314 0
3 542 0
3 585 0
4 152 0
5 513 0
6 384 0
6 535 0
6 584 0
7 242 0
8 502 0
9 60 0
10 140 0
10 235 0
10 568 0
10 575 0
11 437 0
12 71 0
12 98 0
12 255 0
12 509 0
12 566 0
13 565 0
14 475 0
15 224 0
15 354 0
15 411 0
15 447 0
16 217 0
17 55 0
17 252 0
17 456 0
17 480 0
18 81 0
18 294 0
18 338 0
18 491 0
19 87 0
19 130 0
19 216 0
19 249 0
19 300 0
19 410 0
20 202 0
21 123 0
21 284 0
21 356 0
21 392 0
22 90 0
23 90 0
24 75 0
25 39 0
25 50 0
25 162 0
25 346 0
26 43 0
26 160 0
26 231 0
27 101 0
27 176 0
27 224 0
27 356 0
27 425 0
27 543 0
28 178 0
29 141 0
29 226 0
29 296 0
29 418 0
29 426 0
29 464 0
30 128 0
30 217 0
30 588 0
31 190 0
31 266 0
31 334 0
31 501 0
32 328 0
33 431 0
34 39 0
34 104 0
34 183 0
34 292 0
34 326 0
34 347 0
35 572 0
36 260 0
37 122 0
38 180 0
39 328 0
40 193 0
40 244 0
40 312 0
40 408 0
41 537 0
42 332 0
43 145 0
43 280 0
43 386 0
43 463 0
43 482 0
44 206 0
45 227 0
45 302 0
45 306 0
45 317 0
46 285 0
47 343 0
48 492 0
49 195 0
49 226 0
49 229 0
49 246 0
49 536 0
50 120 0
50 181 0
50 485 0
50 500 0
51 52 0
52 307 0
52 315 0
52 347 0
52 439 0
53 145 0
53 163 0
53 184 0
53 289 0
53 430 0
53 440 0
54 414 0
56 398 0
57 129 0
57 158 0
57 230 0
57 333 0
57 347 0
57 434 0
57 594 0
58 217 0
59 564 0
60 241 0
60 503 0
60 584 0
61 106 0
62 276 0
62 308 0
62 423 0
62 450 0
62 477 0
62 542 0
63 232 0
64 475 0
65 570 0
66 467 0
67 221 0
67 232 0
67 507 0
68 240 0
69 131 0
69 341 0
69 496 0
69 576 0
69 577 0
70 222 0
71 387 0
71 508 0
72 153 0
72 175 0
72 182 0
72 345 0
73 210 0
74 221 0
75 100 0
75 170 0
75 212 0
75 336 0
76 245 0
77 235 0
78 232 0
79 312 0
79 473 0
79 501 0
79 578 0
80 209 0
82 567 0
83 299 0
84 576 0
85 104 0
85 145 0
85 407 0
85 590 0
86 274 0
87 425 0
87 521 0
87 576 0
88 260 0
88 349 0
88 366 0
88 375 0
89 571 0
90 268 0
90 389 0
90 594 0
92 409 0
93 242 0
93 253 0
93 364 0
94 504 0
95 388 0
96 173 0
97 449 0
97 537 0
97 572 0
98 386 0
98 508 0
98 535 0
99 207 0
99 224 0
99 291 0
99 457 0
100 278 0
100 491 0
101 219 0
101 397 0
102 597 0
103 109 0
103 120 0
103 134 0
103 239 0
103 580 0
104 151 0
104 473 0
105 143 0
105 179 0
105 214 0
105 311 0
105 405 0
105 554 0
106 141 0
106 261 0
106 579 0
107 162 0
108 454 0
109 127 0
109 198 0
109 387 0
110 247 0
111 364 0
112 164 0
112 314 0
112 353 0
112 516 0
113 470 0
114 148 0
115 213 0
115 281 0
115 400 0
115 600 0
116 414 0
117 225 0
117 325 0
117 369 0
117 403 0
118 217 0
119 141 0
119 354 0
119 583 0
120 412 0
121 398 0
122 218 0
122 352 0
122 453 0
123 169 0
123 364 0
123 565 0
124 492 0
125 146 0
125 409 0
125 469 0
126 279 0
126 452 0
126 491 0
126 582 0
128 132 0
128 205 0
128 316 0
129 191 0
129 260 0
129 420 0
130 169 0
130 369 0
130 489 0
130 556 0
131 155 0
131 314 0
131 472 0
132 147 0
132 232 0
132 247 0
132 387 0
133 508 0
135 278 0
136 541 0
137 245 0
138 203 0
138 331 0
138 494 0
138 584 0
139 251 0
140 195 0
140 242 0
140 328 0
140 527 0
141 572 0
142 420 0
144 342 0
146 248 0
146 283 0
146 348 0
146 377 0
146 461 0
147 247 0
147 555 0
148 361 0
148 561 0
148 595 0
149 591 0
150 431 0
151 173 0
151 405 0
152 158 0
152 282 0
152 310 0
152 384 0
154 211 0
155 206 0
155 376 0
155 454 0
156 461 0
156 484 0
156 500 0
156 512 0
157 269 0
158 253 0
159 388 0
160 166 0
160 191 0
160 362 0
160 375 0
161 228 0
161 336 0
161 458 0
161 592 0
162 227 0
162 384 0
164 222 0
164 278 0
164 502 0
165 470 0
166 438 0
166 500 0
166 579 0
167 431 0
168 201 0
169 491 0
169 578 0
171 376 0
172 342 0
173 243 0
173 271 0
174 576 0
175 203 0
175 332 0
175 507 0
175 547 0
177 242 0
178 382 0
178 424 0
178 440 0
179 239 0
179 247 0
179 400 0
179 520 0
180 185 0
180 438 0
180 562 0
184 233 0
184 564 0
186 372 0
187 541 0
188 251 0
189 527 0
191 282 0
191 561 0
192 527 0
194 349 0
195 504 0
196 504 0
197 539 0
199 565 0
200 202 0
200 319 0
200 431 0
200 460 0
201 466 0
201 501 0
201 526 0
202 267 0
202 365 0
203 431 0
204 330 0
206 421 0
206 559 0
208 211 0
209 312 0
209 428 0
209 429 0
210 288 0
210 325 0
210 471 0
211 218 0
211 483 0
214 299 0
214 497 0
215 285 0
216 496 0
216 555 0
217 410 0
217 439 0
218 482 0
218 571 0
219 292 0
219 500 0
219 572 0
220 248 0
220 378 0
220 413 0
220 451 0
220 486 0
221 252 0
221 406 0
221 498 0
222 303 0
222 599 0
223 295 0
224 267 0
224 319 0
226 296 0
226 442 0
226 547 0
227 251 0
227 370 0
231 236 0
231 314 0
231 498 0
231 549 0
231 578 0
232 257 0
233 271 0
233 315 0
233 544 0
233 574 0
234 330 0
235 256 0
235 389 0
235 394 0
235 510 0
235 520 0
236 401 0
236 585 0
237 278 0
238 299 0
239 437 0
240 305 0
240 315 0
240 422 0
242 270 0
242 498 0
245 380 0
245 404 0
245 516 0
247 358 0
247 461 0
248 386 0
248 463 0
248 567 0
250 576 0
251 478 0
252 387 0
252 583 0
253 293 0
253 516 0
253 524 0
253 532 0
254 539 0
256 300 0
256 314 0
256 489 0
256 540 0
258 300 0
258 465 0
258 501 0
258 531 0
259 523 0
260 265 0
260 505 0
262 372 0
263 560 0
264 496 0
267 313 0
269 373 0
269 441 0
269 584 0
269 587 0
271 375 0
271 560 0
272 389 0
272 432 0
272 446 0
272 522 0
273 479 0
274 336 0
274 399 0
274 533 0
275 299 0
275 571 0
275 588 0
277 567 0
280 393 0
280 407 0
280 440 0
282 409 0
282 597 0
285 491 0
285 574 0
285 598 0
286 588 0
287 567 0
290 462 0
292 350 0
292 579 0
295 383 0
295 438 0
295 566 0
295 581 0
296 560 0
297 497 0
298 535 0
299 348 0
299 579 0
301 537 0
304 349 0
308 341 0
308 343 0
309 364 0
312 564 0
313 321 0
313 540 0
313 557 0
313 585 0
314 412 0
318 591 0
319 336 0
319 578 0
320 401 0
322 372 0
323 552 0
324 552 0
325 350 0
325 386 0
326 482 0
326 539 0
326 570 0
327 507 0
328 346 0
328 371 0
328 448 0
329 571 0
330 354 0
330 366 0
330 473 0
332 412 0
332 459 0
333 508 0
333 537 0
335 502 0
337 523 0
339 342 0
340 409 0
341 346 0
341 518 0
342 473 0
343 353 0
343 362 0
343 378 0
343 519 0
344 350 0
346 393 0
346 554 0
348 497 0
349 438 0
349 555 0
350 410 0
350 435 0
350 558 0
351 402 0
351 422 0
351 450 0
351 495 0
353 388 0
353 537 0
354 576 0
355 467 0
356 450 0
357 583 0
358 521 0
358 583 0
359 462 0
360 469 0
362 405 0
363 398 0
364 518 0
366 393 0
367 437 0
369 469 0
370 389 0
370 400 0
370 518 0
370 549 0
372 400 0
374 489 0
375 405 0
375 422 0
376 385 0
376 444 0
378 527 0
379 414 0
380 460 0
380 568 0
381 568 0
384 479 0
384 540 0
387 549 0
388 445 0
390 541 0
391 449 0
393 437 0
393 588 0
395 449 0
396 560 0
397 474 0
397 496 0
397 572 0
398 542 0
400 541 0
401 548 0
401 585 0
405 475 0
405 497 0
407 470 0
407 523 0
409 593 0
412 568 0
414 472 0
415 571 0
416 513 0
417 556 0
419 462 0
420 529 0
420 534 0
422 504 0
425 475 0
426 460 0
426 521 0
427 502 0
433 560 0
436 460 0
439 547 0
439 591 0
440 469 0
441 479 0
441 502 0
442 468 0
442 506 0
442 520 0
443 507 0
445 474 0
445 579 0
449 542 0
450 576 0
454 487 0
454 555 0
455 565 0
460 554 0
460 575 0
462 472 0
463 497 0
467 561 0
467 596 0
469 530 0
469 577 0
470 525 0
472 479 0
473 552 0
474 496 0
474 521 0
476 535 0
479 586 0
481 572 0
482 584 0
486 521 0
486 570 0
488 556 0
489 589 0
490 552 0
492 499 0
492 561 0
493 588 0
496 553 0
500 572 0
504 566 0
508 563 0
511 527 0
513 550 0
513 585 0
514 568 0
515 570 0
516 521 0
517 597 0
523 569 0
528 564 0
538 556 0
539 573 0
542 555 0
546 597 0
547 549 0
551 591 0
568 579 0
574 583 0
575 577 0
576 577 0
584 594 0
