250 321 0
1 134 0
2 77 0
2 111 0
2 114 0
2 134 0
2 212 0
3 102 0
4 125 0
5 157 0
6 124 0
6 131 0
6 203 0
6 217 0
6 235 0
7 105 0
8 23 0
8 115 0
8 135 0
8 200 0
9 155 0
9 230 0
10 224 0
11 125 0
11 205 0
12 23 0
12 166 0
13 228 0
14 234 0
15 28 0
15 70 0
15 90 0
15 155 0
15 174 0
16 148 0
16 175 0
17 32 0
17 48 0
17 83 0
17 118 0
18 179 0
18 225 0
19 125 0
20 157 0
20 200 0
20 228 0
21 25 0
21 40 0
21 177 0
21 227 0
21 238 0
22 128 0
22 243 0
23 161 0
23 221 0
23 222 0
24 101 0
24 157 0
24 212 0
24 215 0
24 236 0
25 30 0
25 92 0
25 159 0
26 100 0
27 128 0
27 175 0
28 102 0
28 150 0
29 234 0
30 195 0
31 173 0
32 57 0
32 108 0
32 142 0
33 175 0
34 142 0
35 116 0
36 111 0
36 192 0
37 45 0
38 100 0
39 121 0
39 234 0
41 50 0
41 193 0
42 57 0
43 91 0
43 128 0
44 100 0
45 88 0
45 90 0
45 184 0
46 218 0
47 193 0
48 141 0
49 186 0
50 92 0
50 144 0
50 237 0
51 134 0
51 235 0
52 77 0
53 135 0
54 245 0
55 142 0
56 80 0
56 122 0
56 152 0
57 64 0
57 167 0
58 80 0
58 118 0
59 82 0
60 235 0
61 147 0
62 135 0
63 138 0
63 177 0
65 175 0
66 138 0
66 139 0
67 106 0
68 128 0
69 200 0
70 123 0
71 144 0
72 84 0
73 119 0
74 92 0
74 174 0
74 224 0
75 98 0
75 206 0
75 230 0
75 245 0
76 145 0
76 179 0
76 196 0
76 248 0
77 205 0
77 216 0
77 231 0
78 147 0
79 156 0
80 92 0
80 113 0
81 199 0
82 96 0
82 139 0
82 149 0
83 92 0
83 198 0
83 227 0
84 96 0
84 130 0
84 142 0
84 176 0
84 187 0
85 101 0
86 186 0
87 97 0
87 147 0
87 228 0
87 234 0
89 116 0
90 162 0
90 183 0
91 115 0
91 145 0
91 188 0
91 243 0
93 245 0
94 140 0
95 142 0
96 202 0
96 224 0
97 104 0
97 162 0
97 212 0
98 140 0
99 166 0
100 113 0
101 153 0
101 220 0
102 204 0
102 221 0
102 246 0
103 108 0
103 119 0
103 144 0
103 206 0
104 135 0
104 161 0
104 202 0
105 160 0
105 194 0
105 242 0
105 247 0
106 113 0
106 136 0
106 166 0
106 182 0
107 144 0
108 138 0
108 145 0
108 161 0
108 186 0
109 178 0
110 120 0
110 198 0
110 208 0
110 239 0
111 151 0
111 190 0
112 200 0
113 212 0
114 141 0
115 121 0
115 122 0
115 127 0
115 141 0
116 123 0
116 137 0
117 206 0
118 224 0
119 165 0
119 249 0
125 190 0
125 227 0
126 199 0
128 203 0
129 226 0
132 138 0
133 235 0
134 150 0
134 163 0
135 197 0
137 141 0
137 188 0
137 193 0
137 202 0
138 221 0
140 238 0
140 239 0
141 180 0
141 189 0
142 239 0
143 195 0
144 159 0
145 156 0
146 173 0
147 247 0
148 193 0
150 245 0
151 154 0
152 173 0
152 178 0
152 202 0
152 225 0
154 200 0
156 201 0
156 240 0
157 222 0
157 229 0
158 225 0
159 181 0
159 201 0
161 214 0
162 203 0
162 219 0
164 201 0
164 218 0
166 171 0
166 194 0
168 195 0
169 183 0
170 178 0
171 176 0
172 218 0
173 191 0
175 219 0
175 220 0
175 234 0
176 224 0
178 216 0
181 206 0
181 245 0
182 218 0
183 223 0
183 233 0
183 249 0
185 226 0
186 222 0
186 244 0
188 223 0
192 235 0
194 214 0
194 218 0
195 227 0
198 230 0
199 203 0
199 211 0
204 206 0
204 240 0
207 225 0
209 228 0
210 226 0
213 230 0
214 227 0
214 239 0
215 226 0
219 221 0
219 230 0
219 237 0
221 235 0
222 226 0
227 247 0
228 241 0
232 237 0
237 250 0
239 245 0
