400 549 0
1 10 0
1 165 0
1 227 0
1 307 0
2 106 0
2 221 0
2 293 0
2 388 0
3 225 0
4 179 0
4 233 0
4 286 0
4 393 0
5 161 0
6 193 0
6 228 0
6 365 0
7 217 0
7 275 0
8 295 0
9 64 0
9 171 0
11 21 0
11 76 0
12 161 0
12 396 0
13 193 0
13 228 0
14 74 0
14 316 0
14 322 0
14 393 0
15 211 0
15 290 0
16 244 0
16 315 0
17 309 0
17 386 0
18 42 0
19 45 0
20 171 0
20 196 0
21 35 0
21 178 0
21 289 0
21 375 0
22 59 0
22 297 0
22 310 0
23 42 0
23 237 0
24 259 0
25 45 0
26 108 0
26 260 0
26 346 0
26 395 0
27 56 0
27 79 0
27 281 0
27 306 0
27 347 0
28 90 0
28 134 0
28 252 0
28 329 0
28 375 0
29 32 0
29 199 0
30 122 0
30 169 0
30 172 0
30 315 0
31 47 0
32 93 0
32 207 0
32 278 0
32 395 0
33 115 0
33 179 0
33 288 0
34 69 0
34 144 0
35 60 0
35 85 0
36 79 0
36 193 0
36 246 0
36 368 0
36 387 0
37 51 0
37 125 0
37 161 0
37 229 0
37 298 0
38 140 0
38 148 0
38 334 0
38 345 0
39 46 0
39 381 0
40 93 0
40 217 0
40 314 0
40 376 0
41 220 0
41 224 0
41 325 0
42 189 0
42 204 0
42 368 0
43 175 0
43 305 0
43 357 0
43 370 0
44 118 0
45 131 0
45 166 0
46 113 0
46 291 0
46 343 0
47 187 0
47 244 0
47 371 0
48 325 0
49 105 0
49 122 0
50 76 0
50 267 0
51 286 0
51 392 0
52 153 0
53 318 0
54 76 0
55 56 0
55 142 0
55 215 0
55 262 0
55 278 0
55 350 0
55 387 0
56 69 0
56 216 0
57 164 0
57 296 0
58 354 0
59 215 0
60 161 0
60 193 0
60 260 0
60 272 0
61 387 0
62 171 0
62 231 0
62 309 0
62 387 0
63 286 0
64 139 0
64 328 0
64 394 0
65 86 0
65 346 0
66 311 0
67 115 0
67 158 0
67 164 0
67 246 0
68 216 0
68 349 0
68 350 0
68 356 0
69 108 0
69 253 0
69 282 0
69 331 0
69 362 0
70 185 0
71 75 0
71 326 0
71 387 0
72 156 0
72 294 0
72 333 0
72 353 0
73 211 0
73 233 0
74 157 0
74 219 0
74 234 0
75 129 0
75 145 0
75 153 0
75 167 0
76 288 0
76 310 0
77 94 0
77 279 0
77 328 0
78 222 0
79 168 0
79 191 0
79 276 0
80 106 0
80 131 0
80 299 0
80 329 0
81 337 0
82 122 0
83 286 0
84 295 0
85 193 0
85 245 0
85 249 0
85 273 0
86 103 0
86 195 0
86 216 0
87 182 0
88 248 0
89 326 0
91 267 0
92 220 0
92 258 0
93 161 0
93 217 0
93 252 0
93 301 0
93 345 0
94 209 0
94 266 0
94 281 0
95 142 0
96 237 0
97 336 0
98 119 0
98 138 0
99 225 0
99 295 0
99 369 0
99 393 0
100 138 0
100 250 0
100 304 0
101 226 0
102 179 0
104 233 0
105 129 0
105 143 0
105 256 0
105 321 0
106 269 0
106 298 0
106 371 0
107 125 0
107 346 0
108 280 0
108 317 0
109 304 0
109 383 0
110 182 0
111 253 0
112 119 0
112 172 0
114 299 0
115 198 0
115 294 0
116 293 0
117 272 0
117 353 0
118 158 0
118 194 0
118 204 0
118 298 0
118 313 0
119 129 0
119 162 0
119 185 0
119 260 0
120 247 0
121 171 0
121 204 0
122 200 0
123 142 0
124 259 0
125 133 0
126 183 0
126 254 0
127 221 0
128 369 0
129 172 0
129 367 0
130 293 0
130 365 0
131 171 0
131 172 0
131 220 0
131 285 0
132 341 0
133 325 0
134 288 0
135 286 0
136 250 0
137 367 0
138 253 0
139 210 0
139 219 0
139 222 0
139 252 0
140 182 0
141 318 0
142 287 0
143 361 0
144 230 0
144 253 0
144 347 0
144 358 0
144 396 0
145 338 0
146 353 0
147 156 0
147 290 0
147 336 0
147 341 0
148 193 0
148 279 0
148 304 0
149 237 0
150 365 0
151 311 0
152 370 0
153 206 0
153 246 0
154 322 0
154 336 0
155 222 0
155 259 0
155 372 0
156 263 0
156 313 0
156 343 0
159 207 0
159 248 0
160 305 0
160 339 0
160 370 0
161 282 0
163 294 0
164 183 0
164 307 0
165 312 0
167 316 0
168 239 0
168 278 0
168 375 0
169 242 0
169 270 0
169 335 0
169 384 0
170 341 0
171 296 0
172 269 0
173 346 0
174 365 0
174 382 0
175 235 0
175 243 0
175 308 0
176 294 0
177 333 0
177 370 0
179 276 0
179 370 0
180 275 0
181 357 0
182 375 0
184 225 0
185 246 0
185 284 0
185 399 0
186 243 0
186 337 0
188 220 0
189 319 0
190 252 0
190 275 0
190 299 0
190 322 0
190 383 0
191 263 0
191 269 0
192 222 0
192 280 0
194 326 0
195 349 0
196 311 0
197 226 0
198 256 0
198 340 0
199 387 0
201 283 0
201 301 0
202 254 0
203 261 0
203 297 0
205 346 0
206 209 0
208 221 0
210 238 0
210 271 0
210 339 0
211 354 0
212 228 0
213 253 0
214 266 0
214 270 0
214 320 0
215 232 0
215 345 0
216 259 0
216 377 0
218 275 0
220 240 0
220 385 0
221 327 0
223 295 0
223 383 0
224 254 0
225 363 0
226 288 0
226 314 0
226 379 0
228 266 0
228 360 0
228 368 0
231 295 0
232 395 0
233 300 0
236 341 0
237 264 0
237 306 0
238 392 0
239 326 0
239 337 0
239 361 0
239 365 0
240 362 0
241 309 0
242 297 0
244 340 0
246 267 0
247 306 0
247 374 0
247 389 0
248 368 0
248 392 0
250 278 0
250 283 0
251 357 0
252 269 0
253 350 0
253 377 0
254 343 0
255 267 0
257 353 0
258 340 0
259 344 0
261 279 0
261 338 0
262 362 0
263 305 0
263 393 0
264 299 0
265 388 0
267 321 0
267 355 0
268 315 0
272 325 0
274 322 0
275 289 0
276 351 0
277 290 0
278 340 0
281 305 0
281 335 0
281 346 0
281 354 0
281 361 0
283 310 0
285 337 0
286 349 0
286 374 0
287 349 0
288 306 0
288 312 0
288 320 0
288 369 0
289 347 0
290 330 0
292 303 0
292 309 0
293 302 0
295 301 0
297 371 0
298 338 0
299 368 0
301 324 0
301 341 0
301 361 0
303 369 0
304 326 0
305 307 0
307 318 0
309 343 0
311 371 0
312 338 0
315 331 0
316 359 0
316 380 0
316 382 0
318 326 0
318 390 0
319 370 0
320 377 0
320 381 0
322 352 0
322 373 0
323 347 0
323 351 0
323 352 0
323 366 0
323 398 0
325 347 0
326 375 0
328 338 0
332 383 0
333 348 0
333 396 0
334 369 0
336 386 0
338 374 0
340 397 0
342 362 0
351 395 0
354 382 0
357 400 0
364 367 0
367 372 0
378 388 0
388 391 0
