80 147 0
1 4 0
1 22 0
1 27 0
1 42 0
1 47 0
1 56 0
1 74 0
1 78 0
2 6 0
2 46 0
3 4 0
3 48 0
3 51 0
4 11 0
4 18 0
5 13 0
5 20 0
5 35 0
5 72 0
6 38 0
6 69 0
6 75 0
6 77 0
7 10 0
7 19 0
7 30 0
7 45 0
7 58 0
7 73 0
8 19 0
8 30 0
8 35 0
8 49 0
8 71 0
9 13 0
9 14 0
9 61 0
9 68 0
9 75 0
9 80 0
10 18 0
10 40 0
10 49 0
10 54 0
10 65 0
11 37 0
11 47 0
11 61 0
12 18 0
12 57 0
13 14 0
13 44 0
13 46 0
13 58 0
14 21 0
14 31 0
15 30 0
15 49 0
15 72 0
16 80 0
17 32 0
17 38 0
17 57 0
18 27 0
18 28 0
18 36 0
18 40 0
18 46 0
18 50 0
20 27 0
20 49 0
20 60 0
20 64 0
20 76 0
21 58 0
21 79 0
21 80 0
22 57 0
22 70 0
23 49 0
23 63 0
24 38 0
24 56 0
24 61 0
25 71 0
26 36 0
26 41 0
26 62 0
26 68 0
27 38 0
27 54 0
27 63 0
28 38 0
29 48 0
29 60 0
30 61 0
30 74 0
31 34 0
31 58 0
31 66 0
31 75 0
32 71 0
33 38 0
34 64 0
34 69 0
35 54 0
36 37 0
36 44 0
36 57 0
36 63 0
38 75 0
39 51 0
39 54 0
39 57 0
39 59 0
39 60 0
39 75 0
39 79 0
40 52 0
40 54 0
41 63 0
41 64 0
42 72 0
43 48 0
44 47 0
44 59 0
44 60 0
45 67 0
47 54 0
48 60 0
50 76 0
52 68 0
53 63 0
53 77 0
54 74 0
55 67 0
57 63 0
57 73 0
58 67 0
60 77 0
62 67 0
65 80 0
67 70 0
68 71 0
70 71 0
72 75 0
75 77 0
