900 1034 0
1 326 0
2 148 0
2 219 0
2 457 0
2 720 0
3 80 0
3 289 0
3 333 0
3 459 0
3 655 0
4 97 0
4 191 0
4 202 0
4 679 0
5 328 0
6 462 0
7 232 0
8 479 0
9 592 0
10 19 0
10 246 0
10 568 0
11 599 0
12 607 0
13 43 0
13 193 0
13 776 0
13 860 0
14 326 0
14 356 0
14 684 0
14 737 0
14 822 0
15 465 0
16 868 0
17 214 0
17 480 0
17 806 0
17 836 0
18 433 0
19 40 0
19 181 0
19 199 0
19 424 0
20 35 0
21 77 0
21 122 0
21 347 0
21 627 0
21 642 0
22 203 0
22 213 0
22 562 0
22 615 0
23 425 0
24 277 0
24 611 0
24 658 0
24 755 0
25 776 0
26 323 0
27 151 0
27 404 0
27 412 0
27 798 0
28 43 0
29 276 0
29 296 0
29 379 0
29 518 0
29 718 0
30 118 0
30 136 0
30 381 0
30 814 0
31 508 0
32 112 0
33 745 0
34 70 0
34 386 0
34 456 0
34 791 0
35 158 0
35 237 0
35 882 0
36 513 0
37 121 0
37 267 0
37 664 0
37 666 0
38 450 0
39 59 0
39 179 0
39 613 0
39 726 0
41 774 0
42 244 0
42 398 0
42 800 0
42 815 0
43 85 0
43 730 0
44 185 0
45 789 0
46 582 0
47 61 0
48 218 0
49 777 0
50 342 0
50 360 0
50 570 0
51 255 0
52 473 0
53 472 0
54 422 0
55 117 0
56 137 0
57 401 0
58 126 0
58 748 0
58 799 0
60 61 0
60 67 0
60 508 0
61 86 0
61 259 0
61 743 0
62 826 0
63 113 0
63 619 0
63 749 0
63 886 0
64 489 0
65 530 0
66 147 0
67 121 0
67 223 0
67 465 0
67 742 0
67 754 0
68 251 0
69 83 0
69 325 0
69 454 0
69 635 0
71 285 0
72 96 0
72 108 0
72 340 0
72 595 0
73 292 0
73 440 0
73 557 0
73 603 0
73 762 0
74 476 0
75 257 0
76 257 0
76 443 0
76 894 0
78 479 0
79 372 0
79 462 0
79 619 0
79 725 0
81 161 0
81 225 0
81 569 0
81 587 0
82 453 0
83 487 0
83 640 0
83 836 0
83 871 0
84 89 0
86 174 0
86 795 0
87 598 0
88 873 0
89 165 0
89 314 0
89 398 0
89 403 0
89 588 0
90 165 0
90 347 0
90 563 0
90 706 0
91 640 0
92 868 0
93 885 0
94 465 0
95 188 0
95 202 0
95 457 0
95 546 0
96 188 0
96 273 0
96 440 0
98 257 0
99 344 0
100 595 0
101 745 0
102 568 0
103 582 0
104 587 0
105 195 0
106 228 0
107 521 0
108 265 0
108 514 0
108 731 0
109 263 0
109 369 0
109 470 0
109 750 0
110 792 0
111 795 0
112 134 0
112 160 0
112 672 0
113 315 0
113 554 0
113 760 0
114 570 0
115 608 0
116 319 0
116 405 0
116 564 0
116 729 0
117 283 0
117 364 0
117 504 0
119 128 0
119 169 0
119 176 0
119 844 0
120 749 0
121 258 0
121 656 0
122 342 0
122 361 0
122 607 0
123 154 0
123 677 0
123 808 0
123 854 0
124 295 0
125 425 0
126 361 0
126 677 0
126 684 0
126 800 0
127 298 0
127 522 0
127 824 0
127 848 0
129 238 0
130 776 0
131 702 0
132 395 0
133 303 0
133 356 0
133 395 0
135 184 0
135 390 0
135 516 0
135 606 0
137 240 0
137 498 0
137 506 0
138 621 0
138 889 0
138 891 0
139 185 0
140 571 0
141 593 0
141 635 0
141 782 0
142 630 0
143 608 0
144 572 0
145 822 0
146 329 0
147 355 0
147 781 0
147 843 0
149 342 0
150 174 0
150 231 0
150 556 0
150 567 0
152 286 0
152 646 0
152 755 0
152 847 0
153 395 0
154 216 0
154 362 0
154 859 0
154 862 0
155 488 0
156 660 0
156 759 0
156 764 0
156 802 0
157 366 0
157 439 0
157 545 0
157 637 0
159 223 0
159 252 0
159 388 0
161 173 0
161 494 0
161 853 0
162 652 0
163 443 0
164 837 0
165 287 0
165 745 0
165 836 0
166 483 0
166 508 0
166 590 0
166 898 0
167 329 0
168 568 0
170 323 0
171 621 0
172 177 0
172 244 0
172 581 0
172 674 0
174 193 0
174 250 0
174 850 0
175 523 0
176 255 0
176 425 0
176 590 0
177 240 0
177 553 0
177 814 0
178 444 0
178 531 0
178 689 0
178 862 0
178 876 0
180 401 0
181 193 0
181 272 0
181 279 0
182 450 0
183 489 0
185 553 0
185 831 0
186 772 0
187 510 0
188 532 0
188 815 0
189 749 0
190 472 0
192 302 0
192 408 0
192 423 0
192 857 0
193 815 0
194 782 0
195 597 0
195 691 0
195 732 0
196 489 0
197 896 0
198 631 0
200 388 0
201 424 0
201 445 0
201 645 0
201 675 0
201 900 0
202 446 0
202 889 0
204 530 0
205 363 0
205 515 0
205 715 0
205 790 0
206 225 0
207 390 0
207 564 0
207 656 0
207 689 0
208 303 0
209 485 0
209 686 0
209 705 0
209 766 0
210 725 0
211 630 0
212 822 0
214 410 0
214 497 0
214 635 0
214 646 0
214 887 0
215 898 0
216 355 0
216 480 0
217 587 0
218 296 0
218 311 0
218 334 0
218 734 0
218 820 0
220 854 0
221 320 0
222 886 0
223 668 0
223 735 0
223 763 0
224 422 0
224 450 0
224 492 0
224 784 0
225 330 0
225 394 0
226 568 0
226 621 0
226 669 0
226 687 0
227 861 0
228 282 0
228 379 0
228 445 0
228 785 0
229 789 0
230 745 0
232 308 0
232 399 0
232 722 0
233 252 0
233 371 0
233 581 0
233 881 0
234 279 0
235 889 0
236 473 0
238 475 0
238 580 0
238 737 0
238 820 0
239 365 0
240 306 0
240 323 0
240 821 0
241 871 0
242 273 0
242 656 0
242 754 0
243 777 0
244 246 0
244 656 0
245 349 0
246 569 0
246 610 0
246 622 0
247 295 0
247 415 0
247 476 0
247 674 0
248 411 0
248 546 0
248 571 0
249 348 0
250 451 0
250 638 0
250 668 0
251 357 0
251 820 0
251 875 0
252 427 0
252 634 0
252 856 0
252 863 0
253 323 0
253 439 0
253 620 0
254 596 0
255 338 0
255 512 0
256 320 0
257 345 0
257 364 0
258 413 0
258 598 0
258 603 0
258 702 0
258 826 0
259 684 0
259 732 0
259 861 0
259 896 0
260 864 0
261 526 0
262 354 0
262 360 0
262 531 0
262 677 0
262 837 0
264 467 0
264 468 0
264 590 0
264 897 0
266 416 0
267 311 0
267 419 0
267 449 0
268 328 0
269 897 0
270 344 0
270 523 0
270 780 0
270 892 0
271 702 0
272 334 0
272 466 0
272 549 0
272 736 0
272 823 0
273 570 0
273 596 0
273 829 0
274 886 0
275 576 0
278 850 0
279 529 0
279 555 0
280 631 0
281 476 0
284 871 0
285 322 0
285 413 0
285 546 0
287 326 0
287 372 0
287 742 0
288 468 0
290 354 0
291 687 0
293 492 0
294 401 0
295 375 0
295 380 0
296 617 0
297 356 0
299 446 0
300 776 0
301 891 0
303 317 0
303 379 0
304 778 0
305 513 0
306 309 0
306 374 0
306 878 0
307 332 0
310 364 0
310 404 0
310 566 0
310 796 0
310 882 0
311 718 0
311 748 0
312 780 0
313 898 0
314 422 0
314 708 0
316 681 0
318 881 0
320 392 0
320 423 0
320 676 0
321 621 0
323 378 0
323 899 0
324 572 0
326 680 0
327 479 0
327 569 0
327 630 0
327 650 0
328 399 0
328 614 0
329 389 0
329 564 0
331 467 0
332 404 0
332 509 0
332 623 0
333 388 0
333 666 0
334 355 0
335 358 0
335 378 0
335 604 0
335 612 0
335 665 0
336 585 0
337 520 0
337 533 0
337 546 0
337 625 0
337 771 0
339 808 0
341 371 0
342 487 0
342 536 0
343 873 0
344 566 0
344 699 0
346 571 0
347 742 0
348 426 0
348 456 0
348 548 0
348 869 0
349 359 0
349 399 0
349 768 0
350 352 0
351 696 0
352 544 0
352 624 0
352 818 0
353 474 0
354 830 0
354 856 0
354 884 0
355 361 0
355 416 0
355 652 0
356 498 0
356 584 0
356 676 0
358 575 0
358 608 0
358 892 0
360 709 0
360 870 0
361 399 0
364 558 0
365 707 0
365 756 0
365 839 0
367 631 0
368 476 0
370 396 0
370 522 0
370 629 0
370 813 0
370 872 0
371 464 0
371 688 0
372 436 0
372 783 0
372 895 0
373 523 0
376 575 0
377 621 0
377 746 0
377 881 0
378 684 0
379 581 0
379 721 0
382 837 0
383 607 0
384 649 0
385 598 0
387 673 0
388 393 0
388 900 0
390 599 0
390 696 0
391 453 0
395 448 0
395 609 0
396 619 0
396 829 0
397 492 0
398 860 0
400 620 0
401 532 0
401 533 0
402 670 0
403 666 0
403 892 0
404 488 0
404 894 0
406 508 0
407 511 0
409 453 0
411 456 0
411 477 0
411 691 0
411 820 0
413 452 0
414 696 0
415 424 0
415 534 0
415 753 0
415 858 0
416 533 0
416 874 0
417 897 0
418 592 0
420 871 0
421 578 0
422 566 0
422 594 0
422 711 0
423 578 0
423 581 0
425 797 0
426 553 0
426 891 0
428 799 0
429 780 0
430 773 0
431 881 0
432 521 0
432 669 0
432 694 0
432 807 0
432 868 0
433 481 0
433 755 0
433 801 0
434 617 0
435 650 0
437 838 0
438 704 0
439 610 0
439 681 0
439 683 0
439 704 0
440 452 0
440 487 0
440 738 0
441 468 0
442 837 0
443 547 0
443 672 0
444 450 0
444 672 0
445 684 0
445 823 0
446 471 0
446 659 0
447 576 0
450 495 0
452 559 0
452 695 0
452 728 0
453 766 0
455 488 0
455 774 0
456 542 0
456 554 0
456 617 0
457 511 0
457 774 0
458 774 0
460 885 0
461 587 0
462 505 0
462 769 0
463 510 0
465 698 0
467 618 0
467 721 0
468 657 0
468 840 0
469 748 0
470 622 0
470 748 0
470 792 0
470 821 0
472 701 0
472 756 0
473 689 0
473 866 0
474 565 0
474 756 0
474 867 0
477 590 0
477 708 0
477 800 0
477 836 0
478 617 0
479 810 0
480 524 0
480 852 0
482 724 0
483 765 0
483 817 0
483 846 0
483 883 0
484 724 0
486 773 0
488 653 0
489 715 0
490 521 0
491 754 0
492 634 0
492 879 0
493 585 0
496 799 0
498 837 0
499 704 0
500 806 0
501 799 0
502 666 0
503 777 0
507 596 0
510 655 0
510 851 0
511 602 0
511 690 0
513 655 0
513 719 0
517 724 0
519 842 0
521 616 0
522 569 0
522 842 0
523 712 0
525 630 0
526 546 0
526 692 0
526 737 0
526 835 0
527 829 0
528 608 0
530 564 0
530 823 0
531 754 0
532 773 0
532 873 0
535 746 0
537 850 0
538 570 0
539 670 0
540 754 0
541 649 0
542 558 0
542 708 0
543 572 0
544 571 0
544 761 0
544 772 0
544 784 0
550 774 0
551 669 0
551 673 0
551 782 0
551 789 0
552 666 0
553 585 0
553 649 0
554 737 0
558 739 0
558 779 0
560 575 0
561 673 0
562 610 0
562 620 0
562 885 0
568 862 0
570 872 0
572 814 0
573 806 0
574 583 0
574 592 0
574 655 0
575 583 0
576 663 0
576 691 0
576 729 0
577 738 0
578 717 0
578 803 0
579 896 0
582 727 0
582 814 0
583 657 0
583 772 0
583 894 0
585 671 0
586 778 0
589 864 0
590 635 0
591 664 0
592 609 0
593 655 0
593 665 0
593 748 0
593 892 0
595 676 0
595 890 0
596 714 0
598 828 0
599 644 0
599 747 0
600 795 0
601 767 0
603 885 0
605 792 0
607 718 0
607 877 0
609 622 0
609 767 0
610 672 0
613 674 0
613 778 0
613 891 0
619 756 0
619 796 0
620 845 0
622 655 0
626 795 0
628 808 0
631 646 0
631 766 0
631 894 0
632 860 0
633 898 0
634 641 0
636 881 0
639 829 0
640 865 0
640 894 0
641 821 0
641 855 0
641 900 0
643 673 0
647 696 0
648 746 0
649 841 0
650 708 0
650 713 0
651 772 0
652 683 0
652 811 0
654 767 0
656 669 0
657 749 0
660 677 0
660 799 0
660 864 0
661 664 0
662 826 0
664 812 0
665 694 0
667 778 0
668 829 0
670 710 0
670 882 0
672 765 0
672 777 0
672 835 0
674 900 0
678 767 0
681 685 0
681 834 0
682 782 0
683 872 0
684 715 0
687 741 0
687 758 0
689 729 0
689 746 0
691 795 0
693 694 0
694 825 0
697 873 0
700 772 0
702 788 0
703 792 0
704 733 0
708 782 0
715 724 0
716 746 0
721 746 0
723 725 0
725 757 0
732 872 0
738 742 0
738 833 0
740 822 0
744 808 0
751 838 0
752 780 0
755 784 0
761 822 0
761 861 0
765 789 0
766 892 0
770 886 0
772 872 0
773 805 0
775 842 0
776 856 0
784 815 0
786 861 0
787 896 0
793 864 0
794 838 0
796 800 0
796 892 0
804 897 0
806 816 0
807 837 0
807 891 0
809 842 0
819 889 0
826 888 0
827 854 0
829 835 0
832 854 0
838 882 0
849 860 0
850 893 0
868 880 0
