250 273 0
1 9 0
2 88 0
2 139 0
2 190 0
2 192 0
3 23 0
3 162 0
3 164 0
3 242 0
4 163 0
5 10 0
5 61 0
5 131 0
5 207 0
6 69 0
7 182 0
8 213 0
9 20 0
9 236 0
9 237 0
10 58 0
10 97 0
10 110 0
10 146 0
11 34 0
11 53 0
11 178 0
11 210 0
11 216 0
12 98 0
12 100 0
12 210 0
12 234 0
13 146 0
14 36 0
15 247 0
16 116 0
16 145 0
17 180 0
17 223 0
18 97 0
19 58 0
19 92 0
19 112 0
19 154 0
21 47 0
21 71 0
22 163 0
24 190 0
25 55 0
25 59 0
25 63 0
25 185 0
25 241 0
26 36 0
27 44 0
28 83 0
29 51 0
29 64 0
29 141 0
29 199 0
30 120 0
30 197 0
30 213 0
30 232 0
31 212 0
31 249 0
32 179 0
32 183 0
32 186 0
32 211 0
33 54 0
33 103 0
33 118 0
33 214 0
35 235 0
36 135 0
36 147 0
37 217 0
38 193 0
39 75 0
39 100 0
39 145 0
39 185 0
40 122 0
40 212 0
41 89 0
41 133 0
41 158 0
41 221 0
42 235 0
43 150 0
44 53 0
44 152 0
44 195 0
45 57 0
45 63 0
45 204 0
45 209 0
46 182 0
47 118 0
47 134 0
47 148 0
48 62 0
48 200 0
48 201 0
48 211 0
49 120 0
50 217 0
52 208 0
53 60 0
53 232 0
56 213 0
60 168 0
60 227 0
60 229 0
63 110 0
63 184 0
65 222 0
66 184 0
67 78 0
67 126 0
68 201 0
68 206 0
68 249 0
69 86 0
69 111 0
69 164 0
70 215 0
71 160 0
72 122 0
73 197 0
74 150 0
76 137 0
77 159 0
78 87 0
78 154 0
78 167 0
79 159 0
80 217 0
81 146 0
82 139 0
83 89 0
83 127 0
83 170 0
83 218 0
84 208 0
85 114 0
85 124 0
85 222 0
85 225 0
88 100 0
88 118 0
88 132 0
89 110 0
89 212 0
90 222 0
91 114 0
91 116 0
91 137 0
91 193 0
93 230 0
94 184 0
95 116 0
95 221 0
96 115 0
97 161 0
97 248 0
99 113 0
100 235 0
101 110 0
101 132 0
101 172 0
102 116 0
104 247 0
105 124 0
106 230 0
107 146 0
108 122 0
109 139 0
113 119 0
113 175 0
113 182 0
114 172 0
114 182 0
115 174 0
115 189 0
115 205 0
115 218 0
117 196 0
117 249 0
118 125 0
118 217 0
120 191 0
120 198 0
121 153 0
122 154 0
122 243 0
123 223 0
124 138 0
124 224 0
124 240 0
125 197 0
126 222 0
127 137 0
128 193 0
129 149 0
130 225 0
132 167 0
132 239 0
132 244 0
136 192 0
137 206 0
139 203 0
140 190 0
141 153 0
141 160 0
141 232 0
142 192 0
143 173 0
143 180 0
143 219 0
143 231 0
144 235 0
145 147 0
146 147 0
147 150 0
147 230 0
147 239 0
149 157 0
149 236 0
149 246 0
150 202 0
151 192 0
153 166 0
153 245 0
154 239 0
155 225 0
156 208 0
159 174 0
159 196 0
160 171 0
160 238 0
163 220 0
163 231 0
164 244 0
164 247 0
165 212 0
169 212 0
172 211 0
172 232 0
174 215 0
174 244 0
176 215 0
177 190 0
181 215 0
182 193 0
184 240 0
185 206 0
187 213 0
188 225 0
191 192 0
193 228 0
194 230 0
197 233 0
206 219 0
208 211 0
223 226 0
223 236 0
231 244 0
231 249 0
236 239 0
247 250 0
