200 244 0
1 31 0
1 154 0
2 4 0
2 10 0
2 165 0
2 189 0
3 37 0
3 62 0
3 73 0
4 32 0
4 43 0
4 134 0
5 14 0
5 123 0
6 121 0
7 15 0
7 53 0
7 70 0
7 183 0
7 195 0
8 22 0
8 26 0
8 41 0
8 62 0
8 85 0
9 27 0
10 68 0
10 92 0
10 98 0
11 26 0
11 34 0
11 111 0
11 191 0
12 145 0
13 95 0
13 106 0
13 152 0
13 155 0
14 58 0
15 52 0
15 77 0
15 152 0
15 163 0
16 96 0
16 172 0
17 39 0
17 70 0
17 84 0
17 100 0
17 150 0
17 182 0
18 181 0
19 184 0
20 154 0
21 76 0
21 77 0
21 112 0
21 157 0
21 186 0
22 67 0
22 93 0
22 102 0
22 139 0
22 145 0
23 88 0
23 122 0
23 157 0
23 170 0
23 187 0
24 107 0
25 133 0
26 58 0
26 123 0
26 184 0
27 64 0
27 68 0
27 152 0
27 164 0
28 100 0
28 167 0
29 30 0
30 137 0
30 177 0
30 186 0
30 198 0
31 33 0
31 79 0
31 110 0
32 134 0
35 182 0
36 59 0
36 132 0
36 165 0
36 193 0
37 82 0
38 133 0
39 189 0
40 102 0
40 113 0
40 128 0
40 161 0
40 163 0
40 171 0
41 108 0
41 137 0
41 176 0
42 51 0
42 52 0
42 65 0
42 152 0
44 195 0
45 82 0
45 97 0
45 107 0
45 165 0
46 108 0
47 184 0
48 183 0
48 193 0
49 176 0
50 181 0
53 84 0
53 113 0
53 200 0
54 83 0
54 135 0
54 166 0
54 190 0
55 172 0
56 58 0
56 60 0
57 119 0
57 123 0
58 72 0
58 116 0
59 115 0
59 154 0
59 156 0
59 185 0
60 157 0
60 169 0
60 196 0
61 102 0
62 123 0
62 154 0
63 181 0
66 132 0
67 102 0
68 88 0
69 193 0
70 110 0
70 130 0
70 173 0
70 180 0
71 137 0
72 78 0
72 83 0
74 104 0
74 193 0
75 147 0
75 192 0
76 121 0
76 129 0
76 172 0
77 85 0
78 124 0
80 154 0
81 121 0
82 158 0
82 179 0
82 197 0
85 93 0
85 161 0
85 165 0
86 172 0
87 129 0
88 129 0
88 159 0
89 97 0
90 147 0
91 97 0
93 110 0
93 135 0
94 100 0
95 100 0
96 102 0
96 135 0
96 136 0
96 178 0
97 175 0
98 115 0
99 195 0
100 135 0
100 160 0
101 124 0
102 127 0
103 129 0
104 145 0
105 195 0
107 150 0
107 174 0
108 117 0
108 167 0
109 193 0
110 181 0
112 172 0
114 133 0
114 185 0
118 132 0
119 189 0
120 124 0
120 139 0
121 158 0
123 168 0
124 157 0
124 162 0
125 183 0
126 147 0
131 199 0
132 141 0
133 186 0
134 181 0
137 153 0
137 188 0
138 199 0
139 140 0
139 192 0
142 176 0
142 195 0
143 176 0
144 189 0
145 146 0
147 163 0
148 154 0
149 161 0
149 184 0
151 182 0
153 178 0
157 180 0
159 199 0
160 168 0
163 199 0
182 186 0
183 194 0
