80 120 0
1 78 0
2 57 0
3 18 0
3 29 0
3 56 0
4 29 0
4 57 0
5 14 0
5 58 0
6 56 0
7 26 0
7 29 0
7 47 0
8 71 0
8 80 0
9 15 0
9 16 0
9 27 0
9 32 0
9 68 0
10 35 0
11 35 0
12 36 0
12 40 0
12 69 0
12 70 0
12 72 0
13 18 0
13 44 0
13 58 0
13 59 0
13 69 0
14 18 0
14 26 0
14 46 0
15 25 0
15 31 0
17 38 0
17 49 0
17 60 0
17 65 0
17 76 0
18 27 0
18 50 0
19 73 0
20 39 0
20 44 0
20 45 0
20 77 0
21 22 0
21 54 0
21 71 0
22 25 0
22 30 0
22 74 0
23 24 0
23 27 0
23 29 0
23 61 0
23 78 0
23 79 0
26 43 0
26 65 0
27 53 0
27 63 0
28 41 0
28 55 0
29 48 0
30 35 0
30 39 0
30 44 0
30 56 0
30 71 0
31 66 0
33 39 0
33 50 0
34 61 0
34 76 0
35 50 0
35 53 0
35 74 0
37 47 0
37 51 0
37 66 0
39 48 0
39 54 0
41 48 0
41 59 0
41 72 0
42 50 0
43 61 0
43 78 0
44 49 0
44 72 0
45 56 0
47 50 0
47 64 0
47 67 0
49 57 0
49 66 0
51 71 0
52 57 0
52 72 0
52 79 0
53 70 0
55 64 0
55 73 0
58 61 0
58 71 0
58 73 0
61 77 0
62 63 0
63 70 0
63 80 0
64 71 0
66 67 0
68 78 0
72 78 0
73 75 0
76 78 0
