800 973 0
1 694 0
2 46 0
3 35 0
3 200 0
3 216 0
3 449 0
3 514 0
4 147 0
4 234 0
4 729 0
4 793 0
5 464 0
5 630 0
6 65 0
6 378 0
6 411 0
6 542 0
6 743 0
7 70 0
7 116 0
7 143 0
7 675 0
8 204 0
8 212 0
8 548 0
8 657 0
9 426 0
10 269 0
10 352 0
10 412 0
11 172 0
12 44 0
12 287 0
12 383 0
12 593 0
12 713 0
13 237 0
13 338 0
13 354 0
13 516 0
13 695 0
14 226 0
14 273 0
14 324 0
14 400 0
14 446 0
15 347 0
16 126 0
17 633 0
18 555 0
19 395 0
20 128 0
20 365 0
20 469 0
20 584 0
20 632 0
21 505 0
22 327 0
22 333 0
22 545 0
22 687 0
23 681 0
24 378 0
25 696 0
26 199 0
26 286 0
26 392 0
26 738 0
27 201 0
28 29 0
29 90 0
29 266 0
29 326 0
29 397 0
30 308 0
30 583 0
30 800 0
31 112 0
31 206 0
31 229 0
31 647 0
32 606 0
33 445 0
34 348 0
35 75 0
35 194 0
35 269 0
36 371 0
36 688 0
36 758 0
37 372 0
38 131 0
39 299 0
40 115 0
40 379 0
40 557 0
40 735 0
40 799 0
41 159 0
41 176 0
41 603 0
41 658 0
41 663 0
42 268 0
43 75 0
43 322 0
43 510 0
43 560 0
43 633 0
44 355 0
44 570 0
44 644 0
44 790 0
45 666 0
46 164 0
46 366 0
46 520 0
47 112 0
47 444 0
47 643 0
47 774 0
48 289 0
48 316 0
48 572 0
49 800 0
50 80 0
51 76 0
51 133 0
51 294 0
51 520 0
52 684 0
52 737 0
52 752 0
52 768 0
53 501 0
53 541 0
53 791 0
54 139 0
55 606 0
56 138 0
56 397 0
56 585 0
56 726 0
56 734 0
56 762 0
57 230 0
57 356 0
57 359 0
58 95 0
58 217 0
58 246 0
58 336 0
59 91 0
59 565 0
59 578 0
59 605 0
60 295 0
60 516 0
60 626 0
60 754 0
61 352 0
62 211 0
63 571 0
64 172 0
65 502 0
65 523 0
65 530 0
65 544 0
65 549 0
66 421 0
67 387 0
68 278 0
68 592 0
68 688 0
68 775 0
69 774 0
70 134 0
70 440 0
70 741 0
71 670 0
72 168 0
73 231 0
74 225 0
74 323 0
74 793 0
75 285 0
75 393 0
77 88 0
77 209 0
77 518 0
78 731 0
79 209 0
80 105 0
80 630 0
80 709 0
81 249 0
82 221 0
83 583 0
84 174 0
84 576 0
84 599 0
84 603 0
85 181 0
85 292 0
85 304 0
85 526 0
85 598 0
86 269 0
87 414 0
88 124 0
88 321 0
88 594 0
89 704 0
91 205 0
91 208 0
91 476 0
91 560 0
91 654 0
92 271 0
92 300 0
92 498 0
92 524 0
93 386 0
94 122 0
96 221 0
96 228 0
96 289 0
96 292 0
96 352 0
97 281 0
98 101 0
98 195 0
98 519 0
98 618 0
99 410 0
99 517 0
99 540 0
99 705 0
100 222 0
102 420 0
103 792 0
104 203 0
104 382 0
104 611 0
104 706 0
106 209 0
107 138 0
107 604 0
107 729 0
108 579 0
109 374 0
110 268 0
111 387 0
112 163 0
112 291 0
112 642 0
112 770 0
113 681 0
114 244 0
114 251 0
114 343 0
114 481 0
115 281 0
115 624 0
117 410 0
118 685 0
119 380 0
120 197 0
120 199 0
120 257 0
120 728 0
121 421 0
122 287 0
122 573 0
122 697 0
122 728 0
123 282 0
124 305 0
124 422 0
124 482 0
124 715 0
125 320 0
126 364 0
126 375 0
126 634 0
127 401 0
129 444 0
130 319 0
130 567 0
130 588 0
130 755 0
130 785 0
131 173 0
131 354 0
131 570 0
131 586 0
131 684 0
132 424 0
134 135 0
134 361 0
134 561 0
136 630 0
137 368 0
138 230 0
138 424 0
138 734 0
138 776 0
139 375 0
139 554 0
139 795 0
140 696 0
141 162 0
142 624 0
144 172 0
145 258 0
146 308 0
147 197 0
147 199 0
147 311 0
147 648 0
148 324 0
148 399 0
148 404 0
148 429 0
149 229 0
149 258 0
149 465 0
150 467 0
151 349 0
151 454 0
151 588 0
152 456 0
153 225 0
154 786 0
155 506 0
156 565 0
157 550 0
158 490 0
160 289 0
160 354 0
160 621 0
161 245 0
161 271 0
161 272 0
161 283 0
162 495 0
162 557 0
162 771 0
163 201 0
163 378 0
163 694 0
165 221 0
166 249 0
167 175 0
167 218 0
167 293 0
167 367 0
167 642 0
168 224 0
168 306 0
168 521 0
169 486 0
170 284 0
170 346 0
170 412 0
170 485 0
171 316 0
171 319 0
171 320 0
171 334 0
171 443 0
171 505 0
171 797 0
172 210 0
176 249 0
176 557 0
177 466 0
178 703 0
179 776 0
180 793 0
182 359 0
183 352 0
184 722 0
185 210 0
185 325 0
185 522 0
185 525 0
186 410 0
187 217 0
187 309 0
187 323 0
188 517 0
189 759 0
190 259 0
190 285 0
190 367 0
190 520 0
190 665 0
190 667 0
191 194 0
192 210 0
192 406 0
192 548 0
192 648 0
193 467 0
194 496 0
194 714 0
194 716 0
196 359 0
196 380 0
196 605 0
197 432 0
198 252 0
199 255 0
199 309 0
201 247 0
201 678 0
202 306 0
202 425 0
202 588 0
202 603 0
202 726 0
206 232 0
206 398 0
206 607 0
207 378 0
209 449 0
209 679 0
209 775 0
210 465 0
211 303 0
211 325 0
211 356 0
211 468 0
213 490 0
214 555 0
215 482 0
216 296 0
216 773 0
216 780 0
217 323 0
217 517 0
219 347 0
220 686 0
221 623 0
222 262 0
222 558 0
222 665 0
223 268 0
225 373 0
225 544 0
227 800 0
228 291 0
228 356 0
228 365 0
229 418 0
229 654 0
229 739 0
230 446 0
230 494 0
230 717 0
231 259 0
231 504 0
231 612 0
231 626 0
233 593 0
234 357 0
234 413 0
234 537 0
235 565 0
236 252 0
238 759 0
239 639 0
240 747 0
241 316 0
242 281 0
243 764 0
244 780 0
244 786 0
244 791 0
248 298 0
248 472 0
248 665 0
248 740 0
249 397 0
250 439 0
250 450 0
250 475 0
250 612 0
252 618 0
252 641 0
253 776 0
254 386 0
255 505 0
255 585 0
256 406 0
256 499 0
256 556 0
256 608 0
258 509 0
258 612 0
258 714 0
259 791 0
260 352 0
261 560 0
261 774 0
261 775 0
263 422 0
264 405 0
264 420 0
264 731 0
264 743 0
265 338 0
265 393 0
265 493 0
265 753 0
267 354 0
267 376 0
267 469 0
267 583 0
267 647 0
268 284 0
268 736 0
269 449 0
269 518 0
270 335 0
270 654 0
270 684 0
270 776 0
271 604 0
271 780 0
274 467 0
275 750 0
276 769 0
277 282 0
278 296 0
278 335 0
278 662 0
278 666 0
279 510 0
280 386 0
281 311 0
282 356 0
282 600 0
282 727 0
282 755 0
284 374 0
284 421 0
285 383 0
285 496 0
285 758 0
287 792 0
288 454 0
289 461 0
289 477 0
290 610 0
291 502 0
291 758 0
291 797 0
292 456 0
296 345 0
296 403 0
296 674 0
297 308 0
299 562 0
299 566 0
299 736 0
299 775 0
300 501 0
300 531 0
301 731 0
302 450 0
302 455 0
302 480 0
302 592 0
302 636 0
302 638 0
305 410 0
305 583 0
305 755 0
306 490 0
306 582 0
306 701 0
307 454 0
308 462 0
308 650 0
309 331 0
309 631 0
309 781 0
310 358 0
310 544 0
310 613 0
310 734 0
311 518 0
311 646 0
311 703 0
311 800 0
312 401 0
313 769 0
314 342 0
314 416 0
314 523 0
314 595 0
314 637 0
315 317 0
316 563 0
316 762 0
317 502 0
317 592 0
317 733 0
318 512 0
319 517 0
320 427 0
320 778 0
322 384 0
322 435 0
322 468 0
322 779 0
323 391 0
323 448 0
323 564 0
323 631 0
323 720 0
324 451 0
324 661 0
324 784 0
325 598 0
326 425 0
326 593 0
328 482 0
329 424 0
330 686 0
332 713 0
333 387 0
333 550 0
333 715 0
334 344 0
334 686 0
335 394 0
335 436 0
335 577 0
336 405 0
336 456 0
336 506 0
337 422 0
338 612 0
339 541 0
340 722 0
341 367 0
341 453 0
341 559 0
341 693 0
342 405 0
342 571 0
342 792 0
344 391 0
344 692 0
344 707 0
344 739 0
346 371 0
346 661 0
346 715 0
347 451 0
347 706 0
348 425 0
348 587 0
348 651 0
349 362 0
349 391 0
349 497 0
349 699 0
350 582 0
351 705 0
352 389 0
352 773 0
353 725 0
356 620 0
359 406 0
359 513 0
359 572 0
360 666 0
362 378 0
362 769 0
363 791 0
365 380 0
365 615 0
365 686 0
367 451 0
367 486 0
368 390 0
368 412 0
368 669 0
369 414 0
370 454 0
371 415 0
371 538 0
371 726 0
372 463 0
372 548 0
372 645 0
372 790 0
374 389 0
374 443 0
375 440 0
375 467 0
376 422 0
376 760 0
376 793 0
377 769 0
380 542 0
381 555 0
383 618 0
383 684 0
383 760 0
385 471 0
386 458 0
387 682 0
388 401 0
389 578 0
391 797 0
393 471 0
393 513 0
393 685 0
394 505 0
394 703 0
395 638 0
395 649 0
395 673 0
396 456 0
397 590 0
401 638 0
401 673 0
402 414 0
405 726 0
406 652 0
407 647 0
408 696 0
409 743 0
411 424 0
411 578 0
412 531 0
412 606 0
414 516 0
415 482 0
415 550 0
415 667 0
416 420 0
416 627 0
417 587 0
417 615 0
417 622 0
417 723 0
419 605 0
420 532 0
420 552 0
421 730 0
421 781 0
422 711 0
423 685 0
424 481 0
425 670 0
426 447 0
426 598 0
426 683 0
428 729 0
430 784 0
431 624 0
431 643 0
431 652 0
432 459 0
432 469 0
432 485 0
432 609 0
433 624 0
434 531 0
437 639 0
438 774 0
440 458 0
440 688 0
441 725 0
442 590 0
443 638 0
444 581 0
444 794 0
445 573 0
445 689 0
445 760 0
446 604 0
449 615 0
450 780 0
452 466 0
454 618 0
457 766 0
458 627 0
458 696 0
460 582 0
465 478 0
465 575 0
465 619 0
466 485 0
466 491 0
468 665 0
469 572 0
469 739 0
469 775 0
470 541 0
471 589 0
471 787 0
473 538 0
473 555 0
473 722 0
473 766 0
474 627 0
479 786 0
481 618 0
482 546 0
483 486 0
484 534 0
485 681 0
486 671 0
487 605 0
488 694 0
489 793 0
490 597 0
492 620 0
496 774 0
500 741 0
501 650 0
501 796 0
501 798 0
503 510 0
505 763 0
506 742 0
506 770 0
507 791 0
508 741 0
510 543 0
511 786 0
512 535 0
512 547 0
512 588 0
512 668 0
513 647 0
515 729 0
516 715 0
517 596 0
518 531 0
520 583 0
523 548 0
523 762 0
527 705 0
528 713 0
529 592 0
529 635 0
529 659 0
529 708 0
531 712 0
533 681 0
534 588 0
534 640 0
534 744 0
535 673 0
535 755 0
536 643 0
538 573 0
538 578 0
539 729 0
540 544 0
540 557 0
540 648 0
541 572 0
541 603 0
542 793 0
547 627 0
547 764 0
548 579 0
550 783 0
551 670 0
553 643 0
555 559 0
557 639 0
559 677 0
559 713 0
560 604 0
565 656 0
568 571 0
569 606 0
570 571 0
573 630 0
574 627 0
578 673 0
578 706 0
579 662 0
579 746 0
580 776 0
582 642 0
583 677 0
583 788 0
585 670 0
585 747 0
585 759 0
587 661 0
587 769 0
590 736 0
590 745 0
591 759 0
593 751 0
598 621 0
598 780 0
600 725 0
600 792 0
601 647 0
602 741 0
603 631 0
604 789 0
605 757 0
610 650 0
610 772 0
610 777 0
612 661 0
614 703 0
616 666 0
617 686 0
620 710 0
620 721 0
621 748 0
621 767 0
621 770 0
624 673 0
624 698 0
625 639 0
626 774 0
627 700 0
628 747 0
629 643 0
633 664 0
633 676 0
646 722 0
646 726 0
648 758 0
650 797 0
652 690 0
652 702 0
653 764 0
655 784 0
660 694 0
662 696 0
665 750 0
667 731 0
670 719 0
672 750 0
677 747 0
680 685 0
684 725 0
688 780 0
691 766 0
694 728 0
696 701 0
701 800 0
704 706 0
704 732 0
704 749 0
704 790 0
705 781 0
713 782 0
714 784 0
718 792 0
724 750 0
725 765 0
743 756 0
761 766 0
764 775 0
773 791 0
