800 930 0
1 4 0
1 219 0
1 223 0
1 391 0
1 766 0
1 793 0
2 351 0
3 595 0
4 384 0
4 730 0
5 318 0
5 330 0
5 633 0
6 330 0
7 55 0
7 524 0
7 637 0
7 716 0
8 59 0
9 320 0
9 457 0
9 651 0
9 709 0
10 135 0
10 290 0
10 485 0
10 636 0
11 218 0
11 285 0
11 586 0
11 708 0
11 760 0
12 138 0
12 385 0
12 494 0
12 665 0
12 732 0
13 574 0
14 86 0
14 406 0
14 546 0
14 626 0
14 798 0
15 136 0
15 594 0
15 618 0
15 650 0
16 276 0
17 541 0
18 330 0
18 474 0
18 610 0
18 785 0
19 218 0
20 203 0
20 269 0
20 328 0
20 460 0
20 565 0
20 594 0
21 746 0
22 339 0
22 403 0
22 409 0
22 440 0
22 687 0
23 698 0
24 92 0
24 129 0
24 589 0
24 686 0
25 428 0
26 505 0
27 275 0
28 754 0
29 286 0
30 522 0
31 109 0
32 663 0
33 230 0
34 177 0
35 285 0
36 192 0
36 412 0
36 549 0
37 172 0
38 79 0
38 122 0
38 305 0
38 640 0
39 91 0
40 190 0
41 312 0
41 376 0
41 631 0
41 633 0
41 747 0
42 509 0
43 582 0
44 421 0
44 552 0
44 632 0
44 774 0
45 165 0
46 81 0
47 644 0
48 394 0
49 737 0
50 262 0
50 618 0
50 623 0
50 656 0
51 69 0
51 245 0
51 350 0
51 647 0
52 474 0
53 144 0
53 306 0
53 652 0
53 679 0
53 714 0
54 283 0
55 133 0
55 172 0
56 563 0
57 763 0
58 114 0
58 195 0
58 223 0
58 430 0
59 327 0
59 517 0
59 536 0
60 114 0
60 279 0
60 395 0
60 591 0
61 603 0
62 493 0
62 518 0
62 609 0
62 708 0
63 437 0
64 177 0
65 357 0
66 261 0
67 168 0
68 299 0
70 680 0
71 760 0
72 84 0
72 337 0
72 442 0
73 179 0
73 184 0
73 188 0
73 202 0
73 214 0
74 580 0
75 89 0
76 146 0
76 334 0
76 472 0
76 652 0
76 658 0
76 664 0
77 141 0
77 331 0
77 710 0
77 734 0
78 718 0
80 738 0
81 129 0
81 434 0
81 467 0
81 647 0
82 597 0
83 164 0
83 305 0
83 370 0
83 401 0
83 618 0
84 232 0
84 453 0
84 576 0
84 661 0
84 711 0
85 105 0
85 131 0
85 470 0
85 675 0
86 564 0
86 787 0
87 296 0
88 525 0
89 569 0
89 570 0
89 733 0
90 770 0
91 197 0
91 402 0
91 614 0
91 660 0
92 156 0
92 275 0
92 321 0
93 611 0
94 454 0
95 311 0
95 322 0
95 393 0
95 482 0
96 657 0
97 257 0
98 249 0
99 456 0
100 186 0
100 219 0
100 700 0
100 786 0
101 730 0
102 571 0
103 727 0
104 521 0
106 114 0
106 246 0
106 387 0
106 683 0
106 766 0
107 545 0
108 289 0
109 189 0
109 250 0
109 400 0
110 127 0
111 260 0
112 580 0
113 492 0
114 337 0
115 574 0
116 123 0
116 169 0
116 382 0
116 692 0
117 175 0
117 182 0
117 559 0
117 584 0
117 596 0
118 438 0
119 433 0
119 648 0
119 748 0
119 773 0
120 413 0
120 478 0
120 676 0
120 687 0
120 798 0
121 394 0
124 309 0
124 471 0
124 632 0
124 693 0
125 132 0
125 142 0
125 338 0
125 680 0
126 307 0
127 155 0
127 301 0
127 519 0
128 667 0
129 695 0
130 667 0
132 211 0
132 392 0
132 601 0
133 169 0
133 220 0
133 502 0
133 750 0
134 166 0
134 208 0
134 353 0
134 427 0
135 655 0
135 673 0
137 610 0
138 173 0
138 731 0
139 533 0
140 592 0
142 590 0
142 600 0
142 695 0
143 727 0
145 451 0
145 452 0
145 728 0
145 789 0
147 505 0
148 229 0
149 229 0
150 344 0
150 402 0
150 412 0
151 330 0
152 657 0
153 236 0
154 416 0
155 173 0
155 232 0
155 765 0
156 263 0
156 677 0
156 682 0
157 543 0
158 680 0
159 737 0
160 543 0
161 474 0
162 505 0
163 442 0
164 296 0
164 498 0
164 563 0
165 225 0
165 370 0
165 695 0
165 776 0
167 417 0
167 718 0
167 758 0
168 290 0
168 366 0
168 593 0
169 239 0
169 251 0
170 573 0
171 605 0
172 496 0
172 633 0
172 724 0
173 608 0
173 790 0
174 302 0
175 712 0
175 718 0
176 318 0
177 666 0
177 762 0
177 776 0
178 319 0
178 408 0
178 459 0
178 600 0
179 229 0
179 244 0
179 442 0
180 261 0
181 417 0
183 278 0
185 518 0
187 567 0
190 248 0
190 410 0
190 762 0
191 754 0
192 223 0
192 232 0
192 552 0
192 590 0
193 717 0
194 545 0
195 230 0
195 289 0
195 800 0
196 290 0
196 311 0
196 451 0
196 478 0
196 520 0
198 726 0
199 231 0
199 232 0
199 296 0
200 207 0
200 305 0
200 388 0
200 645 0
201 218 0
204 609 0
205 238 0
206 743 0
209 285 0
210 745 0
212 351 0
213 273 0
214 308 0
214 655 0
215 525 0
216 599 0
217 442 0
218 303 0
218 784 0
219 416 0
219 638 0
221 275 0
222 252 0
222 288 0
222 518 0
223 226 0
224 621 0
225 609 0
225 746 0
226 596 0
226 652 0
226 762 0
227 267 0
228 454 0
229 744 0
230 359 0
230 586 0
230 676 0
231 260 0
231 267 0
231 463 0
231 582 0
232 536 0
233 450 0
233 465 0
233 576 0
233 584 0
234 525 0
235 296 0
236 453 0
236 556 0
236 691 0
237 743 0
238 293 0
238 654 0
238 752 0
239 315 0
239 401 0
239 647 0
240 259 0
241 563 0
242 307 0
243 370 0
243 541 0
243 597 0
243 605 0
243 731 0
244 358 0
244 412 0
244 628 0
247 545 0
249 375 0
249 413 0
249 448 0
249 530 0
251 501 0
251 577 0
251 583 0
252 412 0
252 637 0
252 648 0
252 752 0
253 712 0
254 592 0
255 288 0
255 307 0
255 653 0
255 727 0
256 297 0
256 356 0
256 369 0
256 430 0
256 783 0
257 313 0
257 685 0
257 695 0
258 318 0
259 315 0
259 503 0
259 634 0
260 564 0
260 704 0
261 348 0
261 430 0
262 505 0
262 600 0
263 304 0
263 708 0
264 283 0
265 518 0
266 541 0
267 405 0
267 487 0
267 724 0
268 335 0
268 545 0
268 573 0
268 785 0
268 787 0
270 574 0
271 655 0
272 532 0
272 766 0
272 771 0
272 797 0
273 389 0
273 475 0
273 602 0
274 351 0
275 341 0
275 366 0
276 303 0
276 476 0
276 490 0
276 675 0
277 719 0
278 381 0
278 668 0
278 699 0
280 696 0
281 428 0
282 400 0
282 469 0
282 515 0
282 581 0
282 724 0
283 675 0
283 705 0
284 475 0
284 483 0
284 604 0
284 660 0
285 528 0
286 325 0
286 353 0
286 764 0
287 500 0
288 423 0
288 757 0
289 363 0
289 662 0
290 768 0
291 415 0
292 533 0
294 509 0
295 737 0
298 505 0
298 643 0
298 726 0
299 532 0
299 550 0
299 742 0
300 651 0
300 768 0
300 780 0
302 362 0
302 434 0
302 606 0
302 628 0
303 605 0
304 342 0
304 532 0
304 584 0
304 769 0
305 643 0
305 658 0
307 585 0
308 518 0
308 610 0
308 697 0
310 456 0
311 619 0
311 770 0
314 719 0
315 588 0
315 635 0
315 730 0
316 342 0
316 364 0
316 511 0
317 680 0
318 661 0
318 688 0
321 384 0
321 565 0
321 651 0
322 621 0
322 644 0
323 338 0
324 326 0
326 616 0
326 741 0
326 798 0
329 338 0
331 533 0
331 653 0
331 737 0
332 571 0
333 578 0
334 518 0
334 763 0
335 708 0
335 800 0
336 738 0
337 345 0
337 531 0
338 455 0
338 564 0
339 599 0
339 667 0
340 573 0
342 554 0
342 558 0
342 749 0
342 794 0
343 422 0
343 665 0
343 690 0
343 735 0
344 390 0
344 400 0
344 649 0
346 526 0
347 567 0
349 358 0
349 540 0
349 725 0
349 736 0
351 426 0
351 687 0
352 567 0
353 463 0
353 560 0
353 567 0
354 492 0
355 416 0
357 561 0
357 648 0
357 791 0
358 434 0
358 571 0
358 705 0
358 758 0
360 609 0
361 394 0
364 432 0
364 565 0
364 782 0
365 597 0
366 438 0
367 384 0
367 475 0
367 632 0
367 633 0
368 644 0
371 635 0
372 673 0
373 603 0
374 383 0
376 438 0
376 663 0
377 461 0
378 727 0
379 635 0
380 646 0
383 530 0
383 596 0
383 642 0
383 679 0
384 463 0
384 549 0
386 743 0
391 394 0
391 592 0
391 719 0
395 610 0
395 644 0
396 754 0
397 573 0
398 526 0
399 780 0
400 708 0
401 549 0
401 785 0
402 417 0
402 653 0
402 769 0
404 498 0
407 787 0
411 769 0
412 511 0
413 415 0
413 437 0
414 758 0
415 537 0
415 753 0
416 439 0
416 446 0
417 489 0
417 625 0
418 533 0
419 444 0
419 529 0
419 615 0
419 687 0
420 621 0
421 565 0
421 592 0
424 619 0
425 635 0
426 474 0
426 762 0
428 441 0
428 733 0
429 582 0
430 492 0
431 657 0
435 638 0
436 611 0
437 504 0
437 530 0
437 534 0
438 453 0
438 481 0
438 552 0
442 795 0
443 760 0
445 746 0
446 574 0
446 758 0
447 578 0
449 787 0
451 578 0
451 621 0
453 746 0
454 568 0
454 733 0
456 475 0
456 778 0
458 768 0
460 509 0
460 719 0
461 630 0
461 694 0
461 776 0
462 595 0
463 532 0
464 630 0
464 722 0
464 770 0
466 726 0
468 697 0
473 599 0
475 520 0
477 495 0
478 549 0
478 731 0
479 563 0
480 592 0
484 644 0
485 746 0
486 500 0
488 697 0
491 582 0
492 562 0
493 560 0
493 622 0
493 703 0
495 558 0
495 723 0
495 751 0
497 526 0
498 607 0
498 620 0
499 722 0
500 628 0
500 705 0
500 772 0
505 538 0
505 596 0
506 765 0
507 768 0
508 643 0
509 762 0
510 673 0
511 630 0
511 665 0
511 675 0
512 800 0
513 729 0
514 619 0
516 611 0
518 560 0
518 678 0
520 717 0
521 588 0
521 668 0
521 669 0
522 652 0
522 676 0
522 761 0
523 597 0
525 665 0
526 576 0
527 696 0
532 743 0
533 564 0
535 718 0
536 599 0
536 646 0
538 726 0
538 765 0
539 746 0
541 544 0
542 572 0
542 575 0
542 576 0
542 579 0
543 648 0
543 759 0
547 722 0
548 619 0
549 783 0
550 696 0
550 736 0
550 785 0
551 729 0
553 621 0
555 738 0
557 638 0
558 780 0
558 785 0
564 693 0
565 697 0
566 605 0
571 755 0
574 661 0
578 674 0
580 671 0
580 752 0
585 611 0
585 663 0
586 698 0
587 763 0
588 608 0
590 653 0
590 708 0
594 643 0
595 600 0
595 629 0
598 765 0
600 729 0
603 695 0
603 781 0
608 621 0
608 697 0
609 707 0
610 660 0
610 777 0
611 693 0
611 793 0
612 730 0
613 655 0
617 780 0
618 644 0
620 644 0
620 785 0
622 665 0
622 675 0
624 758 0
627 788 0
628 726 0
630 698 0
630 738 0
632 712 0
633 718 0
636 726 0
636 731 0
637 717 0
637 722 0
638 670 0
639 768 0
641 698 0
643 715 0
646 655 0
646 767 0
647 788 0
651 657 0
651 667 0
653 711 0
658 765 0
659 788 0
661 663 0
663 689 0
663 713 0
667 711 0
668 731 0
668 763 0
672 712 0
673 701 0
673 793 0
679 769 0
681 760 0
684 712 0
696 740 0
696 798 0
697 756 0
698 783 0
702 788 0
706 729 0
717 779 0
719 792 0
720 767 0
721 722 0
731 733 0
736 752 0
739 800 0
745 752 0
745 775 0
745 796 0
754 793 0
770 799 0
