80 106 0
1 48 0
2 76 0
3 45 0
3 50 0
3 63 0
3 71 0
4 11 0
4 35 0
4 46 0
4 52 0
4 75 0
5 13 0
5 19 0
5 50 0
6 48 0
6 67 0
7 13 0
7 55 0
7 78 0
8 10 0
8 28 0
8 39 0
8 42 0
9 43 0
11 23 0
11 30 0
11 64 0
12 29 0
12 33 0
12 35 0
13 29 0
13 38 0
13 74 0
14 76 0
15 67 0
15 72 0
16 58 0
17 19 0
18 46 0
19 31 0
19 61 0
19 69 0
19 73 0
20 70 0
21 44 0
21 70 0
21 77 0
22 49 0
24 76 0
25 52 0
25 53 0
26 46 0
27 44 0
27 51 0
27 60 0
28 29 0
29 58 0
29 72 0
31 52 0
32 45 0
32 49 0
32 62 0
32 74 0
32 75 0
33 39 0
33 49 0
33 69 0
34 72 0
35 45 0
35 71 0
35 80 0
36 39 0
37 73 0
39 65 0
40 43 0
41 48 0
42 61 0
43 45 0
43 59 0
43 78 0
44 55 0
44 60 0
44 79 0
44 80 0
45 68 0
45 70 0
46 75 0
47 72 0
48 69 0
49 53 0
49 66 0
51 67 0
51 69 0
51 78 0
52 66 0
54 73 0
54 76 0
56 65 0
57 58 0
58 68 0
58 73 0
62 73 0
66 76 0
70 77 0
73 80 0
76 80 0
