80 120 0
1 3 0
1 42 0
1 50 0
2 6 0
2 38 0
2 51 0
2 58 0
2 72 0
2 75 0
2 77 0
3 25 0
3 35 0
3 79 0
3 80 0
4 5 0
4 6 0
4 48 0
4 65 0
4 79 0
5 31 0
7 15 0
7 69 0
8 25 0
8 78 0
8 79 0
9 36 0
9 68 0
10 23 0
11 29 0
11 77 0
11 80 0
12 25 0
12 39 0
12 77 0
13 19 0
13 22 0
13 45 0
13 54 0
13 71 0
14 28 0
14 39 0
14 52 0
14 64 0
14 70 0
15 68 0
16 35 0
17 35 0
18 56 0
18 60 0
19 38 0
19 62 0
20 80 0
21 23 0
21 32 0
21 56 0
22 58 0
22 62 0
23 31 0
23 41 0
23 60 0
23 65 0
23 74 0
24 35 0
25 46 0
25 65 0
26 33 0
26 42 0
26 46 0
26 47 0
26 59 0
27 31 0
27 46 0
27 49 0
27 73 0
27 77 0
29 80 0
30 53 0
32 44 0
32 61 0
32 77 0
32 78 0
33 62 0
33 68 0
34 68 0
36 56 0
36 60 0
37 79 0
38 53 0
39 45 0
39 58 0
40 45 0
40 59 0
41 49 0
41 51 0
43 79 0
45 62 0
46 68 0
46 69 0
47 75 0
49 68 0
49 75 0
50 57 0
50 58 0
50 67 0
52 74 0
53 65 0
53 71 0
55 60 0
56 58 0
56 76 0
57 60 0
58 74 0
60 63 0
60 73 0
60 77 0
64 69 0
66 69 0
66 77 0
70 79 0
74 78 0
