160 218 0
1 28 0
1 36 0
1 74 0
1 131 0
1 134 0
1 147 0
2 80 0
2 90 0
2 125 0
2 152 0
3 119 0
4 10 0
4 45 0
4 80 0
5 61 0
5 79 0
6 134 0
7 51 0
8 56 0
8 134 0
9 55 0
9 77 0
9 131 0
9 144 0
9 153 0
10 24 0
10 109 0
11 109 0
11 117 0
12 81 0
13 63 0
13 134 0
13 154 0
14 22 0
14 70 0
14 105 0
14 122 0
15 39 0
16 97 0
17 84 0
17 102 0
17 117 0
18 34 0
18 73 0
18 88 0
18 155 0
19 80 0
19 87 0
19 93 0
20 42 0
20 58 0
20 107 0
20 127 0
20 150 0
21 38 0
21 50 0
21 120 0
21 132 0
21 160 0
22 25 0
22 149 0
23 29 0
23 67 0
24 56 0
25 112 0
26 32 0
27 66 0
29 41 0
29 130 0
29 139 0
30 112 0
31 35 0
31 90 0
32 52 0
32 92 0
32 121 0
33 56 0
34 83 0
34 109 0
34 152 0
35 71 0
35 75 0
35 159 0
36 93 0
37 39 0
37 97 0
38 121 0
38 143 0
38 149 0
39 45 0
39 58 0
39 86 0
40 76 0
40 96 0
40 132 0
40 145 0
42 123 0
43 125 0
44 122 0
44 130 0
45 149 0
45 156 0
46 66 0
47 125 0
48 83 0
48 128 0
49 88 0
49 90 0
50 123 0
50 152 0
51 60 0
51 62 0
51 100 0
51 127 0
51 146 0
52 129 0
53 112 0
54 57 0
54 81 0
55 121 0
56 108 0
56 121 0
57 66 0
57 144 0
58 115 0
58 137 0
58 152 0
59 61 0
61 120 0
61 146 0
61 157 0
62 82 0
63 83 0
64 72 0
64 78 0
64 108 0
64 136 0
64 149 0
64 156 0
65 87 0
65 103 0
65 132 0
65 154 0
66 131 0
67 82 0
67 156 0
68 137 0
69 78 0
71 124 0
71 126 0
71 128 0
71 143 0
74 160 0
75 79 0
75 101 0
75 132 0
76 104 0
77 130 0
78 85 0
78 149 0
78 159 0
80 113 0
81 98 0
81 121 0
82 104 0
82 143 0
83 148 0
84 160 0
86 145 0
89 90 0
89 125 0
91 125 0
91 150 0
93 97 0
94 102 0
95 109 0
95 116 0
95 157 0
97 117 0
97 146 0
99 135 0
102 106 0
102 116 0
102 149 0
105 122 0
110 137 0
111 115 0
111 154 0
112 120 0
112 121 0
114 158 0
115 117 0
115 140 0
116 133 0
116 135 0
118 137 0
119 138 0
119 144 0
119 150 0
120 122 0
120 146 0
122 149 0
122 151 0
123 130 0
123 131 0
123 150 0
125 154 0
129 160 0
130 135 0
130 158 0
133 158 0
134 150 0
135 142 0
140 152 0
141 158 0
142 153 0
143 160 0
144 148 0
