120 152 0
1 106 0
2 37 0
2 67 0
2 94 0
2 110 0
2 114 0
3 51 0
3 60 0
4 76 0
4 105 0
5 20 0
5 40 0
6 84 0
7 86 0
7 109 0
8 10 0
8 46 0
8 71 0
8 81 0
8 102 0
9 61 0
9 86 0
9 88 0
9 105 0
10 25 0
10 39 0
10 108 0
11 15 0
11 41 0
11 58 0
11 85 0
11 107 0
12 44 0
12 108 0
13 25 0
14 34 0
14 88 0
14 116 0
16 35 0
16 62 0
16 101 0
16 103 0
17 49 0
17 60 0
18 19 0
19 36 0
19 49 0
19 114 0
20 33 0
20 82 0
20 112 0
20 114 0
21 41 0
22 115 0
23 28 0
23 95 0
23 102 0
24 45 0
24 57 0
24 80 0
24 89 0
25 32 0
25 69 0
26 84 0
27 30 0
27 53 0
27 73 0
27 76 0
28 41 0
28 56 0
28 86 0
28 108 0
29 60 0
31 72 0
31 112 0
33 39 0
34 87 0
38 88 0
38 94 0
38 100 0
38 111 0
38 116 0
39 75 0
39 93 0
40 56 0
40 72 0
40 77 0
40 102 0
41 43 0
41 97 0
41 100 0
42 102 0
43 90 0
44 101 0
44 104 0
44 109 0
44 117 0
45 56 0
45 84 0
45 115 0
47 106 0
48 105 0
50 78 0
51 102 0
52 109 0
54 77 0
55 115 0
56 90 0
56 114 0
57 69 0
59 79 0
60 90 0
60 100 0
61 84 0
61 95 0
61 99 0
63 72 0
64 84 0
64 89 0
65 77 0
66 87 0
68 78 0
68 119 0
70 106 0
70 112 0
71 97 0
72 92 0
73 118 0
74 88 0
76 79 0
76 87 0
76 108 0
77 96 0
78 85 0
78 98 0
78 109 0
79 113 0
79 118 0
81 82 0
81 91 0
83 87 0
83 115 0
85 106 0
85 108 0
86 100 0
86 101 0
88 90 0
91 115 0
101 109 0
105 119 0
109 120 0
115 120 0
