300 380 0
1 282 0
2 253 0
3 112 0
3 157 0
3 243 0
3 299 0
4 84 0
4 101 0
4 208 0
4 287 0
5 132 0
6 139 0
7 186 0
7 241 0
8 171 0
9 63 0
10 213 0
11 65 0
11 120 0
11 163 0
11 181 0
11 198 0
12 282 0
13 263 0
14 23 0
14 24 0
14 44 0
14 184 0
15 143 0
16 251 0
16 276 0
16 277 0
16 295 0
17 178 0
18 56 0
18 95 0
18 160 0
18 214 0
18 215 0
18 239 0
19 245 0
20 105 0
20 116 0
21 183 0
21 232 0
22 103 0
23 275 0
24 63 0
24 70 0
24 104 0
25 71 0
25 89 0
26 38 0
26 157 0
26 205 0
26 216 0
27 127 0
28 50 0
28 60 0
28 100 0
28 116 0
28 300 0
29 265 0
30 59 0
30 186 0
30 196 0
30 215 0
30 268 0
30 295 0
31 162 0
31 228 0
32 213 0
33 134 0
34 35 0
35 177 0
35 217 0
35 234 0
36 66 0
37 254 0
39 265 0
40 151 0
41 257 0
42 96 0
42 147 0
42 218 0
42 230 0
43 119 0
43 186 0
44 189 0
45 99 0
46 151 0
46 280 0
47 89 0
47 138 0
47 208 0
47 281 0
48 183 0
48 239 0
49 242 0
50 113 0
51 134 0
52 250 0
53 68 0
53 104 0
53 177 0
53 261 0
54 183 0
54 209 0
55 228 0
56 67 0
56 103 0
56 132 0
56 192 0
57 64 0
57 188 0
58 86 0
58 215 0
58 223 0
58 239 0
59 72 0
59 88 0
59 249 0
60 99 0
60 144 0
60 257 0
61 219 0
61 254 0
62 119 0
63 183 0
63 191 0
63 266 0
64 110 0
64 248 0
64 274 0
65 105 0
66 81 0
66 140 0
66 206 0
67 103 0
67 209 0
67 218 0
67 267 0
68 112 0
68 193 0
68 199 0
69 102 0
70 182 0
70 236 0
70 298 0
71 165 0
71 180 0
71 231 0
72 145 0
73 167 0
74 233 0
75 101 0
75 119 0
75 290 0
76 219 0
77 253 0
78 91 0
78 155 0
78 207 0
78 226 0
78 243 0
79 167 0
80 162 0
82 109 0
83 105 0
83 216 0
85 252 0
86 87 0
86 188 0
86 237 0
87 135 0
87 206 0
88 216 0
89 256 0
90 121 0
90 139 0
90 284 0
91 109 0
91 152 0
91 171 0
91 277 0
92 165 0
92 221 0
92 241 0
92 293 0
93 167 0
93 235 0
94 219 0
94 262 0
95 255 0
97 242 0
98 107 0
98 139 0
99 246 0
99 275 0
100 103 0
100 142 0
101 117 0
102 150 0
102 232 0
102 276 0
102 283 0
103 117 0
103 259 0
104 217 0
104 295 0
104 299 0
105 181 0
105 298 0
106 127 0
107 121 0
108 140 0
108 141 0
108 201 0
108 271 0
109 112 0
109 156 0
109 197 0
111 166 0
112 166 0
113 125 0
113 250 0
113 267 0
113 288 0
114 186 0
115 183 0
118 119 0
118 250 0
119 135 0
119 165 0
119 286 0
119 288 0
120 246 0
121 176 0
121 203 0
122 142 0
123 282 0
124 157 0
124 169 0
126 245 0
127 133 0
127 218 0
128 213 0
129 208 0
129 290 0
130 209 0
130 279 0
130 299 0
131 220 0
131 252 0
132 146 0
132 154 0
134 170 0
134 264 0
135 185 0
136 169 0
137 139 0
137 178 0
139 158 0
139 274 0
140 149 0
140 244 0
142 217 0
142 227 0
142 269 0
143 157 0
143 175 0
143 194 0
144 170 0
144 203 0
144 237 0
144 299 0
145 166 0
145 232 0
148 222 0
149 164 0
149 210 0
149 224 0
149 229 0
150 208 0
151 172 0
151 187 0
151 246 0
152 168 0
152 233 0
153 166 0
154 155 0
157 219 0
159 222 0
161 178 0
161 265 0
162 278 0
162 285 0
162 294 0
165 173 0
167 274 0
168 263 0
169 272 0
169 283 0
170 211 0
170 282 0
171 225 0
171 295 0
173 181 0
173 209 0
173 283 0
174 189 0
174 247 0
174 260 0
174 294 0
177 190 0
178 217 0
179 245 0
181 213 0
181 266 0
183 295 0
185 211 0
187 245 0
187 252 0
187 279 0
190 263 0
192 240 0
192 256 0
192 271 0
192 280 0
192 297 0
195 254 0
196 223 0
200 257 0
202 239 0
203 250 0
203 254 0
204 223 0
206 229 0
208 234 0
208 244 0
208 253 0
209 244 0
210 272 0
211 255 0
211 292 0
212 223 0
215 279 0
218 228 0
220 268 0
222 256 0
222 267 0
224 242 0
227 256 0
228 273 0
229 264 0
233 243 0
233 291 0
234 272 0
235 268 0
235 271 0
238 253 0
239 289 0
240 294 0
241 245 0
242 283 0
243 290 0
244 294 0
247 264 0
248 273 0
248 285 0
250 261 0
252 284 0
254 258 0
257 270 0
260 270 0
262 265 0
263 294 0
265 267 0
274 279 0
290 296 0
