700 740 0
1 433 0
2 67 0
2 206 0
2 233 0
2 326 0
3 620 0
4 123 0
4 144 0
4 173 0
4 185 0
4 500 0
5 64 0
6 73 0
7 132 0
7 334 0
7 385 0
7 675 0
8 309 0
9 63 0
9 220 0
9 286 0
9 341 0
10 370 0
11 193 0
11 194 0
11 394 0
11 622 0
12 621 0
13 55 0
13 169 0
13 413 0
13 490 0
14 121 0
14 316 0
14 614 0
14 686 0
15 670 0
16 593 0
17 53 0
17 300 0
17 442 0
17 489 0
18 54 0
18 452 0
18 560 0
18 694 0
19 653 0
20 131 0
20 206 0
20 446 0
20 555 0
21 46 0
21 133 0
21 153 0
21 593 0
22 443 0
23 591 0
24 89 0
25 370 0
26 308 0
27 371 0
28 91 0
29 104 0
29 187 0
29 409 0
29 665 0
30 302 0
30 531 0
30 672 0
31 146 0
31 331 0
31 390 0
31 535 0
32 105 0
32 252 0
32 413 0
32 481 0
33 95 0
33 98 0
33 292 0
33 373 0
33 494 0
34 92 0
34 123 0
34 477 0
34 669 0
34 700 0
35 630 0
36 353 0
37 524 0
38 118 0
39 135 0
40 410 0
41 635 0
42 317 0
42 349 0
42 352 0
42 587 0
42 679 0
43 248 0
43 464 0
43 531 0
43 543 0
44 470 0
45 71 0
45 256 0
45 560 0
45 672 0
46 155 0
46 191 0
46 253 0
46 553 0
47 574 0
48 591 0
49 670 0
50 284 0
50 379 0
50 471 0
50 574 0
51 359 0
51 616 0
51 647 0
51 679 0
52 255 0
52 413 0
52 441 0
52 556 0
54 444 0
54 515 0
54 581 0
56 161 0
56 354 0
56 396 0
56 696 0
57 395 0
58 200 0
58 301 0
58 324 0
58 582 0
59 338 0
60 694 0
61 570 0
61 609 0
61 614 0
62 79 0
62 116 0
62 191 0
62 311 0
64 220 0
64 391 0
64 457 0
65 443 0
66 574 0
68 322 0
69 134 0
69 211 0
69 283 0
69 407 0
70 564 0
71 187 0
71 396 0
71 455 0
72 214 0
72 220 0
72 247 0
72 400 0
73 301 0
73 546 0
73 596 0
74 309 0
74 562 0
74 598 0
74 636 0
75 562 0
76 256 0
76 470 0
76 533 0
76 595 0
77 99 0
77 392 0
77 658 0
77 663 0
78 178 0
80 328 0
81 488 0
82 524 0
83 602 0
84 423 0
84 612 0
84 623 0
84 637 0
85 103 0
86 539 0
87 682 0
88 226 0
89 306 0
89 339 0
89 671 0
90 630 0
91 193 0
91 219 0
91 625 0
93 305 0
94 156 0
95 167 0
95 353 0
95 650 0
96 579 0
97 119 0
97 137 0
97 205 0
97 668 0
98 190 0
98 620 0
99 248 0
99 325 0
99 443 0
100 113 0
101 153 0
102 539 0
103 267 0
103 487 0
103 669 0
106 163 0
107 372 0
108 162 0
109 235 0
109 301 0
109 594 0
109 647 0
110 654 0
111 564 0
112 406 0
113 471 0
113 548 0
113 619 0
114 223 0
114 256 0
114 579 0
114 591 0
115 654 0
117 197 0
117 221 0
117 510 0
117 558 0
118 206 0
118 341 0
118 377 0
118 651 0
120 470 0
121 290 0
121 418 0
121 594 0
122 479 0
123 410 0
124 141 0
124 350 0
124 429 0
124 660 0
125 309 0
126 631 0
127 300 0
127 302 0
127 329 0
127 341 0
127 385 0
128 167 0
129 452 0
130 144 0
130 424 0
130 569 0
130 685 0
133 183 0
133 279 0
133 336 0
133 445 0
134 421 0
134 616 0
134 653 0
135 300 0
135 346 0
135 526 0
136 226 0
138 595 0
139 246 0
139 381 0
139 554 0
139 563 0
140 207 0
142 322 0
142 561 0
142 630 0
142 681 0
143 416 0
144 359 0
144 650 0
145 416 0
147 415 0
148 357 0
148 453 0
148 455 0
148 627 0
149 151 0
150 378 0
151 174 0
151 215 0
151 260 0
152 177 0
152 358 0
152 668 0
152 677 0
153 264 0
153 296 0
154 474 0
155 418 0
155 571 0
156 216 0
156 339 0
156 361 0
156 512 0
157 303 0
157 310 0
157 529 0
157 550 0
158 305 0
159 576 0
160 162 0
160 370 0
160 612 0
162 190 0
162 277 0
162 572 0
163 298 0
163 641 0
163 647 0
164 416 0
165 493 0
166 192 0
166 280 0
166 289 0
166 440 0
167 188 0
167 272 0
168 579 0
170 378 0
171 390 0
171 417 0
171 523 0
171 662 0
172 678 0
175 212 0
175 355 0
175 471 0
175 547 0
176 639 0
178 234 0
178 628 0
178 642 0
178 693 0
179 199 0
179 253 0
179 304 0
179 337 0
180 686 0
181 532 0
182 325 0
184 353 0
186 197 0
186 531 0
186 532 0
186 674 0
187 501 0
187 505 0
189 203 0
189 204 0
189 540 0
189 588 0
190 228 0
190 284 0
190 536 0
191 370 0
191 378 0
192 369 0
192 372 0
192 680 0
193 618 0
193 636 0
195 631 0
196 213 0
196 330 0
196 558 0
196 652 0
197 579 0
198 593 0
201 598 0
202 316 0
206 616 0
207 356 0
207 411 0
207 459 0
208 210 0
209 680 0
210 290 0
210 426 0
210 613 0
216 532 0
216 576 0
217 225 0
217 301 0
217 537 0
217 632 0
218 578 0
220 248 0
222 480 0
223 522 0
223 577 0
223 589 0
224 551 0
226 254 0
226 381 0
227 316 0
228 511 0
228 530 0
228 584 0
229 271 0
229 332 0
229 461 0
229 544 0
230 406 0
230 479 0
230 669 0
231 294 0
232 412 0
234 278 0
234 328 0
234 524 0
235 412 0
235 509 0
235 513 0
236 590 0
237 692 0
238 524 0
239 308 0
240 281 0
240 310 0
240 492 0
240 534 0
241 692 0
242 452 0
243 435 0
243 485 0
243 570 0
243 691 0
244 452 0
245 351 0
248 558 0
249 635 0
250 598 0
251 609 0
253 395 0
253 678 0
255 470 0
255 505 0
256 317 0
257 468 0
258 545 0
259 516 0
260 406 0
260 464 0
260 639 0
261 305 0
262 314 0
262 320 0
262 431 0
262 617 0
263 274 0
263 488 0
263 493 0
263 543 0
263 547 0
265 359 0
266 562 0
268 438 0
269 674 0
270 412 0
273 502 0
274 368 0
274 422 0
274 603 0
275 590 0
276 322 0
276 413 0
276 680 0
277 381 0
277 561 0
278 302 0
278 356 0
278 419 0
278 431 0
282 493 0
284 381 0
284 531 0
285 678 0
287 692 0
288 359 0
290 479 0
290 670 0
291 516 0
293 686 0
294 385 0
294 398 0
294 483 0
295 412 0
297 321 0
299 379 0
300 419 0
300 564 0
301 637 0
302 650 0
305 390 0
307 443 0
308 329 0
308 496 0
309 521 0
310 433 0
310 616 0
312 614 0
313 578 0
315 545 0
316 495 0
317 468 0
317 480 0
318 367 0
319 620 0
321 498 0
321 559 0
321 570 0
322 425 0
322 542 0
323 562 0
325 335 0
325 644 0
327 574 0
328 404 0
328 605 0
329 416 0
329 674 0
333 379 0
333 473 0
333 601 0
333 698 0
338 418 0
338 436 0
338 525 0
339 508 0
339 681 0
340 686 0
342 561 0
343 367 0
344 474 0
345 591 0
347 528 0
348 468 0
351 463 0
351 588 0
351 673 0
353 451 0
356 539 0
356 597 0
360 421 0
362 447 0
363 372 0
364 480 0
365 674 0
366 683 0
367 640 0
367 660 0
369 390 0
369 531 0
369 588 0
370 520 0
371 387 0
371 465 0
371 607 0
372 549 0
374 597 0
375 595 0
376 533 0
378 437 0
379 624 0
380 541 0
381 502 0
382 683 0
383 568 0
384 618 0
385 541 0
386 493 0
388 433 0
389 406 0
393 680 0
395 466 0
395 699 0
396 415 0
396 545 0
397 614 0
399 694 0
401 630 0
402 505 0
403 670 0
405 474 0
406 408 0
410 431 0
410 664 0
413 681 0
414 419 0
414 475 0
414 570 0
414 633 0
415 439 0
415 557 0
418 576 0
418 609 0
420 609 0
421 679 0
421 688 0
427 508 0
428 598 0
430 639 0
431 578 0
432 602 0
433 458 0
434 447 0
438 544 0
438 611 0
438 690 0
441 561 0
441 654 0
443 628 0
445 509 0
445 533 0
447 484 0
447 607 0
448 593 0
449 564 0
450 501 0
454 479 0
455 620 0
455 621 0
456 682 0
460 480 0
462 561 0
464 570 0
464 612 0
467 536 0
468 615 0
469 654 0
470 482 0
471 516 0
472 639 0
474 612 0
476 595 0
478 579 0
486 502 0
488 606 0
488 657 0
491 571 0
497 509 0
499 528 0
501 656 0
501 666 0
502 661 0
503 551 0
504 597 0
505 552 0
505 575 0
506 513 0
507 682 0
508 517 0
508 600 0
509 599 0
513 655 0
513 684 0
514 541 0
516 695 0
518 618 0
519 618 0
527 560 0
527 571 0
527 654 0
527 692 0
528 592 0
528 669 0
532 565 0
532 668 0
533 580 0
533 586 0
536 634 0
536 689 0
538 694 0
539 646 0
541 643 0
543 544 0
543 669 0
544 590 0
545 649 0
551 585 0
551 607 0
553 616 0
553 636 0
553 672 0
558 568 0
560 660 0
566 674 0
567 635 0
568 608 0
568 628 0
571 638 0
573 653 0
576 604 0
578 697 0
583 621 0
588 635 0
590 667 0
594 672 0
594 681 0
597 626 0
602 645 0
602 647 0
607 636 0
610 621 0
612 682 0
614 676 0
629 678 0
631 647 0
631 687 0
637 681 0
648 653 0
650 668 0
659 683 0
660 683 0
