200 244 0
1 189 0
2 57 0
2 79 0
2 109 0
2 135 0
3 21 0
3 116 0
3 156 0
3 189 0
4 21 0
4 69 0
5 83 0
5 147 0
6 146 0
7 22 0
7 31 0
7 111 0
7 176 0
8 96 0
9 90 0
9 112 0
9 135 0
9 187 0
10 78 0
10 156 0
10 157 0
10 195 0
11 29 0
11 34 0
12 34 0
13 59 0
14 58 0
15 74 0
16 81 0
17 94 0
18 79 0
18 112 0
19 51 0
19 121 0
19 184 0
19 191 0
20 114 0
21 177 0
21 183 0
22 39 0
22 94 0
22 156 0
23 29 0
24 53 0
24 157 0
25 86 0
25 89 0
25 122 0
25 171 0
25 193 0
26 34 0
26 61 0
26 118 0
26 153 0
26 195 0
27 91 0
28 189 0
29 33 0
29 65 0
30 116 0
32 104 0
33 155 0
34 57 0
34 75 0
35 96 0
36 81 0
37 109 0
38 117 0
38 141 0
38 168 0
38 172 0
39 163 0
39 199 0
40 79 0
40 101 0
40 133 0
40 145 0
40 198 0
40 200 0
41 116 0
42 109 0
43 109 0
44 197 0
45 50 0
45 104 0
46 95 0
47 59 0
48 56 0
48 92 0
48 164 0
48 194 0
49 91 0
50 70 0
50 87 0
50 127 0
50 193 0
51 96 0
51 104 0
51 187 0
52 116 0
52 146 0
53 117 0
53 144 0
53 190 0
54 83 0
55 135 0
55 164 0
56 110 0
56 140 0
56 143 0
58 76 0
58 163 0
58 174 0
59 65 0
59 121 0
59 126 0
59 169 0
60 131 0
60 146 0
61 98 0
61 105 0
61 129 0
62 91 0
63 103 0
63 115 0
63 148 0
63 178 0
64 72 0
64 73 0
64 93 0
64 163 0
65 121 0
65 152 0
65 195 0
66 71 0
66 112 0
67 125 0
68 152 0
69 74 0
71 100 0
71 163 0
71 167 0
74 107 0
74 145 0
74 186 0
76 136 0
77 159 0
78 92 0
78 187 0
80 84 0
80 130 0
80 161 0
80 182 0
80 196 0
81 103 0
81 158 0
82 118 0
83 131 0
83 171 0
84 112 0
85 114 0
88 135 0
90 134 0
90 136 0
90 160 0
90 162 0
90 183 0
91 127 0
91 156 0
92 122 0
92 163 0
92 171 0
94 170 0
94 179 0
95 103 0
95 154 0
95 193 0
96 180 0
97 194 0
99 197 0
101 171 0
102 135 0
103 157 0
104 108 0
104 119 0
104 198 0
106 159 0
107 187 0
109 145 0
112 165 0
113 192 0
114 126 0
114 150 0
116 153 0
117 146 0
117 187 0
117 195 0
118 119 0
118 186 0
120 128 0
121 123 0
123 197 0
124 194 0
125 126 0
125 133 0
125 139 0
126 157 0
126 159 0
127 128 0
127 157 0
128 138 0
128 160 0
132 152 0
137 192 0
140 153 0
140 193 0
142 164 0
145 187 0
147 189 0
149 167 0
149 192 0
151 164 0
152 165 0
152 188 0
153 174 0
154 169 0
155 169 0
155 175 0
156 161 0
159 181 0
161 175 0
161 192 0
163 165 0
166 175 0
171 197 0
173 194 0
173 199 0
175 185 0
182 194 0
