350 378 0
1 302 0
2 42 0
3 28 0
4 66 0
5 39 0
5 130 0
5 245 0
5 286 0
6 130 0
6 139 0
6 182 0
6 223 0
7 8 0
7 291 0
8 220 0
8 268 0
8 337 0
9 50 0
9 99 0
9 100 0
9 149 0
9 193 0
10 94 0
10 267 0
10 292 0
10 319 0
11 53 0
11 74 0
11 145 0
11 258 0
12 300 0
13 50 0
13 155 0
13 235 0
13 321 0
14 131 0
15 270 0
15 314 0
15 317 0
15 318 0
16 88 0
16 148 0
16 199 0
16 318 0
17 300 0
18 30 0
18 67 0
18 168 0
18 336 0
19 34 0
20 111 0
20 173 0
20 220 0
20 238 0
21 279 0
22 279 0
23 124 0
23 131 0
23 177 0
23 282 0
24 42 0
24 215 0
24 236 0
24 271 0
25 42 0
25 66 0
26 51 0
27 170 0
27 188 0
27 294 0
27 348 0
28 188 0
28 227 0
28 315 0
29 85 0
29 106 0
29 115 0
29 350 0
31 86 0
32 219 0
33 41 0
33 76 0
33 86 0
33 313 0
34 175 0
34 291 0
34 303 0
35 123 0
36 42 0
37 326 0
38 326 0
40 65 0
40 186 0
40 192 0
40 257 0
41 162 0
41 294 0
41 323 0
42 242 0
43 257 0
43 281 0
43 296 0
43 301 0
44 272 0
45 103 0
45 118 0
45 253 0
45 338 0
46 107 0
46 128 0
46 170 0
46 210 0
47 138 0
48 57 0
48 96 0
49 169 0
49 307 0
50 94 0
50 326 0
51 152 0
51 175 0
51 198 0
52 226 0
52 270 0
54 71 0
55 313 0
56 76 0
57 191 0
57 257 0
57 285 0
58 312 0
59 70 0
59 87 0
59 188 0
59 275 0
60 330 0
61 267 0
62 76 0
63 83 0
63 136 0
63 154 0
63 309 0
64 330 0
66 187 0
66 220 0
68 124 0
69 96 0
69 215 0
71 304 0
71 311 0
71 334 0
72 80 0
73 142 0
73 168 0
73 184 0
73 189 0
75 125 0
76 121 0
77 110 0
77 261 0
77 302 0
77 312 0
78 218 0
78 269 0
78 283 0
78 300 0
79 236 0
80 114 0
80 162 0
80 266 0
81 89 0
81 102 0
81 172 0
81 250 0
82 349 0
84 177 0
86 120 0
86 219 0
86 327 0
89 209 0
90 164 0
90 251 0
90 323 0
90 324 0
91 312 0
92 159 0
92 163 0
92 170 0
92 233 0
93 167 0
93 289 0
93 311 0
93 325 0
94 154 0
94 213 0
95 111 0
95 145 0
95 229 0
96 108 0
96 122 0
96 154 0
96 185 0
97 141 0
98 274 0
100 205 0
100 211 0
100 255 0
100 323 0
101 140 0
104 267 0
105 349 0
106 125 0
106 157 0
106 271 0
107 187 0
109 229 0
110 294 0
110 311 0
110 318 0
111 318 0
112 221 0
112 308 0
112 311 0
112 333 0
112 346 0
113 116 0
113 132 0
113 137 0
113 154 0
117 241 0
118 140 0
118 179 0
118 284 0
119 313 0
121 180 0
123 145 0
123 203 0
123 340 0
124 295 0
124 345 0
125 147 0
125 308 0
126 349 0
127 261 0
129 226 0
130 239 0
130 283 0
131 310 0
131 322 0
132 200 0
133 241 0
134 200 0
135 194 0
138 230 0
138 243 0
138 296 0
140 207 0
140 246 0
141 175 0
141 181 0
141 225 0
143 259 0
143 278 0
143 288 0
143 348 0
144 319 0
145 274 0
145 282 0
146 224 0
150 237 0
151 214 0
153 312 0
156 213 0
156 281 0
156 294 0
157 178 0
157 248 0
157 249 0
158 179 0
160 320 0
161 241 0
162 200 0
162 218 0
162 272 0
164 318 0
165 313 0
166 208 0
166 240 0
166 276 0
166 296 0
168 214 0
168 282 0
169 247 0
169 277 0
169 323 0
170 349 0
171 300 0
172 229 0
172 237 0
172 271 0
174 200 0
175 284 0
176 279 0
177 190 0
177 216 0
177 336 0
178 212 0
179 290 0
179 307 0
180 239 0
183 320 0
188 219 0
194 234 0
194 293 0
194 348 0
195 215 0
196 201 0
197 201 0
198 242 0
200 347 0
201 299 0
201 301 0
202 292 0
204 274 0
206 326 0
208 219 0
209 320 0
212 319 0
213 271 0
213 284 0
214 273 0
214 298 0
215 222 0
217 269 0
217 330 0
219 264 0
219 335 0
220 284 0
220 309 0
224 257 0
224 305 0
224 328 0
226 252 0
226 301 0
228 272 0
229 244 0
231 237 0
232 302 0
236 331 0
236 342 0
237 339 0
239 260 0
239 263 0
241 318 0
249 320 0
254 272 0
256 341 0
261 265 0
261 332 0
262 292 0
263 331 0
267 306 0
267 349 0
269 316 0
274 343 0
277 304 0
279 301 0
280 292 0
281 282 0
281 283 0
283 320 0
287 302 0
296 330 0
297 319 0
329 341 0
337 338 0
341 344 0
341 348 0
