40 92 0
1 26 0
1 34 0
2 8 0
2 32 0
3 12 0
3 26 0
3 40 0
4 6 0
4 10 0
4 12 0
4 23 0
4 38 0
5 17 0
5 21 0
5 27 0
6 17 0
6 27 0
6 35 0
7 20 0
7 27 0
8 12 0
8 27 0
8 30 0
8 37 0
8 39 0
9 16 0
9 24 0
9 25 0
9 27 0
9 31 0
9 38 0
9 39 0
10 14 0
10 21 0
10 26 0
10 29 0
10 32 0
11 35 0
11 36 0
12 15 0
12 25 0
12 31 0
12 32 0
12 40 0
13 21 0
13 27 0
13 30 0
14 17 0
14 21 0
14 28 0
14 33 0
15 19 0
15 32 0
15 40 0
16 19 0
16 26 0
16 35 0
17 20 0
17 29 0
17 39 0
18 30 0
18 34 0
18 40 0
19 21 0
20 34 0
22 26 0
22 31 0
22 32 0
22 33 0
22 36 0
23 26 0
23 27 0
23 36 0
25 30 0
27 29 0
27 30 0
27 33 0
28 30 0
28 32 0
29 31 0
29 38 0
30 35 0
31 35 0
31 39 0
32 34 0
32 38 0
34 36 0
34 40 0
36 37 0
36 38 0
37 40 0
38 40 0
