140 175 0
1 23 0
1 37 0
1 84 0
1 88 0
1 111 0
2 74 0
3 126 0
4 59 0
4 98 0
5 123 0
6 18 0
6 22 0
6 36 0
6 65 0
7 10 0
7 29 0
7 76 0
7 139 0
8 57 0
9 51 0
9 93 0
11 41 0
11 92 0
11 108 0
11 129 0
11 136 0
12 51 0
12 84 0
13 21 0
13 69 0
14 22 0
14 44 0
14 135 0
15 21 0
16 26 0
17 37 0
17 59 0
18 96 0
18 111 0
18 133 0
19 56 0
19 114 0
19 131 0
19 137 0
20 24 0
21 32 0
21 132 0
22 64 0
22 105 0
23 36 0
23 49 0
23 113 0
24 46 0
24 86 0
24 87 0
24 111 0
25 38 0
25 62 0
26 45 0
26 56 0
26 102 0
26 107 0
27 97 0
28 123 0
30 74 0
30 75 0
31 73 0
31 113 0
33 49 0
34 62 0
35 79 0
36 38 0
36 60 0
36 139 0
37 59 0
38 60 0
38 99 0
39 52 0
39 127 0
40 78 0
40 80 0
40 87 0
40 124 0
42 46 0
42 65 0
43 47 0
44 55 0
45 117 0
47 56 0
47 98 0
47 110 0
47 134 0
48 123 0
49 72 0
49 104 0
50 55 0
51 81 0
51 138 0
52 85 0
52 112 0
52 122 0
52 132 0
53 116 0
54 59 0
55 58 0
55 67 0
56 99 0
56 126 0
57 85 0
57 91 0
57 109 0
57 135 0
59 67 0
59 84 0
60 110 0
60 135 0
60 138 0
61 73 0
61 87 0
61 90 0
61 106 0
62 116 0
62 122 0
62 132 0
63 71 0
63 94 0
63 125 0
63 139 0
65 70 0
65 85 0
65 115 0
66 101 0
66 121 0
67 97 0
67 99 0
68 113 0
69 79 0
71 117 0
74 118 0
74 129 0
75 113 0
77 130 0
79 121 0
79 135 0
82 126 0
83 130 0
84 95 0
86 92 0
87 138 0
89 97 0
91 136 0
92 133 0
95 126 0
95 128 0
95 140 0
97 127 0
99 132 0
100 111 0
100 117 0
101 120 0
101 128 0
101 129 0
102 116 0
103 116 0
110 123 0
110 130 0
116 135 0
116 136 0
117 139 0
117 140 0
119 130 0
120 127 0
126 129 0
128 130 0
129 138 0
