900 1124 0
1 550 0
2 300 0
3 590 0
4 842 0
5 291 0
6 198 0
7 170 0
7 191 0
7 582 0
7 585 0
7 819 0
8 134 0
9 49 0
9 155 0
9 717 0
9 886 0
10 645 0
11 21 0
11 254 0
11 351 0
11 840 0
11 876 0
12 603 0
13 82 0
13 240 0
13 380 0
13 455 0
13 737 0
14 450 0
15 304 0
15 400 0
15 462 0
15 795 0
16 565 0
17 565 0
18 148 0
18 394 0
18 462 0
18 512 0
18 670 0
19 686 0
19 701 0
19 840 0
20 299 0
21 397 0
21 421 0
21 462 0
22 250 0
22 273 0
22 755 0
22 857 0
22 880 0
23 327 0
24 192 0
25 39 0
25 141 0
25 256 0
25 396 0
25 555 0
25 566 0
26 805 0
27 105 0
28 795 0
29 77 0
29 484 0
29 745 0
29 775 0
30 177 0
30 525 0
30 735 0
30 843 0
31 470 0
32 439 0
33 52 0
33 168 0
33 227 0
33 408 0
33 615 0
34 817 0
35 106 0
36 128 0
36 231 0
36 301 0
36 604 0
36 761 0
36 812 0
37 141 0
37 456 0
37 800 0
38 269 0
39 173 0
39 483 0
39 510 0
39 822 0
40 47 0
40 492 0
40 595 0
40 627 0
40 728 0
41 142 0
41 160 0
41 778 0
42 654 0
43 242 0
43 418 0
43 687 0
44 339 0
44 506 0
44 750 0
44 824 0
45 843 0
46 271 0
46 352 0
46 669 0
46 874 0
47 237 0
47 301 0
47 497 0
48 518 0
50 816 0
51 684 0
52 68 0
52 176 0
52 319 0
52 486 0
53 443 0
54 452 0
55 347 0
56 571 0
57 753 0
58 700 0
58 763 0
58 809 0
58 831 0
59 179 0
59 213 0
59 227 0
60 682 0
61 329 0
62 539 0
63 262 0
64 105 0
65 629 0
66 789 0
67 346 0
69 373 0
69 455 0
69 465 0
69 567 0
70 557 0
70 605 0
70 652 0
70 833 0
71 165 0
71 425 0
71 691 0
71 715 0
71 823 0
72 516 0
73 154 0
74 390 0
74 571 0
74 646 0
74 795 0
75 184 0
76 99 0
76 279 0
76 466 0
76 563 0
76 837 0
77 401 0
77 482 0
77 504 0
77 834 0
78 443 0
78 444 0
78 514 0
78 775 0
78 858 0
79 101 0
79 417 0
79 720 0
79 781 0
80 728 0
81 332 0
81 380 0
81 461 0
81 485 0
81 891 0
83 374 0
84 292 0
85 166 0
86 680 0
87 631 0
88 217 0
88 561 0
88 756 0
88 826 0
89 168 0
90 275 0
90 356 0
90 582 0
91 357 0
92 102 0
92 685 0
92 813 0
93 222 0
93 272 0
93 382 0
93 761 0
94 782 0
95 261 0
96 342 0
96 493 0
96 573 0
96 580 0
96 816 0
96 900 0
97 124 0
97 234 0
97 664 0
98 534 0
99 283 0
99 372 0
99 444 0
99 498 0
100 148 0
100 159 0
100 269 0
100 308 0
100 702 0
102 208 0
102 393 0
102 407 0
102 622 0
103 656 0
104 544 0
104 596 0
104 598 0
104 664 0
104 708 0
104 715 0
105 557 0
105 871 0
106 174 0
106 462 0
106 690 0
106 707 0
106 829 0
107 246 0
108 884 0
109 746 0
110 377 0
111 543 0
111 592 0
111 605 0
111 848 0
112 134 0
112 142 0
112 189 0
112 538 0
113 676 0
114 345 0
114 524 0
114 805 0
115 312 0
116 728 0
117 514 0
118 443 0
119 727 0
120 899 0
121 165 0
122 317 0
123 825 0
124 217 0
124 309 0
124 388 0
124 721 0
125 372 0
125 489 0
125 671 0
126 538 0
127 173 0
129 262 0
130 828 0
131 251 0
131 417 0
131 456 0
131 678 0
131 763 0
132 312 0
133 134 0
134 638 0
135 197 0
136 805 0
137 424 0
137 476 0
137 567 0
137 637 0
138 170 0
138 301 0
138 358 0
138 366 0
138 384 0
138 456 0
139 516 0
140 671 0
141 206 0
141 390 0
141 418 0
141 609 0
141 710 0
142 663 0
142 877 0
143 342 0
144 363 0
145 481 0
146 257 0
147 481 0
147 559 0
147 591 0
148 550 0
149 552 0
150 247 0
150 277 0
150 567 0
150 585 0
151 824 0
152 246 0
153 165 0
154 404 0
154 457 0
154 551 0
155 298 0
155 657 0
156 839 0
157 735 0
158 491 0
158 602 0
158 711 0
158 857 0
159 217 0
159 669 0
159 854 0
160 407 0
160 576 0
160 714 0
160 889 0
161 241 0
161 320 0
161 368 0
161 698 0
161 872 0
162 828 0
163 524 0
163 739 0
163 839 0
164 671 0
164 728 0
164 789 0
164 812 0
165 657 0
165 896 0
166 206 0
166 225 0
166 387 0
166 570 0
166 860 0
167 261 0
168 240 0
168 692 0
168 849 0
169 464 0
170 853 0
171 706 0
172 571 0
173 453 0
173 754 0
174 317 0
174 531 0
175 558 0
176 218 0
176 308 0
177 243 0
177 492 0
177 640 0
177 690 0
178 198 0
179 405 0
179 896 0
179 898 0
180 199 0
180 315 0
180 517 0
180 854 0
181 408 0
182 491 0
183 753 0
184 284 0
184 459 0
184 601 0
185 218 0
185 293 0
185 531 0
186 464 0
187 254 0
187 323 0
187 416 0
187 568 0
187 633 0
188 595 0
189 232 0
189 251 0
189 407 0
190 550 0
192 496 0
192 732 0
192 749 0
193 856 0
194 227 0
194 452 0
194 782 0
194 887 0
195 766 0
196 533 0
197 356 0
197 621 0
197 696 0
198 380 0
198 465 0
199 518 0
199 589 0
199 606 0
200 418 0
200 883 0
201 245 0
202 203 0
202 238 0
202 456 0
202 484 0
202 556 0
202 776 0
204 286 0
204 298 0
204 591 0
204 761 0
204 833 0
205 558 0
206 317 0
207 339 0
207 357 0
207 522 0
209 377 0
210 883 0
211 646 0
212 656 0
213 311 0
213 369 0
213 545 0
213 749 0
214 349 0
215 300 0
216 531 0
216 727 0
216 728 0
217 474 0
218 484 0
218 681 0
218 774 0
219 505 0
219 706 0
219 709 0
219 803 0
220 524 0
221 234 0
221 365 0
221 440 0
221 587 0
221 753 0
222 363 0
222 789 0
223 631 0
224 446 0
225 363 0
225 565 0
225 683 0
226 580 0
226 761 0
226 842 0
227 396 0
227 472 0
227 722 0
228 363 0
229 682 0
230 235 0
230 444 0
230 606 0
232 292 0
232 345 0
232 607 0
233 283 0
234 303 0
234 523 0
235 362 0
235 469 0
235 797 0
235 876 0
236 499 0
238 300 0
238 718 0
239 590 0
240 286 0
241 686 0
241 694 0
242 304 0
242 525 0
242 854 0
244 258 0
245 270 0
245 760 0
245 838 0
245 890 0
246 323 0
246 427 0
248 533 0
249 602 0
251 418 0
251 573 0
252 474 0
253 329 0
254 299 0
255 419 0
255 611 0
255 896 0
256 407 0
256 684 0
257 288 0
257 479 0
257 557 0
258 517 0
258 618 0
258 791 0
259 329 0
259 331 0
259 349 0
259 623 0
259 710 0
260 439 0
261 473 0
261 742 0
262 503 0
262 715 0
263 743 0
263 757 0
263 870 0
263 880 0
264 304 0
264 824 0
264 833 0
265 280 0
265 298 0
265 371 0
265 665 0
265 832 0
266 531 0
267 499 0
268 296 0
269 508 0
269 737 0
269 775 0
270 507 0
270 574 0
270 656 0
274 542 0
275 445 0
275 744 0
275 749 0
276 702 0
278 283 0
280 611 0
280 706 0
281 524 0
282 784 0
283 869 0
285 895 0
286 425 0
286 749 0
287 403 0
287 504 0
287 606 0
289 646 0
290 884 0
291 742 0
291 772 0
291 780 0
292 520 0
292 537 0
293 395 0
293 590 0
293 742 0
294 840 0
295 312 0
296 465 0
296 613 0
296 660 0
297 349 0
297 606 0
297 705 0
298 374 0
298 705 0
299 305 0
299 513 0
299 790 0
300 404 0
300 447 0
300 804 0
300 837 0
302 830 0
304 310 0
304 356 0
304 500 0
305 593 0
305 710 0
305 839 0
306 887 0
307 789 0
308 364 0
308 370 0
308 463 0
310 645 0
310 784 0
310 883 0
312 410 0
312 691 0
313 856 0
314 477 0
315 639 0
315 666 0
315 671 0
315 840 0
316 612 0
317 763 0
318 349 0
321 830 0
322 540 0
323 887 0
324 580 0
325 345 0
326 603 0
327 354 0
327 466 0
327 862 0
327 891 0
328 654 0
329 428 0
329 579 0
330 521 0
330 651 0
330 668 0
330 675 0
330 797 0
331 534 0
331 773 0
333 727 0
334 399 0
335 853 0
336 436 0
336 522 0
336 749 0
337 372 0
338 450 0
339 487 0
339 501 0
340 395 0
340 697 0
340 705 0
341 702 0
342 801 0
342 850 0
343 611 0
344 843 0
345 535 0
345 794 0
346 624 0
346 663 0
346 774 0
346 882 0
347 546 0
347 652 0
347 879 0
348 671 0
349 803 0
350 409 0
351 507 0
351 813 0
353 816 0
355 504 0
355 531 0
355 685 0
356 436 0
356 789 0
357 579 0
357 763 0
357 851 0
359 656 0
360 534 0
361 374 0
361 516 0
361 657 0
363 726 0
365 472 0
365 617 0
365 628 0
365 657 0
367 606 0
368 574 0
368 590 0
368 603 0
372 569 0
372 889 0
373 418 0
373 466 0
373 574 0
373 627 0
374 467 0
374 575 0
375 477 0
376 766 0
377 498 0
377 522 0
377 875 0
378 448 0
379 446 0
380 615 0
381 644 0
383 607 0
385 417 0
385 664 0
385 715 0
385 840 0
386 899 0
387 459 0
387 676 0
389 448 0
390 462 0
390 749 0
391 403 0
392 856 0
395 591 0
395 741 0
395 765 0
395 873 0
396 506 0
398 587 0
399 455 0
399 572 0
399 859 0
400 654 0
400 757 0
402 899 0
403 609 0
403 742 0
404 550 0
404 704 0
404 804 0
406 589 0
407 717 0
407 737 0
407 807 0
407 825 0
408 630 0
408 713 0
408 838 0
409 451 0
409 661 0
409 697 0
410 432 0
410 516 0
410 805 0
411 474 0
412 689 0
413 580 0
414 425 0
415 489 0
415 510 0
415 766 0
417 481 0
417 534 0
419 530 0
419 628 0
419 866 0
420 603 0
422 817 0
423 446 0
425 555 0
425 841 0
426 842 0
427 484 0
427 604 0
427 631 0
427 709 0
427 750 0
427 780 0
427 857 0
429 439 0
430 491 0
431 531 0
432 568 0
432 786 0
432 833 0
433 498 0
433 649 0
433 686 0
433 846 0
434 817 0
435 595 0
436 690 0
436 803 0
436 804 0
437 680 0
438 646 0
439 663 0
439 675 0
440 589 0
440 607 0
441 459 0
441 655 0
441 736 0
441 764 0
442 735 0
443 659 0
443 889 0
444 458 0
444 896 0
446 675 0
446 708 0
446 791 0
448 600 0
448 669 0
449 539 0
450 679 0
450 715 0
452 492 0
452 493 0
452 583 0
452 807 0
452 900 0
454 642 0
454 697 0
454 730 0
454 799 0
455 884 0
456 639 0
456 694 0
458 683 0
458 687 0
458 750 0
459 470 0
459 688 0
459 750 0
460 852 0
462 667 0
462 739 0
464 740 0
464 875 0
465 531 0
468 694 0
469 587 0
469 652 0
470 770 0
470 827 0
471 852 0
472 687 0
472 704 0
474 845 0
475 552 0
477 867 0
477 876 0
478 709 0
480 645 0
481 844 0
483 657 0
483 779 0
483 837 0
484 757 0
487 493 0
487 858 0
488 565 0
489 564 0
489 731 0
489 774 0
490 822 0
491 511 0
491 557 0
491 788 0
492 823 0
493 593 0
494 746 0
495 839 0
499 615 0
499 875 0
500 676 0
500 766 0
500 853 0
502 517 0
504 553 0
504 574 0
504 602 0
504 778 0
505 510 0
505 617 0
505 674 0
506 625 0
506 810 0
507 515 0
507 529 0
509 607 0
510 791 0
511 580 0
511 825 0
514 528 0
514 693 0
517 559 0
518 648 0
518 662 0
519 623 0
522 628 0
522 765 0
524 566 0
525 875 0
525 891 0
526 745 0
527 676 0
531 739 0
532 718 0
533 886 0
533 897 0
536 684 0
538 620 0
538 733 0
539 734 0
539 886 0
540 722 0
540 838 0
540 892 0
541 822 0
542 597 0
542 686 0
542 771 0
547 705 0
548 611 0
548 704 0
548 774 0
549 602 0
552 582 0
552 632 0
553 611 0
553 612 0
554 587 0
555 629 0
555 828 0
558 568 0
558 806 0
559 725 0
559 738 0
559 807 0
560 644 0
562 623 0
562 654 0
562 839 0
565 791 0
566 626 0
566 800 0
567 830 0
568 727 0
568 765 0
571 802 0
573 774 0
573 880 0
577 813 0
578 626 0
579 704 0
581 701 0
582 704 0
582 852 0
584 824 0
585 761 0
586 797 0
586 830 0
586 858 0
586 887 0
587 667 0
588 702 0
588 749 0
588 828 0
589 738 0
589 863 0
590 604 0
590 762 0
591 611 0
591 895 0
593 599 0
593 857 0
594 631 0
595 794 0
595 821 0
602 618 0
602 738 0
605 680 0
605 682 0
605 900 0
606 783 0
608 626 0
609 639 0
610 611 0
612 619 0
612 722 0
614 887 0
616 853 0
617 689 0
617 706 0
618 797 0
623 893 0
626 868 0
627 675 0
627 886 0
628 701 0
628 718 0
629 758 0
629 767 0
634 689 0
635 816 0
636 666 0
639 887 0
641 883 0
643 666 0
644 708 0
644 722 0
645 667 0
645 673 0
647 815 0
650 842 0
652 817 0
652 847 0
653 766 0
654 761 0
658 778 0
664 839 0
666 677 0
669 684 0
671 894 0
672 840 0
678 822 0
678 853 0
680 711 0
682 695 0
683 715 0
683 876 0
685 691 0
685 697 0
685 741 0
686 813 0
686 854 0
687 833 0
688 694 0
688 710 0
689 796 0
697 704 0
699 773 0
701 888 0
703 843 0
705 792 0
706 716 0
709 747 0
709 818 0
710 742 0
711 825 0
712 895 0
717 837 0
718 814 0
719 815 0
722 747 0
723 800 0
724 828 0
728 885 0
729 847 0
735 820 0
739 858 0
741 805 0
745 777 0
745 786 0
746 861 0
746 880 0
747 875 0
748 782 0
751 858 0
752 773 0
753 769 0
757 833 0
759 778 0
765 773 0
768 813 0
773 786 0
778 785 0
780 825 0
782 864 0
784 823 0
784 836 0
786 842 0
787 853 0
793 852 0
794 895 0
795 865 0
798 800 0
805 808 0
811 847 0
812 858 0
815 855 0
815 891 0
825 881 0
835 847 0
856 876 0
878 884 0
896 899 0
