180 221 0
1 88 0
2 24 0
3 27 0
3 31 0
3 174 0
3 175 0
4 37 0
4 83 0
4 106 0
4 131 0
5 119 0
6 41 0
6 94 0
6 127 0
6 160 0
7 32 0
7 56 0
7 68 0
7 114 0
7 130 0
8 13 0
8 176 0
9 22 0
9 67 0
9 144 0
9 148 0
9 170 0
10 49 0
10 88 0
11 12 0
11 108 0
11 117 0
11 178 0
12 84 0
13 40 0
13 156 0
13 173 0
14 123 0
15 40 0
15 108 0
15 116 0
15 151 0
16 35 0
16 59 0
16 79 0
16 86 0
16 136 0
17 166 0
18 75 0
18 125 0
18 148 0
19 72 0
20 58 0
20 74 0
20 165 0
20 177 0
21 64 0
23 58 0
24 141 0
24 150 0
24 171 0
25 39 0
25 40 0
25 76 0
25 95 0
25 155 0
25 159 0
26 105 0
27 62 0
28 54 0
28 99 0
28 114 0
28 174 0
29 106 0
30 143 0
31 90 0
31 146 0
31 152 0
32 134 0
33 46 0
33 51 0
33 97 0
33 142 0
34 50 0
34 55 0
34 59 0
34 112 0
36 37 0
36 165 0
37 63 0
37 86 0
37 97 0
38 50 0
38 93 0
38 126 0
38 145 0
39 131 0
40 61 0
40 87 0
42 143 0
42 148 0
43 52 0
43 58 0
43 95 0
44 111 0
45 51 0
45 61 0
45 102 0
45 128 0
46 149 0
47 163 0
48 123 0
49 61 0
49 134 0
50 64 0
50 71 0
52 117 0
52 146 0
53 83 0
54 90 0
55 122 0
56 99 0
56 138 0
56 152 0
57 68 0
57 139 0
57 146 0
58 82 0
58 121 0
58 127 0
60 100 0
61 98 0
61 180 0
62 78 0
63 71 0
63 127 0
63 151 0
64 135 0
64 167 0
65 163 0
66 72 0
68 137 0
69 107 0
70 90 0
71 98 0
71 162 0
71 170 0
72 77 0
72 97 0
73 78 0
75 105 0
78 122 0
78 127 0
79 160 0
80 107 0
81 172 0
83 102 0
83 137 0
84 99 0
84 123 0
85 148 0
86 105 0
86 123 0
87 100 0
87 154 0
88 97 0
88 121 0
89 106 0
90 179 0
91 159 0
92 138 0
94 121 0
95 126 0
96 134 0
97 101 0
99 164 0
99 169 0
100 154 0
100 170 0
101 129 0
102 121 0
103 159 0
104 111 0
105 139 0
106 149 0
107 141 0
107 176 0
108 148 0
108 172 0
109 172 0
110 138 0
111 116 0
111 158 0
113 159 0
115 143 0
116 134 0
116 143 0
118 131 0
119 157 0
119 161 0
119 165 0
120 138 0
124 129 0
125 131 0
127 152 0
128 146 0
129 147 0
129 162 0
132 172 0
133 166 0
140 166 0
141 151 0
141 165 0
146 170 0
148 168 0
151 152 0
153 163 0
156 162 0
159 162 0
162 163 0
166 170 0
