60 119 0
1 20 0
1 44 0
1 50 0
1 57 0
2 40 0
3 12 0
3 23 0
3 41 0
4 44 0
5 42 0
5 56 0
5 59 0
6 32 0
6 41 0
7 53 0
8 13 0
8 36 0
8 37 0
8 60 0
9 33 0
9 34 0
9 59 0
10 15 0
10 28 0
10 52 0
10 53 0
11 15 0
11 31 0
11 48 0
11 53 0
12 14 0
12 24 0
12 25 0
12 48 0
13 24 0
13 31 0
13 42 0
14 40 0
15 28 0
15 33 0
15 42 0
15 60 0
16 37 0
17 20 0
17 23 0
17 51 0
17 57 0
18 47 0
18 57 0
19 22 0
19 57 0
20 29 0
20 34 0
20 36 0
20 44 0
20 54 0
20 58 0
21 24 0
21 27 0
21 43 0
21 47 0
21 48 0
21 55 0
22 26 0
22 42 0
22 56 0
22 57 0
23 36 0
23 50 0
24 42 0
24 44 0
24 52 0
24 57 0
25 34 0
25 51 0
25 55 0
25 60 0
26 37 0
26 43 0
26 57 0
27 30 0
27 51 0
27 54 0
28 36 0
28 43 0
28 54 0
29 46 0
29 50 0
30 32 0
31 32 0
31 34 0
31 45 0
31 53 0
32 41 0
34 38 0
34 41 0
35 39 0
35 45 0
36 40 0
36 50 0
36 52 0
37 46 0
37 56 0
37 60 0
38 42 0
38 51 0
39 45 0
40 52 0
40 55 0
40 57 0
42 45 0
44 51 0
45 47 0
45 48 0
46 54 0
49 59 0
53 54 0
55 59 0
59 60 0
