160 237 0
1 49 0
1 132 0
2 42 0
2 89 0
2 92 0
2 97 0
2 124 0
2 153 0
3 17 0
3 50 0
3 126 0
3 127 0
3 131 0
4 40 0
4 78 0
5 126 0
6 44 0
6 66 0
6 83 0
6 117 0
6 155 0
7 19 0
7 53 0
7 84 0
7 137 0
8 22 0
8 66 0
8 71 0
8 96 0
8 142 0
9 128 0
10 13 0
10 53 0
10 64 0
10 80 0
10 128 0
11 81 0
12 50 0
12 59 0
12 88 0
12 108 0
12 132 0
13 74 0
13 82 0
13 135 0
13 145 0
14 152 0
15 18 0
15 52 0
15 65 0
15 100 0
15 131 0
16 22 0
16 103 0
16 137 0
17 85 0
17 95 0
17 146 0
18 61 0
18 73 0
18 89 0
18 156 0
18 157 0
19 29 0
19 41 0
19 60 0
19 90 0
20 108 0
20 153 0
21 35 0
21 132 0
22 34 0
22 51 0
22 77 0
22 131 0
23 124 0
24 104 0
25 54 0
25 81 0
26 32 0
26 86 0
26 101 0
26 117 0
26 125 0
27 57 0
27 84 0
28 40 0
28 100 0
28 109 0
29 49 0
29 100 0
30 77 0
31 32 0
31 128 0
32 64 0
32 87 0
32 147 0
32 148 0
33 84 0
34 54 0
34 110 0
34 113 0
35 43 0
35 69 0
35 76 0
35 101 0
35 105 0
36 127 0
37 64 0
37 108 0
37 133 0
37 159 0
38 97 0
39 147 0
40 51 0
40 87 0
40 101 0
40 131 0
41 121 0
42 100 0
43 77 0
43 142 0
44 47 0
44 92 0
44 121 0
45 111 0
46 53 0
46 67 0
46 71 0
46 104 0
47 58 0
47 91 0
47 151 0
48 126 0
48 136 0
49 87 0
49 98 0
49 133 0
49 152 0
50 54 0
50 59 0
51 53 0
51 92 0
51 135 0
52 136 0
52 138 0
52 143 0
52 148 0
53 62 0
55 65 0
56 70 0
56 99 0
56 101 0
56 139 0
56 149 0
57 109 0
57 111 0
57 143 0
61 68 0
61 80 0
62 69 0
62 78 0
62 109 0
62 111 0
63 65 0
65 116 0
65 137 0
66 156 0
67 81 0
67 121 0
68 152 0
69 75 0
69 135 0
69 139 0
70 120 0
70 137 0
71 92 0
71 152 0
72 77 0
72 80 0
72 150 0
73 92 0
73 104 0
73 107 0
74 80 0
77 119 0
78 115 0
78 141 0
79 102 0
79 121 0
80 130 0
81 108 0
84 94 0
84 130 0
85 157 0
86 98 0
87 90 0
87 108 0
87 117 0
87 147 0
88 111 0
88 120 0
90 129 0
91 100 0
93 147 0
97 136 0
97 144 0
98 160 0
100 122 0
102 137 0
103 122 0
103 147 0
104 120 0
104 147 0
106 121 0
106 128 0
107 123 0
107 150 0
107 158 0
109 153 0
110 112 0
111 132 0
111 136 0
112 124 0
114 126 0
116 148 0
116 150 0
118 124 0
121 147 0
127 140 0
127 160 0
128 134 0
129 153 0
135 153 0
136 141 0
137 154 0
146 156 0
