900 944 0
1 122 0
2 432 0
3 100 0
3 207 0
3 372 0
3 759 0
4 862 0
5 567 0
6 646 0
7 453 0
8 102 0
8 470 0
8 479 0
9 615 0
10 145 0
10 244 0
10 337 0
10 754 0
10 888 0
11 751 0
12 388 0
13 230 0
14 753 0
15 100 0
15 248 0
15 549 0
15 638 0
16 501 0
17 715 0
18 30 0
18 314 0
18 501 0
19 278 0
20 713 0
21 812 0
22 241 0
23 389 0
24 403 0
25 488 0
26 129 0
26 237 0
26 333 0
26 485 0
27 454 0
28 400 0
28 465 0
28 556 0
28 757 0
29 78 0
29 746 0
29 780 0
29 801 0
30 122 0
30 230 0
30 761 0
30 899 0
31 878 0
32 576 0
32 646 0
32 861 0
32 873 0
33 81 0
34 352 0
35 576 0
36 234 0
37 854 0
38 190 0
38 197 0
38 462 0
38 651 0
39 291 0
40 212 0
40 333 0
40 410 0
41 194 0
41 330 0
41 739 0
42 213 0
43 172 0
44 85 0
44 86 0
44 333 0
44 840 0
45 283 0
45 506 0
45 661 0
45 728 0
46 139 0
47 613 0
48 359 0
49 155 0
50 277 0
51 345 0
52 875 0
53 869 0
54 222 0
55 633 0
55 708 0
55 782 0
55 849 0
56 461 0
56 537 0
56 652 0
56 835 0
57 122 0
58 753 0
59 139 0
60 184 0
60 320 0
60 589 0
60 763 0
61 846 0
62 421 0
62 627 0
62 634 0
62 790 0
63 73 0
64 352 0
65 99 0
65 176 0
65 369 0
65 583 0
65 897 0
66 654 0
67 160 0
67 300 0
67 789 0
67 898 0
68 280 0
69 80 0
70 388 0
71 255 0
71 464 0
71 502 0
71 747 0
72 74 0
73 766 0
73 792 0
73 827 0
74 208 0
74 368 0
74 837 0
75 316 0
75 531 0
75 729 0
75 764 0
75 815 0
76 102 0
76 744 0
76 778 0
76 838 0
77 753 0
78 367 0
78 612 0
78 816 0
79 441 0
80 413 0
80 670 0
80 857 0
80 888 0
81 127 0
81 574 0
81 677 0
81 840 0
82 870 0
83 459 0
84 403 0
85 120 0
85 242 0
85 509 0
86 274 0
86 692 0
86 886 0
87 101 0
87 563 0
87 644 0
87 742 0
88 344 0
88 440 0
88 588 0
88 788 0
89 155 0
90 331 0
90 409 0
90 411 0
90 695 0
90 823 0
90 897 0
91 276 0
92 499 0
93 272 0
93 367 0
93 678 0
93 741 0
94 98 0
94 308 0
94 416 0
94 516 0
95 126 0
95 326 0
95 361 0
95 605 0
96 248 0
97 248 0
100 103 0
100 473 0
100 688 0
102 463 0
102 645 0
102 673 0
103 433 0
103 825 0
104 666 0
105 509 0
106 256 0
107 854 0
108 110 0
108 223 0
108 818 0
108 866 0
109 576 0
111 671 0
112 715 0
113 834 0
114 280 0
115 499 0
116 473 0
116 484 0
116 775 0
116 805 0
117 717 0
118 638 0
119 256 0
120 500 0
120 519 0
120 560 0
121 521 0
122 616 0
123 335 0
123 642 0
123 775 0
123 787 0
124 132 0
124 140 0
124 393 0
124 614 0
125 390 0
127 371 0
127 813 0
128 886 0
129 241 0
129 246 0
129 854 0
130 351 0
131 705 0
132 304 0
132 559 0
132 861 0
133 225 0
134 601 0
135 654 0
136 389 0
136 509 0
136 713 0
137 559 0
138 705 0
139 174 0
139 516 0
141 716 0
141 807 0
141 817 0
141 847 0
142 751 0
143 571 0
144 326 0
144 547 0
144 843 0
144 881 0
145 342 0
145 532 0
145 872 0
146 203 0
146 284 0
146 316 0
146 387 0
147 578 0
148 812 0
149 228 0
150 671 0
151 269 0
151 382 0
151 691 0
151 897 0
152 288 0
153 478 0
154 655 0
155 410 0
155 565 0
156 851 0
157 870 0
158 162 0
159 459 0
160 250 0
160 495 0
160 878 0
161 591 0
162 366 0
162 508 0
162 511 0
163 567 0
164 280 0
164 325 0
164 345 0
164 398 0
165 780 0
166 281 0
167 248 0
168 300 0
168 475 0
168 504 0
168 536 0
169 769 0
170 389 0
170 399 0
170 501 0
170 806 0
171 509 0
172 326 0
172 340 0
172 779 0
173 495 0
175 298 0
177 210 0
178 342 0
179 210 0
180 304 0
181 645 0
182 336 0
183 558 0
185 228 0
186 360 0
187 230 0
188 278 0
189 581 0
191 389 0
192 487 0
193 870 0
194 293 0
194 473 0
194 657 0
195 655 0
196 240 0
198 356 0
199 571 0
200 576 0
201 266 0
201 415 0
201 680 0
201 833 0
202 219 0
204 235 0
205 681 0
206 829 0
207 341 0
207 523 0
207 858 0
208 212 0
208 477 0
208 507 0
209 258 0
209 434 0
209 438 0
209 485 0
209 731 0
210 323 0
210 458 0
211 304 0
212 626 0
212 733 0
213 323 0
213 406 0
213 676 0
214 820 0
215 780 0
216 671 0
217 882 0
218 875 0
219 515 0
219 708 0
219 892 0
220 476 0
221 378 0
222 472 0
222 625 0
222 658 0
224 717 0
225 401 0
225 410 0
225 831 0
226 325 0
226 480 0
226 628 0
226 717 0
227 260 0
227 293 0
227 476 0
227 529 0
228 489 0
228 893 0
229 254 0
230 370 0
231 398 0
232 570 0
233 346 0
233 354 0
233 621 0
233 835 0
234 644 0
234 670 0
234 845 0
235 310 0
235 632 0
235 792 0
236 810 0
237 390 0
237 453 0
237 812 0
238 372 0
239 426 0
240 312 0
240 706 0
240 866 0
241 431 0
241 711 0
242 599 0
242 674 0
242 707 0
243 559 0
244 453 0
244 875 0
245 624 0
245 688 0
245 868 0
246 347 0
246 568 0
246 804 0
247 376 0
249 791 0
250 386 0
250 686 0
250 700 0
251 324 0
252 791 0
253 501 0
254 314 0
254 871 0
254 894 0
256 860 0
256 885 0
257 629 0
259 261 0
260 608 0
260 722 0
260 729 0
260 730 0
261 303 0
261 891 0
261 898 0
262 653 0
263 669 0
264 382 0
264 543 0
264 781 0
264 824 0
265 454 0
267 693 0
268 846 0
270 301 0
270 586 0
270 696 0
270 735 0
271 793 0
273 468 0
274 557 0
274 617 0
274 660 0
275 834 0
276 497 0
276 876 0
276 885 0
277 485 0
277 522 0
277 534 0
278 319 0
278 541 0
279 417 0
279 514 0
279 703 0
279 721 0
280 585 0
281 664 0
281 668 0
281 690 0
281 731 0
282 432 0
285 813 0
286 400 0
286 552 0
286 564 0
286 750 0
287 594 0
288 538 0
288 603 0
288 805 0
289 689 0
290 669 0
291 366 0
291 641 0
291 822 0
292 348 0
293 320 0
293 323 0
294 746 0
295 759 0
296 675 0
297 812 0
298 502 0
298 755 0
298 762 0
298 781 0
299 479 0
300 751 0
300 753 0
301 325 0
301 623 0
301 825 0
302 426 0
304 405 0
305 542 0
306 362 0
307 480 0
309 570 0
311 399 0
313 878 0
314 352 0
314 479 0
314 806 0
315 378 0
316 601 0
316 736 0
317 479 0
318 751 0
320 545 0
320 620 0
321 573 0
321 682 0
321 785 0
321 792 0
322 545 0
323 705 0
324 450 0
324 595 0
324 600 0
325 446 0
326 797 0
327 374 0
328 532 0
329 493 0
330 333 0
330 337 0
330 816 0
331 629 0
331 705 0
332 569 0
333 649 0
334 529 0
336 408 0
336 467 0
336 760 0
337 371 0
337 736 0
338 532 0
339 507 0
342 428 0
342 836 0
343 793 0
344 371 0
344 374 0
344 715 0
345 527 0
345 749 0
348 429 0
348 436 0
348 484 0
349 770 0
350 357 0
350 739 0
350 806 0
350 861 0
351 381 0
351 484 0
351 607 0
352 880 0
353 693 0
355 825 0
356 467 0
356 555 0
356 580 0
357 366 0
357 409 0
357 541 0
358 362 0
358 376 0
358 576 0
359 377 0
359 424 0
359 754 0
360 598 0
360 775 0
360 856 0
362 385 0
362 840 0
363 746 0
364 759 0
365 834 0
366 862 0
367 488 0
367 669 0
371 790 0
371 814 0
371 893 0
372 732 0
372 844 0
373 513 0
374 418 0
374 720 0
375 529 0
376 442 0
376 525 0
376 853 0
378 606 0
378 631 0
379 441 0
380 478 0
382 477 0
382 681 0
382 864 0
383 666 0
384 873 0
388 506 0
388 694 0
390 609 0
390 839 0
391 468 0
392 487 0
394 578 0
395 746 0
396 638 0
397 794 0
398 455 0
398 710 0
399 772 0
399 802 0
400 539 0
400 611 0
400 630 0
402 882 0
403 410 0
403 808 0
404 545 0
407 602 0
409 567 0
409 613 0
410 649 0
412 445 0
412 643 0
412 699 0
412 898 0
414 793 0
417 594 0
417 666 0
417 736 0
419 476 0
420 594 0
422 623 0
423 513 0
425 463 0
426 512 0
426 622 0
427 743 0
430 629 0
432 518 0
432 853 0
433 542 0
433 657 0
433 786 0
433 793 0
435 636 0
437 791 0
439 875 0
441 452 0
441 690 0
443 558 0
444 542 0
446 539 0
446 739 0
446 761 0
447 882 0
448 620 0
449 620 0
451 596 0
453 561 0
454 541 0
454 809 0
456 615 0
457 460 0
459 644 0
459 729 0
460 583 0
460 640 0
460 884 0
462 477 0
462 636 0
462 829 0
463 647 0
463 712 0
466 569 0
467 493 0
467 797 0
468 472 0
468 665 0
469 476 0
470 512 0
470 584 0
470 879 0
471 801 0
472 736 0
472 820 0
473 708 0
474 581 0
477 789 0
478 541 0
478 566 0
479 679 0
480 490 0
480 639 0
481 780 0
482 899 0
483 689 0
484 521 0
485 794 0
486 507 0
487 496 0
487 510 0
487 600 0
488 540 0
488 702 0
491 675 0
492 692 0
493 551 0
493 740 0
494 770 0
495 503 0
495 725 0
496 545 0
496 578 0
498 869 0
499 506 0
499 819 0
502 615 0
502 766 0
502 806 0
505 577 0
506 673 0
507 765 0
509 727 0
512 655 0
512 761 0
513 520 0
513 888 0
516 591 0
516 656 0
516 797 0
517 899 0
521 756 0
521 887 0
524 567 0
526 786 0
526 834 0
528 692 0
529 709 0
530 810 0
532 635 0
532 864 0
533 786 0
535 825 0
539 690 0
539 885 0
542 784 0
544 653 0
545 864 0
546 759 0
548 675 0
549 562 0
549 738 0
549 883 0
550 862 0
553 628 0
554 629 0
558 719 0
558 893 0
559 848 0
569 606 0
569 896 0
570 724 0
570 840 0
571 723 0
571 790 0
572 602 0
575 623 0
577 662 0
577 805 0
577 895 0
578 888 0
579 829 0
581 767 0
581 847 0
582 638 0
583 649 0
583 654 0
587 689 0
590 644 0
590 816 0
590 835 0
590 866 0
591 774 0
591 783 0
592 851 0
593 653 0
594 814 0
596 697 0
596 842 0
596 898 0
597 620 0
600 637 0
600 649 0
600 770 0
601 659 0
601 890 0
602 637 0
602 853 0
604 623 0
606 761 0
606 882 0
610 681 0
611 688 0
611 853 0
612 769 0
612 834 0
612 851 0
613 648 0
613 859 0
615 821 0
618 628 0
619 878 0
620 814 0
623 656 0
628 685 0
629 754 0
630 773 0
630 863 0
630 874 0
636 687 0
636 811 0
637 688 0
645 734 0
645 795 0
646 650 0
646 855 0
653 790 0
654 731 0
655 865 0
656 743 0
657 792 0
657 847 0
663 886 0
666 745 0
667 770 0
669 800 0
670 775 0
671 805 0
672 854 0
673 789 0
673 833 0
675 742 0
675 833 0
681 830 0
683 801 0
684 717 0
688 813 0
689 893 0
690 846 0
692 768 0
693 775 0
693 889 0
698 873 0
701 810 0
704 869 0
708 791 0
713 832 0
713 841 0
713 847 0
714 743 0
715 799 0
718 851 0
726 872 0
737 769 0
739 789 0
742 885 0
743 835 0
748 886 0
752 794 0
754 810 0
758 872 0
766 846 0
769 900 0
771 872 0
776 794 0
777 813 0
781 899 0
786 796 0
797 816 0
798 820 0
801 867 0
803 862 0
820 850 0
826 873 0
828 899 0
829 852 0
833 875 0
846 877 0
853 861 0
866 870 0
869 885 0
