120 185 0
1 76 0
1 100 0
2 24 0
2 43 0
2 62 0
2 65 0
2 70 0
2 75 0
3 17 0
3 29 0
3 40 0
3 48 0
3 50 0
3 105 0
4 8 0
4 42 0
4 81 0
4 82 0
4 102 0
5 56 0
6 50 0
7 42 0
7 44 0
7 100 0
8 18 0
8 20 0
8 120 0
9 39 0
9 83 0
10 23 0
10 40 0
10 83 0
10 87 0
10 103 0
11 90 0
12 15 0
12 25 0
12 61 0
12 119 0
13 49 0
14 28 0
14 50 0
14 84 0
15 84 0
16 62 0
17 26 0
17 59 0
17 62 0
17 78 0
17 107 0
18 54 0
19 52 0
21 27 0
21 61 0
21 72 0
21 76 0
22 34 0
22 55 0
22 57 0
22 67 0
22 73 0
23 32 0
23 50 0
23 81 0
23 86 0
23 87 0
23 99 0
24 27 0
24 92 0
26 72 0
26 81 0
27 60 0
28 48 0
29 40 0
29 42 0
29 49 0
29 105 0
30 90 0
31 44 0
31 62 0
31 65 0
31 71 0
33 44 0
33 90 0
34 37 0
34 78 0
34 90 0
34 101 0
35 60 0
35 61 0
35 63 0
35 81 0
35 99 0
36 110 0
36 117 0
37 71 0
37 77 0
37 83 0
38 84 0
38 95 0
38 117 0
39 100 0
40 61 0
40 81 0
41 50 0
42 57 0
42 58 0
42 76 0
43 105 0
43 111 0
44 65 0
45 71 0
45 100 0
45 107 0
46 50 0
46 80 0
47 83 0
48 76 0
48 83 0
48 98 0
48 109 0
49 58 0
49 67 0
49 70 0
49 95 0
51 84 0
52 61 0
52 74 0
52 111 0
53 85 0
54 100 0
56 57 0
56 64 0
56 75 0
56 89 0
57 107 0
58 66 0
58 84 0
58 99 0
58 107 0
58 114 0
60 108 0
62 77 0
62 88 0
62 101 0
63 87 0
65 100 0
65 105 0
65 116 0
66 82 0
67 104 0
68 103 0
69 93 0
69 114 0
70 75 0
70 102 0
70 118 0
71 85 0
72 73 0
72 98 0
73 85 0
79 85 0
80 82 0
81 85 0
81 90 0
82 91 0
86 109 0
90 112 0
91 99 0
92 114 0
93 102 0
94 102 0
96 117 0
97 115 0
101 105 0
101 115 0
101 117 0
103 113 0
103 116 0
104 107 0
106 115 0
107 108 0
110 115 0
112 120 0
117 118 0
