250 345 0
1 80 0
1 185 0
2 13 0
3 211 0
3 248 0
4 12 0
5 31 0
6 22 0
6 40 0
6 52 0
6 114 0
6 176 0
6 199 0
7 155 0
7 223 0
8 123 0
8 126 0
8 204 0
8 247 0
9 199 0
9 211 0
10 32 0
10 138 0
10 171 0
10 238 0
11 18 0
11 184 0
12 43 0
12 75 0
12 149 0
13 45 0
13 121 0
13 127 0
14 129 0
15 146 0
16 129 0
16 242 0
17 21 0
18 19 0
18 48 0
18 173 0
18 225 0
19 110 0
20 147 0
21 26 0
21 116 0
21 134 0
21 207 0
22 238 0
23 142 0
23 168 0
24 29 0
24 187 0
25 53 0
25 120 0
25 195 0
25 231 0
26 65 0
27 188 0
27 230 0
27 246 0
28 55 0
29 100 0
29 219 0
29 248 0
30 88 0
31 40 0
31 78 0
31 186 0
31 250 0
32 148 0
32 152 0
32 218 0
33 86 0
33 149 0
33 227 0
33 235 0
34 147 0
35 64 0
35 119 0
36 111 0
36 143 0
36 144 0
36 237 0
37 66 0
37 139 0
37 156 0
37 211 0
38 232 0
38 233 0
39 147 0
39 233 0
40 97 0
40 230 0
41 155 0
42 236 0
42 242 0
43 86 0
44 70 0
44 149 0
44 172 0
44 228 0
46 64 0
46 91 0
46 166 0
46 172 0
46 219 0
46 239 0
47 192 0
47 195 0
48 216 0
48 219 0
48 222 0
48 223 0
48 250 0
49 139 0
50 124 0
50 212 0
51 95 0
51 210 0
52 126 0
53 80 0
53 161 0
53 162 0
54 138 0
55 107 0
55 162 0
55 177 0
55 178 0
56 151 0
57 101 0
57 144 0
57 216 0
57 221 0
58 74 0
58 160 0
59 174 0
60 74 0
61 201 0
62 127 0
62 138 0
63 124 0
63 142 0
63 150 0
63 193 0
64 82 0
64 158 0
64 169 0
65 137 0
65 144 0
65 190 0
65 244 0
66 87 0
66 92 0
66 105 0
66 192 0
67 97 0
67 104 0
67 150 0
67 156 0
68 217 0
69 85 0
69 190 0
69 220 0
70 77 0
70 91 0
71 111 0
71 115 0
71 223 0
72 173 0
72 184 0
72 211 0
73 174 0
74 214 0
74 243 0
76 126 0
76 145 0
76 153 0
76 174 0
76 175 0
77 88 0
78 190 0
79 109 0
79 120 0
79 132 0
81 217 0
83 125 0
83 132 0
83 146 0
83 150 0
83 206 0
84 115 0
84 156 0
84 217 0
85 146 0
86 167 0
86 249 0
87 109 0
88 105 0
88 158 0
88 207 0
89 118 0
89 136 0
89 223 0
90 155 0
91 140 0
91 163 0
91 189 0
91 249 0
93 176 0
94 139 0
94 171 0
95 103 0
95 178 0
95 202 0
96 124 0
97 149 0
97 206 0
98 116 0
98 132 0
99 147 0
99 155 0
99 171 0
99 190 0
100 179 0
100 210 0
100 215 0
102 181 0
102 239 0
104 171 0
104 187 0
105 203 0
105 216 0
106 129 0
108 115 0
108 222 0
109 139 0
110 195 0
111 179 0
111 200 0
112 199 0
112 239 0
113 145 0
113 236 0
114 148 0
115 176 0
117 185 0
117 234 0
118 145 0
118 230 0
118 238 0
119 222 0
120 154 0
120 159 0
120 173 0
121 182 0
121 231 0
121 233 0
122 193 0
124 200 0
125 135 0
125 164 0
125 194 0
125 246 0
126 217 0
126 231 0
128 151 0
128 171 0
128 182 0
128 201 0
128 235 0
129 206 0
130 223 0
130 226 0
131 167 0
132 229 0
133 136 0
135 142 0
136 196 0
136 243 0
138 157 0
138 232 0
140 195 0
141 143 0
141 155 0
142 151 0
142 241 0
144 156 0
146 208 0
147 166 0
148 250 0
149 236 0
150 243 0
151 168 0
151 209 0
156 178 0
157 171 0
157 190 0
158 198 0
160 225 0
160 233 0
165 198 0
167 206 0
167 242 0
170 239 0
170 240 0
173 200 0
174 178 0
174 188 0
176 206 0
176 227 0
177 188 0
180 238 0
181 235 0
182 183 0
182 212 0
182 220 0
183 193 0
184 185 0
185 243 0
186 234 0
187 207 0
187 219 0
187 231 0
190 210 0
191 196 0
191 230 0
192 231 0
193 203 0
193 226 0
195 230 0
197 230 0
198 207 0
198 213 0
201 224 0
201 234 0
203 210 0
205 236 0
206 235 0
210 245 0
214 241 0
215 232 0
222 245 0
229 248 0
235 240 0
