500 568 0
1 319 0
2 459 0
3 241 0
4 132 0
4 431 0
5 159 0
6 382 0
7 41 0
7 282 0
7 370 0
7 496 0
8 59 0
8 251 0
8 391 0
8 453 0
9 263 0
10 52 0
10 78 0
11 464 0
12 412 0
13 133 0
13 293 0
14 66 0
15 431 0
16 120 0
16 165 0
16 254 0
16 270 0
17 241 0
18 340 0
18 359 0
18 487 0
19 76 0
19 136 0
19 391 0
19 486 0
20 49 0
20 139 0
20 271 0
20 372 0
21 237 0
22 93 0
23 185 0
24 151 0
24 207 0
24 208 0
24 254 0
24 327 0
25 43 0
26 330 0
27 195 0
28 288 0
28 341 0
29 196 0
30 67 0
31 38 0
31 111 0
31 210 0
31 260 0
32 91 0
33 200 0
33 220 0
33 441 0
33 485 0
34 162 0
34 260 0
35 450 0
36 110 0
36 147 0
36 207 0
36 301 0
36 432 0
37 134 0
37 226 0
37 324 0
37 380 0
39 133 0
40 317 0
42 196 0
42 270 0
42 425 0
42 476 0
43 86 0
43 178 0
43 398 0
44 79 0
44 137 0
44 296 0
44 398 0
45 84 0
46 48 0
47 64 0
48 138 0
48 227 0
48 377 0
49 439 0
50 244 0
51 148 0
51 299 0
51 331 0
51 417 0
51 420 0
52 310 0
53 284 0
54 266 0
55 230 0
56 120 0
56 198 0
56 288 0
56 431 0
57 473 0
58 476 0
58 477 0
60 498 0
61 82 0
62 195 0
62 215 0
62 268 0
62 440 0
63 202 0
63 273 0
64 162 0
64 212 0
64 369 0
64 391 0
64 434 0
65 237 0
65 266 0
66 271 0
66 356 0
66 379 0
67 99 0
67 184 0
67 420 0
68 150 0
68 269 0
68 314 0
68 417 0
69 82 0
70 267 0
71 423 0
72 388 0
72 486 0
73 355 0
73 366 0
73 408 0
73 436 0
74 215 0
75 133 0
75 190 0
75 237 0
75 241 0
75 252 0
77 327 0
77 389 0
77 443 0
77 444 0
78 89 0
78 245 0
78 395 0
80 267 0
80 285 0
81 115 0
81 158 0
81 339 0
81 341 0
82 232 0
82 416 0
83 330 0
84 163 0
84 210 0
84 474 0
85 95 0
85 120 0
85 191 0
85 235 0
85 262 0
85 317 0
87 278 0
87 390 0
87 423 0
87 488 0
88 319 0
89 127 0
89 297 0
89 426 0
90 172 0
90 227 0
90 274 0
90 303 0
91 152 0
91 189 0
91 420 0
92 256 0
92 329 0
92 345 0
92 449 0
93 98 0
93 391 0
93 433 0
94 155 0
94 288 0
95 156 0
95 281 0
95 302 0
95 362 0
96 97 0
97 234 0
97 258 0
97 396 0
98 146 0
100 174 0
100 353 0
100 373 0
100 383 0
101 264 0
101 278 0
101 339 0
101 441 0
102 118 0
102 151 0
102 291 0
102 482 0
103 242 0
103 488 0
104 247 0
105 118 0
105 206 0
106 171 0
106 213 0
106 248 0
106 406 0
107 121 0
107 429 0
108 183 0
109 476 0
110 126 0
110 229 0
110 387 0
110 396 0
112 440 0
113 446 0
114 188 0
116 183 0
117 407 0
117 431 0
118 313 0
118 352 0
118 442 0
119 126 0
119 145 0
119 252 0
119 297 0
120 253 0
121 205 0
121 246 0
121 361 0
122 482 0
123 185 0
124 154 0
124 236 0
124 238 0
124 314 0
125 255 0
126 391 0
126 418 0
127 176 0
127 191 0
127 286 0
127 312 0
128 460 0
129 162 0
130 146 0
130 292 0
130 304 0
130 490 0
131 250 0
131 256 0
131 257 0
131 348 0
132 476 0
133 160 0
133 212 0
134 230 0
134 412 0
134 455 0
135 306 0
139 315 0
140 425 0
141 450 0
142 467 0
143 171 0
143 216 0
144 446 0
145 254 0
145 268 0
145 278 0
147 162 0
147 294 0
147 340 0
147 455 0
149 426 0
151 210 0
151 271 0
153 381 0
155 494 0
157 422 0
159 249 0
159 265 0
159 398 0
160 327 0
161 195 0
161 469 0
162 217 0
163 395 0
164 294 0
165 212 0
165 227 0
165 314 0
166 229 0
167 388 0
168 255 0
169 412 0
170 306 0
171 252 0
171 300 0
171 330 0
172 410 0
173 237 0
175 482 0
176 194 0
176 212 0
176 401 0
176 414 0
177 310 0
179 397 0
180 425 0
181 247 0
181 472 0
182 400 0
183 276 0
183 304 0
185 359 0
185 408 0
186 483 0
187 444 0
188 438 0
188 454 0
188 457 0
190 307 0
190 492 0
190 497 0
192 394 0
193 219 0
195 405 0
196 233 0
196 352 0
197 423 0
198 452 0
198 458 0
198 479 0
199 387 0
201 483 0
202 246 0
202 279 0
202 404 0
203 230 0
204 222 0
204 441 0
204 498 0
206 208 0
206 374 0
206 386 0
206 394 0
208 415 0
208 438 0
209 244 0
210 382 0
211 460 0
213 494 0
214 440 0
215 402 0
215 471 0
216 418 0
216 463 0
216 487 0
218 241 0
218 373 0
218 499 0
219 338 0
219 415 0
219 475 0
221 340 0
222 381 0
223 330 0
224 397 0
225 389 0
227 256 0
227 459 0
228 247 0
229 367 0
229 448 0
230 326 0
231 235 0
232 276 0
234 252 0
235 328 0
235 336 0
237 347 0
237 498 0
239 374 0
239 450 0
240 291 0
243 382 0
244 308 0
244 441 0
246 252 0
246 368 0
247 264 0
251 269 0
253 310 0
253 397 0
253 422 0
255 348 0
255 416 0
255 477 0
256 297 0
256 381 0
259 294 0
260 285 0
261 300 0
261 493 0
262 394 0
263 351 0
263 418 0
263 451 0
264 450 0
264 498 0
266 339 0
266 360 0
267 271 0
267 429 0
268 398 0
268 408 0
270 353 0
270 416 0
272 337 0
273 400 0
275 446 0
277 390 0
278 455 0
280 300 0
281 426 0
282 327 0
282 446 0
282 493 0
283 443 0
284 293 0
284 415 0
284 447 0
285 422 0
287 473 0
288 385 0
289 317 0
290 389 0
291 342 0
291 484 0
294 439 0
294 489 0
295 389 0
296 299 0
296 343 0
297 304 0
298 467 0
300 321 0
300 407 0
304 473 0
305 443 0
306 441 0
306 465 0
309 310 0
311 386 0
312 350 0
314 400 0
315 498 0
316 397 0
317 435 0
318 400 0
318 488 0
319 339 0
319 468 0
320 398 0
320 494 0
321 469 0
322 444 0
323 390 0
325 368 0
327 396 0
332 459 0
332 467 0
333 494 0
334 358 0
334 464 0
335 450 0
337 363 0
337 365 0
337 396 0
340 430 0
341 482 0
343 444 0
344 368 0
346 368 0
346 439 0
349 388 0
349 395 0
350 364 0
350 415 0
350 437 0
350 469 0
353 460 0
353 483 0
354 488 0
356 396 0
357 473 0
358 392 0
358 408 0
358 472 0
371 440 0
374 413 0
374 470 0
375 381 0
376 386 0
378 422 0
382 445 0
384 460 0
386 489 0
387 409 0
387 427 0
388 438 0
390 424 0
393 425 0
394 411 0
396 464 0
399 493 0
403 464 0
410 423 0
412 480 0
416 494 0
418 467 0
419 481 0
420 455 0
421 443 0
426 500 0
428 493 0
438 481 0
448 453 0
453 479 0
456 481 0
459 478 0
459 491 0
461 481 0
462 475 0
462 488 0
464 495 0
466 483 0
468 485 0
477 480 0
482 499 0
