400 489 0
1 334 0
2 107 0
2 140 0
2 247 0
2 278 0
3 71 0
3 83 0
3 115 0
3 244 0
3 268 0
4 70 0
4 183 0
4 223 0
4 320 0
4 335 0
4 374 0
5 89 0
5 211 0
6 28 0
6 238 0
7 316 0
7 377 0
8 78 0
8 134 0
8 153 0
8 364 0
8 366 0
8 382 0
9 60 0
10 226 0
11 15 0
11 91 0
11 293 0
11 379 0
12 60 0
13 242 0
14 53 0
14 155 0
14 358 0
15 68 0
15 220 0
15 365 0
16 98 0
16 100 0
16 236 0
17 76 0
18 219 0
19 141 0
19 174 0
19 207 0
19 223 0
19 295 0
20 224 0
21 108 0
22 192 0
23 258 0
23 382 0
24 334 0
25 371 0
26 60 0
26 166 0
26 168 0
26 264 0
27 104 0
28 372 0
29 135 0
30 138 0
30 372 0
31 168 0
32 112 0
32 180 0
32 222 0
32 355 0
33 132 0
33 259 0
33 300 0
33 329 0
34 67 0
34 254 0
35 343 0
36 79 0
36 363 0
36 371 0
37 186 0
37 200 0
37 322 0
38 106 0
38 147 0
38 253 0
38 270 0
38 299 0
39 349 0
40 50 0
40 141 0
41 227 0
41 382 0
42 206 0
42 269 0
42 275 0
42 290 0
42 397 0
43 196 0
43 222 0
43 230 0
43 249 0
43 390 0
44 76 0
44 372 0
45 138 0
45 258 0
45 312 0
45 391 0
46 188 0
46 244 0
47 168 0
48 334 0
49 345 0
50 73 0
50 126 0
50 192 0
50 237 0
50 320 0
51 79 0
51 95 0
51 256 0
51 358 0
52 324 0
53 153 0
54 243 0
55 73 0
56 76 0
56 108 0
56 129 0
56 238 0
56 308 0
57 167 0
58 223 0
58 276 0
58 290 0
58 307 0
59 63 0
59 74 0
60 250 0
61 370 0
62 135 0
62 334 0
62 364 0
62 371 0
63 141 0
64 85 0
64 161 0
64 236 0
64 304 0
65 76 0
66 181 0
66 292 0
67 69 0
67 98 0
67 221 0
67 228 0
67 278 0
68 90 0
68 234 0
68 240 0
69 192 0
69 227 0
69 322 0
71 255 0
72 138 0
72 147 0
72 270 0
72 367 0
72 390 0
73 272 0
73 302 0
73 385 0
74 132 0
74 181 0
74 266 0
74 395 0
75 349 0
76 309 0
77 311 0
78 122 0
78 170 0
78 360 0
79 233 0
79 262 0
79 270 0
79 394 0
80 256 0
80 371 0
81 317 0
82 137 0
82 166 0
82 189 0
82 232 0
82 365 0
83 292 0
83 308 0
83 317 0
84 271 0
85 145 0
85 194 0
85 242 0
86 254 0
86 255 0
86 351 0
86 364 0
87 214 0
88 152 0
89 108 0
89 175 0
89 184 0
89 252 0
92 357 0
93 100 0
94 177 0
94 210 0
94 296 0
94 319 0
95 200 0
95 217 0
95 394 0
96 192 0
97 358 0
99 371 0
100 291 0
100 388 0
100 395 0
101 322 0
102 163 0
102 316 0
103 270 0
103 315 0
104 150 0
104 161 0
104 165 0
104 262 0
105 225 0
105 234 0
106 326 0
107 400 0
108 148 0
108 383 0
109 128 0
109 168 0
109 397 0
110 237 0
110 278 0
111 306 0
113 167 0
114 127 0
114 311 0
114 364 0
116 226 0
117 343 0
118 167 0
119 260 0
120 225 0
121 382 0
123 135 0
123 377 0
124 219 0
125 147 0
125 255 0
126 198 0
126 216 0
126 248 0
126 281 0
127 201 0
127 303 0
128 153 0
129 213 0
129 350 0
130 256 0
131 326 0
131 392 0
133 267 0
134 214 0
135 377 0
136 220 0
137 259 0
137 285 0
137 395 0
138 243 0
138 357 0
139 152 0
141 151 0
141 285 0
142 145 0
143 315 0
144 314 0
144 336 0
145 159 0
145 331 0
146 370 0
147 201 0
147 297 0
149 212 0
152 177 0
152 264 0
152 338 0
153 182 0
153 269 0
154 256 0
155 194 0
155 311 0
155 324 0
155 353 0
155 372 0
156 351 0
157 213 0
158 264 0
160 323 0
162 345 0
163 315 0
164 358 0
166 198 0
166 222 0
167 233 0
167 272 0
169 236 0
169 306 0
171 271 0
172 366 0
173 177 0
173 271 0
173 316 0
173 338 0
173 365 0
176 311 0
177 370 0
178 197 0
178 351 0
179 317 0
183 314 0
184 194 0
184 213 0
184 314 0
185 225 0
185 283 0
186 264 0
187 297 0
188 197 0
188 290 0
188 313 0
189 270 0
189 307 0
190 204 0
190 227 0
190 306 0
190 320 0
191 256 0
193 273 0
194 307 0
195 224 0
198 257 0
198 286 0
199 204 0
199 230 0
200 262 0
200 369 0
201 241 0
201 369 0
202 351 0
202 352 0
203 297 0
204 380 0
204 385 0
205 363 0
206 261 0
206 279 0
206 348 0
206 362 0
208 262 0
208 294 0
208 321 0
208 399 0
209 273 0
210 302 0
211 267 0
211 381 0
212 223 0
212 229 0
212 277 0
213 282 0
214 288 0
214 367 0
215 286 0
217 302 0
217 337 0
218 343 0
219 222 0
219 251 0
220 340 0
220 341 0
224 259 0
224 392 0
225 279 0
226 285 0
226 356 0
227 318 0
227 325 0
228 254 0
231 317 0
232 254 0
233 298 0
233 315 0
235 243 0
237 361 0
237 398 0
238 287 0
238 330 0
239 382 0
242 368 0
242 400 0
243 354 0
245 277 0
245 298 0
246 323 0
249 256 0
249 260 0
252 354 0
254 333 0
255 303 0
257 263 0
257 287 0
257 347 0
257 389 0
259 276 0
259 326 0
259 349 0
260 279 0
260 332 0
262 322 0
264 342 0
264 387 0
265 363 0
267 327 0
267 367 0
270 364 0
271 336 0
273 285 0
273 353 0
274 298 0
276 345 0
276 346 0
276 363 0
278 320 0
278 326 0
279 308 0
280 349 0
283 286 0
284 357 0
286 378 0
289 324 0
290 323 0
291 297 0
292 310 0
292 328 0
295 338 0
298 381 0
301 306 0
305 366 0
307 308 0
310 330 0
311 326 0
314 339 0
316 373 0
320 365 0
322 387 0
323 344 0
324 352 0
326 359 0
326 384 0
331 332 0
337 370 0
341 361 0
342 343 0
343 395 0
345 375 0
346 376 0
346 386 0
346 393 0
350 366 0
357 396 0
367 382 0
397 398 0
