600 749 0
1 57 0
1 373 0
1 452 0
1 526 0
1 546 0
2 484 0
3 16 0
4 93 0
4 294 0
4 598 0
5 550 0
6 122 0
7 50 0
8 72 0
8 228 0
8 515 0
8 527 0
9 180 0
10 211 0
11 35 0
12 69 0
12 193 0
12 362 0
12 501 0
13 105 0
13 391 0
13 407 0
13 424 0
13 527 0
14 33 0
14 59 0
14 63 0
14 156 0
14 168 0
15 111 0
15 141 0
15 311 0
15 375 0
16 64 0
16 370 0
16 413 0
16 554 0
17 298 0
18 495 0
19 36 0
20 37 0
20 67 0
20 223 0
20 262 0
20 317 0
20 322 0
20 503 0
21 488 0
22 210 0
22 251 0
22 264 0
22 467 0
22 596 0
23 458 0
24 240 0
24 342 0
24 505 0
25 458 0
26 106 0
26 168 0
26 438 0
27 159 0
27 161 0
27 170 0
28 68 0
29 38 0
29 104 0
29 171 0
29 443 0
29 588 0
30 80 0
31 121 0
31 224 0
31 255 0
31 267 0
32 86 0
32 125 0
32 143 0
32 254 0
32 308 0
33 48 0
33 281 0
33 319 0
33 536 0
34 372 0
35 268 0
35 274 0
35 361 0
35 502 0
36 116 0
36 139 0
36 166 0
36 275 0
36 577 0
37 161 0
37 221 0
37 265 0
39 253 0
39 315 0
39 458 0
39 512 0
40 46 0
40 51 0
40 383 0
41 63 0
41 165 0
41 250 0
41 265 0
41 552 0
42 216 0
43 55 0
44 376 0
45 192 0
45 307 0
45 375 0
45 456 0
46 499 0
46 533 0
46 544 0
46 549 0
47 246 0
47 310 0
47 359 0
47 574 0
48 146 0
48 294 0
49 179 0
50 98 0
50 319 0
50 358 0
51 114 0
51 139 0
51 182 0
51 214 0
52 209 0
53 207 0
54 260 0
54 387 0
54 437 0
54 473 0
54 528 0
55 96 0
55 375 0
55 586 0
56 61 0
56 304 0
56 429 0
57 403 0
57 416 0
58 266 0
58 278 0
58 350 0
58 540 0
58 571 0
59 64 0
59 262 0
59 399 0
60 209 0
61 125 0
61 223 0
61 261 0
61 316 0
62 343 0
63 372 0
64 68 0
64 152 0
64 216 0
64 365 0
65 102 0
65 566 0
65 581 0
66 313 0
66 371 0
66 385 0
66 555 0
68 410 0
68 447 0
68 492 0
69 104 0
69 288 0
69 430 0
69 590 0
70 418 0
71 582 0
72 129 0
72 527 0
73 531 0
74 180 0
75 353 0
76 379 0
77 315 0
78 138 0
78 183 0
78 271 0
78 469 0
79 295 0
80 154 0
80 302 0
80 552 0
80 585 0
81 124 0
81 139 0
81 245 0
81 541 0
81 574 0
82 232 0
83 162 0
84 96 0
84 172 0
84 309 0
84 426 0
84 487 0
84 581 0
85 206 0
87 329 0
88 155 0
88 249 0
88 510 0
88 557 0
89 593 0
90 483 0
91 259 0
91 366 0
91 435 0
91 452 0
92 303 0
92 326 0
92 342 0
92 397 0
92 404 0
93 161 0
93 253 0
93 299 0
93 303 0
94 550 0
95 205 0
96 329 0
97 251 0
97 371 0
97 438 0
97 533 0
99 376 0
100 243 0
100 277 0
100 377 0
100 399 0
100 446 0
100 503 0
100 577 0
101 526 0
102 168 0
102 394 0
102 506 0
102 556 0
103 542 0
104 520 0
105 191 0
105 352 0
106 193 0
106 273 0
106 452 0
107 526 0
108 191 0
108 327 0
108 540 0
108 565 0
109 202 0
109 412 0
109 536 0
109 569 0
110 299 0
112 578 0
113 483 0
115 435 0
116 187 0
116 193 0
116 231 0
116 271 0
117 566 0
118 417 0
119 185 0
120 400 0
122 128 0
122 238 0
122 250 0
123 130 0
123 133 0
123 171 0
123 441 0
123 454 0
124 142 0
124 446 0
125 556 0
126 449 0
127 157 0
127 395 0
127 546 0
129 174 0
129 402 0
129 427 0
129 530 0
130 152 0
130 258 0
131 542 0
132 445 0
134 501 0
135 277 0
135 306 0
135 416 0
135 445 0
135 531 0
136 331 0
137 429 0
140 234 0
140 356 0
140 370 0
142 183 0
142 227 0
142 276 0
142 365 0
143 148 0
143 232 0
143 506 0
144 148 0
145 380 0
146 347 0
146 414 0
146 480 0
147 162 0
148 223 0
148 301 0
148 405 0
148 594 0
149 209 0
150 230 0
150 429 0
150 488 0
151 231 0
152 365 0
152 376 0
153 162 0
154 226 0
154 258 0
154 314 0
154 380 0
155 183 0
155 454 0
156 174 0
156 335 0
156 574 0
157 209 0
157 292 0
157 379 0
157 452 0
157 453 0
157 559 0
158 356 0
159 162 0
159 290 0
159 341 0
159 380 0
159 419 0
159 466 0
159 521 0
160 362 0
161 186 0
161 547 0
162 446 0
163 230 0
164 484 0
164 505 0
164 536 0
165 244 0
165 272 0
165 283 0
165 483 0
167 566 0
168 265 0
169 305 0
169 318 0
169 389 0
169 489 0
170 176 0
170 395 0
170 514 0
171 429 0
171 556 0
172 356 0
172 533 0
173 512 0
174 432 0
174 566 0
174 579 0
175 206 0
176 380 0
176 501 0
177 230 0
178 303 0
179 281 0
179 432 0
179 447 0
179 472 0
179 513 0
180 296 0
180 347 0
180 525 0
181 451 0
183 236 0
183 394 0
184 416 0
185 486 0
185 552 0
185 591 0
187 337 0
187 491 0
187 592 0
188 505 0
189 459 0
190 371 0
190 453 0
190 516 0
190 595 0
191 497 0
191 506 0
191 520 0
193 375 0
194 236 0
195 397 0
196 445 0
197 383 0
198 460 0
199 366 0
199 510 0
199 576 0
200 419 0
201 232 0
203 392 0
204 487 0
205 218 0
205 281 0
205 287 0
206 468 0
206 504 0
207 289 0
207 342 0
207 523 0
207 574 0
208 304 0
211 251 0
211 279 0
211 334 0
212 215 0
212 335 0
212 482 0
212 583 0
213 235 0
213 280 0
213 290 0
213 462 0
214 306 0
214 352 0
214 484 0
216 357 0
216 384 0
217 512 0
219 329 0
220 294 0
221 362 0
221 451 0
222 520 0
223 540 0
225 418 0
226 247 0
226 297 0
226 316 0
226 368 0
226 423 0
227 240 0
227 309 0
227 331 0
229 299 0
230 259 0
230 335 0
231 339 0
231 393 0
232 296 0
232 486 0
232 532 0
233 419 0
234 251 0
234 271 0
234 420 0
234 482 0
234 545 0
235 306 0
235 333 0
235 598 0
236 503 0
236 589 0
237 512 0
239 563 0
240 357 0
240 404 0
241 399 0
241 401 0
241 496 0
241 597 0
242 343 0
244 424 0
244 475 0
244 498 0
244 539 0
248 352 0
248 483 0
248 582 0
250 449 0
250 576 0
252 546 0
253 255 0
253 265 0
253 521 0
254 276 0
254 343 0
254 546 0
255 331 0
255 403 0
256 392 0
257 497 0
258 416 0
258 460 0
259 546 0
260 304 0
260 459 0
260 556 0
262 400 0
262 563 0
263 333 0
264 379 0
264 593 0
265 341 0
268 309 0
268 451 0
268 578 0
269 304 0
270 501 0
272 328 0
272 364 0
272 561 0
273 316 0
273 347 0
273 395 0
275 372 0
275 566 0
276 459 0
277 356 0
281 286 0
281 486 0
282 497 0
283 418 0
283 484 0
284 333 0
285 579 0
286 422 0
286 439 0
286 463 0
290 468 0
291 380 0
292 346 0
292 520 0
293 598 0
294 363 0
294 399 0
295 434 0
295 562 0
295 575 0
296 349 0
297 346 0
297 466 0
297 531 0
298 335 0
298 364 0
298 428 0
298 534 0
299 446 0
299 573 0
300 372 0
300 510 0
300 593 0
303 433 0
303 477 0
303 482 0
304 425 0
305 309 0
305 383 0
305 404 0
306 438 0
309 424 0
309 438 0
312 563 0
314 495 0
314 506 0
315 454 0
315 511 0
316 397 0
319 418 0
319 550 0
320 419 0
321 576 0
323 343 0
324 451 0
325 488 0
326 404 0
326 533 0
329 371 0
329 421 0
330 417 0
331 448 0
331 471 0
332 449 0
333 537 0
336 416 0
338 559 0
340 383 0
341 468 0
341 527 0
343 575 0
344 426 0
345 460 0
346 348 0
346 387 0
346 468 0
347 495 0
349 415 0
349 510 0
349 521 0
350 417 0
350 542 0
350 556 0
351 559 0
352 436 0
352 599 0
353 502 0
353 522 0
353 533 0
353 600 0
354 535 0
355 535 0
356 395 0
357 542 0
360 426 0
362 485 0
364 576 0
365 550 0
366 376 0
366 392 0
366 394 0
366 454 0
366 535 0
367 432 0
367 435 0
367 501 0
369 383 0
370 546 0
370 581 0
371 573 0
372 461 0
372 575 0
373 405 0
373 464 0
373 553 0
374 546 0
378 404 0
379 570 0
381 576 0
382 465 0
386 495 0
387 573 0
388 483 0
390 465 0
392 507 0
394 505 0
395 460 0
396 442 0
397 508 0
397 572 0
398 417 0
399 405 0
399 572 0
400 543 0
400 548 0
403 470 0
403 517 0
403 572 0
404 584 0
406 579 0
408 582 0
409 442 0
411 567 0
426 509 0
431 465 0
432 497 0
435 527 0
440 598 0
442 453 0
442 494 0
442 510 0
444 445 0
447 459 0
449 455 0
450 526 0
451 560 0
452 575 0
457 458 0
459 558 0
465 536 0
466 542 0
468 567 0
474 567 0
476 567 0
478 501 0
479 550 0
481 487 0
484 518 0
487 568 0
488 551 0
488 552 0
490 520 0
493 578 0
500 582 0
502 578 0
505 529 0
506 510 0
519 579 0
524 559 0
531 577 0
533 582 0
535 564 0
536 593 0
538 598 0
539 563 0
539 581 0
573 598 0
580 581 0
587 593 0
