900 944 0
1 119 0
1 251 0
1 723 0
1 730 0
2 732 0
3 535 0
4 264 0
5 326 0
6 17 0
6 101 0
6 736 0
6 899 0
7 277 0
8 874 0
9 500 0
10 601 0
11 567 0
12 254 0
12 469 0
12 676 0
12 739 0
13 77 0
13 433 0
13 464 0
13 652 0
14 649 0
15 555 0
16 847 0
18 112 0
19 489 0
20 79 0
20 497 0
20 618 0
20 663 0
21 269 0
22 448 0
23 852 0
24 301 0
25 778 0
26 635 0
27 567 0
28 214 0
29 75 0
30 606 0
31 181 0
31 746 0
31 868 0
31 893 0
32 47 0
32 139 0
32 528 0
32 789 0
33 351 0
34 195 0
34 224 0
34 335 0
34 884 0
34 888 0
35 138 0
36 259 0
37 163 0
38 85 0
38 282 0
38 429 0
38 448 0
39 110 0
40 68 0
41 377 0
41 779 0
41 794 0
42 392 0
43 160 0
43 234 0
43 265 0
43 849 0
44 259 0
45 214 0
46 894 0
48 761 0
49 894 0
50 354 0
51 173 0
51 316 0
51 417 0
51 540 0
52 264 0
53 326 0
54 862 0
55 448 0
56 290 0
57 126 0
57 374 0
57 503 0
57 589 0
58 134 0
59 519 0
60 665 0
61 373 0
61 393 0
61 517 0
61 754 0
62 183 0
63 366 0
64 99 0
65 508 0
66 800 0
67 143 0
67 207 0
67 658 0
67 896 0
68 716 0
68 742 0
68 893 0
69 278 0
70 641 0
71 133 0
72 95 0
72 328 0
72 492 0
72 648 0
72 678 0
73 888 0
74 82 0
74 134 0
74 611 0
74 691 0
75 100 0
75 294 0
75 559 0
76 258 0
78 702 0
80 835 0
81 555 0
82 107 0
82 668 0
82 698 0
83 155 0
83 160 0
83 667 0
83 821 0
84 196 0
85 111 0
85 390 0
85 766 0
86 824 0
87 645 0
88 100 0
88 242 0
88 296 0
88 409 0
89 304 0
90 273 0
91 864 0
92 179 0
93 262 0
93 395 0
93 404 0
93 407 0
93 435 0
94 293 0
94 334 0
94 557 0
94 608 0
95 163 0
95 289 0
95 645 0
96 830 0
97 750 0
98 233 0
98 322 0
98 477 0
98 587 0
99 213 0
99 401 0
99 580 0
100 135 0
100 301 0
102 769 0
103 831 0
104 829 0
105 484 0
106 589 0
108 762 0
109 299 0
109 319 0
109 496 0
109 637 0
109 840 0
110 498 0
110 677 0
110 767 0
111 370 0
111 377 0
111 703 0
112 121 0
112 379 0
112 697 0
113 123 0
114 897 0
115 141 0
115 150 0
115 566 0
115 788 0
116 352 0
117 249 0
118 519 0
120 168 0
120 207 0
120 405 0
120 681 0
121 354 0
121 561 0
122 161 0
122 224 0
122 631 0
122 891 0
123 256 0
123 404 0
123 682 0
124 550 0
125 161 0
126 411 0
126 674 0
126 737 0
127 186 0
127 259 0
127 454 0
127 769 0
128 816 0
129 138 0
130 380 0
131 188 0
132 158 0
133 160 0
133 450 0
133 619 0
134 493 0
134 521 0
135 270 0
135 274 0
135 737 0
136 249 0
137 394 0
137 451 0
137 597 0
137 872 0
138 597 0
138 795 0
139 156 0
139 489 0
139 588 0
140 247 0
140 491 0
140 720 0
140 812 0
141 611 0
141 688 0
141 756 0
142 240 0
142 420 0
142 579 0
142 763 0
143 342 0
143 377 0
144 503 0
145 381 0
146 186 0
146 263 0
146 461 0
146 900 0
147 539 0
148 539 0
149 179 0
149 297 0
149 842 0
149 894 0
151 561 0
152 272 0
152 468 0
152 504 0
152 712 0
153 380 0
154 884 0
155 156 0
155 289 0
155 377 0
156 396 0
156 447 0
157 884 0
158 229 0
158 715 0
158 861 0
159 333 0
159 477 0
159 582 0
159 669 0
160 847 0
161 584 0
161 753 0
162 890 0
163 620 0
163 752 0
164 271 0
164 443 0
164 674 0
164 728 0
165 702 0
166 563 0
167 638 0
169 218 0
169 268 0
169 463 0
169 887 0
170 231 0
170 458 0
170 533 0
170 649 0
171 618 0
171 628 0
171 763 0
171 856 0
171 885 0
172 750 0
174 207 0
174 362 0
174 464 0
174 737 0
175 179 0
176 276 0
177 786 0
178 193 0
179 714 0
180 301 0
182 375 0
183 451 0
183 549 0
183 661 0
184 747 0
185 268 0
185 281 0
185 511 0
185 893 0
186 533 0
186 603 0
187 784 0
188 346 0
188 495 0
188 767 0
189 688 0
190 313 0
191 270 0
191 320 0
191 410 0
191 591 0
192 561 0
193 198 0
193 280 0
193 502 0
193 551 0
194 313 0
195 416 0
195 554 0
195 650 0
196 209 0
196 379 0
196 819 0
197 891 0
199 488 0
199 839 0
199 872 0
199 898 0
200 231 0
201 533 0
201 557 0
201 618 0
201 722 0
202 688 0
203 246 0
203 335 0
203 380 0
204 375 0
205 399 0
206 252 0
207 273 0
208 778 0
210 306 0
211 312 0
212 381 0
214 517 0
214 564 0
215 503 0
216 458 0
217 231 0
219 261 0
220 489 0
221 894 0
222 268 0
222 656 0
222 690 0
222 695 0
223 366 0
224 281 0
224 812 0
225 835 0
226 366 0
226 431 0
226 550 0
226 859 0
227 276 0
227 291 0
227 567 0
227 718 0
228 378 0
230 769 0
231 881 0
232 769 0
235 270 0
235 402 0
235 693 0
235 758 0
236 550 0
237 635 0
238 374 0
239 862 0
240 511 0
240 676 0
241 278 0
243 269 0
244 852 0
245 254 0
245 288 0
245 705 0
245 802 0
246 496 0
246 634 0
246 836 0
248 312 0
249 280 0
249 860 0
250 882 0
252 624 0
252 727 0
252 783 0
253 882 0
254 309 0
254 343 0
255 750 0
256 269 0
256 611 0
256 748 0
257 364 0
258 525 0
258 839 0
258 858 0
259 318 0
260 848 0
261 299 0
261 390 0
261 612 0
261 745 0
264 446 0
264 579 0
264 797 0
266 369 0
267 306 0
268 829 0
269 596 0
270 474 0
273 279 0
273 434 0
274 529 0
274 778 0
274 784 0
275 429 0
276 406 0
276 796 0
277 462 0
277 511 0
277 523 0
277 657 0
277 878 0
278 557 0
278 832 0
280 431 0
280 519 0
281 565 0
281 741 0
281 779 0
282 335 0
282 522 0
282 875 0
283 864 0
284 900 0
285 307 0
286 884 0
287 816 0
289 412 0
289 767 0
290 446 0
290 574 0
290 871 0
291 478 0
291 580 0
291 673 0
291 899 0
292 691 0
295 659 0
297 470 0
297 515 0
297 837 0
298 859 0
299 813 0
300 645 0
301 773 0
302 550 0
303 563 0
304 384 0
304 455 0
304 735 0
304 839 0
305 599 0
306 396 0
306 843 0
307 472 0
307 626 0
307 667 0
308 529 0
309 379 0
309 673 0
309 687 0
309 729 0
310 350 0
310 579 0
310 710 0
310 793 0
311 900 0
312 372 0
312 766 0
313 357 0
313 707 0
314 645 0
315 398 0
317 343 0
321 662 0
323 659 0
324 640 0
325 613 0
326 541 0
326 717 0
326 899 0
327 606 0
329 526 0
330 403 0
331 786 0
332 748 0
335 618 0
336 708 0
337 615 0
338 369 0
339 399 0
340 756 0
341 874 0
342 396 0
342 418 0
342 441 0
342 820 0
343 440 0
343 725 0
344 477 0
344 730 0
344 780 0
344 794 0
345 756 0
347 761 0
348 375 0
349 891 0
351 643 0
351 644 0
351 898 0
352 365 0
352 534 0
352 676 0
352 898 0
353 847 0
354 447 0
354 499 0
354 809 0
355 488 0
355 666 0
355 721 0
355 846 0
356 616 0
357 635 0
357 831 0
357 842 0
358 764 0
359 800 0
360 897 0
361 801 0
362 381 0
362 786 0
362 897 0
363 756 0
364 394 0
364 685 0
364 814 0
366 502 0
367 702 0
368 399 0
369 621 0
369 780 0
370 407 0
370 783 0
370 871 0
371 724 0
372 606 0
372 612 0
372 880 0
374 382 0
374 513 0
374 867 0
375 812 0
376 500 0
377 673 0
378 413 0
378 791 0
378 821 0
379 490 0
380 400 0
380 687 0
381 521 0
381 572 0
382 482 0
382 607 0
383 422 0
383 464 0
383 494 0
383 625 0
384 403 0
384 438 0
385 724 0
386 662 0
387 490 0
388 762 0
389 428 0
389 488 0
389 527 0
389 590 0
390 606 0
390 835 0
391 892 0
392 575 0
392 782 0
392 853 0
394 500 0
394 800 0
396 484 0
397 847 0
398 412 0
398 427 0
398 571 0
399 839 0
403 511 0
403 876 0
407 501 0
407 801 0
408 538 0
411 543 0
411 561 0
411 563 0
412 762 0
412 880 0
414 568 0
415 555 0
417 555 0
417 613 0
417 741 0
419 503 0
421 529 0
423 459 0
424 607 0
425 480 0
426 615 0
429 436 0
429 485 0
430 631 0
431 794 0
431 861 0
432 462 0
432 537 0
432 597 0
432 604 0
437 599 0
438 456 0
438 488 0
438 632 0
438 798 0
439 482 0
442 651 0
444 838 0
445 589 0
446 454 0
447 601 0
447 646 0
448 486 0
449 784 0
451 538 0
451 694 0
452 718 0
453 818 0
454 577 0
454 709 0
454 879 0
457 831 0
458 654 0
458 680 0
459 545 0
459 585 0
459 871 0
460 599 0
461 844 0
461 877 0
462 897 0
464 599 0
465 866 0
466 538 0
467 786 0
471 613 0
473 864 0
474 481 0
474 546 0
474 556 0
475 616 0
476 694 0
477 785 0
478 662 0
478 691 0
479 778 0
480 517 0
480 639 0
480 807 0
482 583 0
482 605 0
482 898 0
483 718 0
484 581 0
484 701 0
487 800 0
489 630 0
490 602 0
490 803 0
496 741 0
496 818 0
500 895 0
501 642 0
501 660 0
501 719 0
502 691 0
503 763 0
504 568 0
504 741 0
504 813 0
505 890 0
506 694 0
507 631 0
508 511 0
508 547 0
508 560 0
509 892 0
510 631 0
512 646 0
514 880 0
516 801 0
517 703 0
518 691 0
519 827 0
520 646 0
521 764 0
524 664 0
526 655 0
526 699 0
526 863 0
529 792 0
530 688 0
531 866 0
532 674 0
532 684 0
532 686 0
532 822 0
533 794 0
535 711 0
535 740 0
535 783 0
536 824 0
538 612 0
538 623 0
538 648 0
539 647 0
539 730 0
541 588 0
541 618 0
542 543 0
543 734 0
543 869 0
544 762 0
548 848 0
552 829 0
553 635 0
557 607 0
558 665 0
561 573 0
562 567 0
563 593 0
565 615 0
565 766 0
568 776 0
568 850 0
569 813 0
570 649 0
575 659 0
575 750 0
575 842 0
576 785 0
578 862 0
579 703 0
580 641 0
580 874 0
586 759 0
588 787 0
588 826 0
589 870 0
592 732 0
594 747 0
595 838 0
597 892 0
598 607 0
600 882 0
601 617 0
601 726 0
603 679 0
603 810 0
603 862 0
606 841 0
609 613 0
610 708 0
611 872 0
614 897 0
615 667 0
616 768 0
616 863 0
618 708 0
622 888 0
627 708 0
629 866 0
633 691 0
636 835 0
638 671 0
638 808 0
638 899 0
640 713 0
640 770 0
640 821 0
641 744 0
641 817 0
646 683 0
648 651 0
649 815 0
651 730 0
651 731 0
653 761 0
659 781 0
662 722 0
664 722 0
664 765 0
664 777 0
665 687 0
665 749 0
667 838 0
670 831 0
672 890 0
673 842 0
674 732 0
675 764 0
676 784 0
679 757 0
679 774 0
679 806 0
687 724 0
689 748 0
692 874 0
694 760 0
696 732 0
700 810 0
702 780 0
703 863 0
704 818 0
706 880 0
718 845 0
722 830 0
724 854 0
729 759 0
729 784 0
733 813 0
737 779 0
738 830 0
743 801 0
747 780 0
747 883 0
748 857 0
751 824 0
755 829 0
759 811 0
759 821 0
761 766 0
764 855 0
764 861 0
766 852 0
767 824 0
771 891 0
772 816 0
775 830 0
779 872 0
783 890 0
784 865 0
785 886 0
785 889 0
790 859 0
799 848 0
804 810 0
805 810 0
812 848 0
816 861 0
818 873 0
823 892 0
825 838 0
828 880 0
833 900 0
834 888 0
851 859 0
852 878 0
863 882 0
864 871 0
866 893 0
878 899 0
