140 157 0
1 123 0
2 21 0
2 38 0
2 76 0
2 104 0
3 89 0
4 80 0
4 122 0
5 117 0
6 85 0
7 13 0
7 22 0
7 32 0
7 33 0
7 103 0
7 119 0
8 56 0
8 98 0
8 108 0
8 140 0
9 53 0
9 64 0
9 87 0
9 118 0
10 85 0
11 54 0
12 32 0
12 54 0
12 65 0
12 84 0
12 109 0
13 37 0
13 98 0
13 131 0
14 138 0
15 49 0
16 22 0
17 109 0
18 35 0
18 50 0
18 98 0
18 106 0
18 124 0
19 55 0
20 79 0
20 82 0
21 57 0
21 96 0
21 118 0
22 40 0
22 105 0
23 30 0
24 99 0
25 28 0
25 52 0
25 100 0
25 108 0
25 120 0
26 45 0
26 58 0
26 70 0
26 131 0
27 62 0
29 36 0
29 48 0
29 103 0
29 125 0
30 35 0
30 69 0
30 86 0
30 94 0
31 33 0
32 51 0
32 84 0
32 101 0
33 49 0
33 83 0
33 128 0
34 96 0
34 117 0
34 126 0
34 136 0
35 62 0
35 96 0
35 113 0
37 65 0
37 96 0
38 46 0
39 99 0
40 115 0
41 54 0
42 89 0
43 44 0
43 57 0
43 107 0
43 130 0
44 110 0
46 89 0
47 113 0
48 55 0
48 65 0
48 138 0
49 80 0
49 118 0
49 127 0
52 65 0
52 97 0
52 122 0
54 135 0
55 75 0
55 116 0
57 82 0
57 123 0
59 111 0
60 136 0
61 122 0
62 93 0
62 137 0
63 122 0
65 121 0
66 126 0
67 119 0
68 111 0
71 113 0
72 113 0
73 97 0
74 123 0
76 78 0
77 97 0
79 82 0
81 111 0
81 120 0
82 91 0
82 128 0
85 98 0
85 102 0
86 138 0
88 99 0
89 131 0
90 119 0
92 126 0
93 105 0
95 111 0
95 126 0
97 132 0
99 131 0
101 133 0
109 112 0
109 115 0
110 119 0
111 118 0
114 136 0
117 129 0
117 134 0
121 123 0
133 136 0
138 139 0
