60 95 0
1 13 0
2 5 0
2 7 0
2 8 0
2 13 0
2 18 0
2 26 0
2 27 0
2 42 0
2 59 0
3 8 0
3 12 0
3 34 0
4 9 0
4 21 0
4 25 0
4 33 0
4 41 0
4 47 0
4 50 0
6 7 0
6 39 0
6 43 0
6 48 0
6 59 0
7 15 0
7 25 0
8 11 0
8 47 0
8 51 0
8 57 0
8 59 0
9 19 0
9 54 0
10 12 0
12 20 0
12 32 0
12 46 0
12 59 0
13 25 0
13 30 0
13 38 0
14 16 0
14 60 0
15 16 0
15 19 0
15 32 0
15 42 0
15 51 0
15 60 0
16 20 0
16 31 0
16 52 0
17 24 0
18 34 0
18 49 0
19 60 0
22 28 0
23 51 0
24 35 0
24 39 0
24 54 0
25 28 0
25 58 0
26 43 0
27 31 0
28 45 0
28 50 0
28 53 0
29 44 0
29 48 0
29 58 0
31 57 0
32 57 0
33 56 0
33 60 0
34 39 0
34 40 0
34 45 0
34 56 0
35 39 0
35 41 0
36 51 0
37 60 0
39 42 0
39 43 0
39 45 0
41 48 0
42 43 0
43 53 0
43 55 0
46 51 0
48 49 0
49 54 0
49 57 0
