800 886 0
1 123 0
1 127 0
1 183 0
1 771 0
2 797 0
3 553 0
3 575 0
3 749 0
4 632 0
5 26 0
5 166 0
5 216 0
5 265 0
6 574 0
7 426 0
8 33 0
9 565 0
10 377 0
11 535 0
12 472 0
12 586 0
12 784 0
13 96 0
14 276 0
15 253 0
15 292 0
15 336 0
15 552 0
16 89 0
16 403 0
16 489 0
16 675 0
17 725 0
18 91 0
18 469 0
18 568 0
18 728 0
19 607 0
20 436 0
21 22 0
21 105 0
21 336 0
21 543 0
23 97 0
23 249 0
23 569 0
23 658 0
24 364 0
25 699 0
26 243 0
26 335 0
26 744 0
27 66 0
27 72 0
27 363 0
27 446 0
27 490 0
28 76 0
28 87 0
28 100 0
28 563 0
29 306 0
29 338 0
29 664 0
29 767 0
30 81 0
30 213 0
30 290 0
30 634 0
31 464 0
32 393 0
33 51 0
33 155 0
33 754 0
34 148 0
35 353 0
36 298 0
36 400 0
36 532 0
36 720 0
36 775 0
37 745 0
38 348 0
39 371 0
40 70 0
41 267 0
42 303 0
42 341 0
42 363 0
42 528 0
43 329 0
44 608 0
45 139 0
46 758 0
47 171 0
47 326 0
47 529 0
47 707 0
48 464 0
49 147 0
49 289 0
49 680 0
50 293 0
50 338 0
50 403 0
52 267 0
53 194 0
54 79 0
55 531 0
56 71 0
56 429 0
56 459 0
56 599 0
57 348 0
58 355 0
59 306 0
59 584 0
59 632 0
60 238 0
60 251 0
60 344 0
60 732 0
61 84 0
61 124 0
61 442 0
61 749 0
61 765 0
62 725 0
63 192 0
63 268 0
63 415 0
63 460 0
64 717 0
65 565 0
66 377 0
66 438 0
66 657 0
67 194 0
68 79 0
69 548 0
70 214 0
70 321 0
70 563 0
70 620 0
71 432 0
71 500 0
71 646 0
72 298 0
72 442 0
72 586 0
73 162 0
74 128 0
75 318 0
75 324 0
75 537 0
75 604 0
76 109 0
76 270 0
76 789 0
77 171 0
77 475 0
77 718 0
77 766 0
78 267 0
78 743 0
78 758 0
78 799 0
79 215 0
79 428 0
80 566 0
82 354 0
82 467 0
82 522 0
82 650 0
83 349 0
83 472 0
83 566 0
83 579 0
84 557 0
84 767 0
85 763 0
86 214 0
86 237 0
86 275 0
86 536 0
88 533 0
90 797 0
92 142 0
92 255 0
92 673 0
92 714 0
93 257 0
94 208 0
94 526 0
94 622 0
94 633 0
94 726 0
95 511 0
96 593 0
96 628 0
96 757 0
98 535 0
99 163 0
101 276 0
102 259 0
102 664 0
103 107 0
103 193 0
103 305 0
103 325 0
104 464 0
106 221 0
106 367 0
106 759 0
106 798 0
108 270 0
109 211 0
109 338 0
109 753 0
110 333 0
110 408 0
110 690 0
110 775 0
111 209 0
111 292 0
111 334 0
111 654 0
112 575 0
113 725 0
114 699 0
115 393 0
116 299 0
116 308 0
116 427 0
116 684 0
117 306 0
117 783 0
117 792 0
118 573 0
119 328 0
120 348 0
121 553 0
122 789 0
124 368 0
124 703 0
124 724 0
125 178 0
125 301 0
125 723 0
125 794 0
126 749 0
128 425 0
128 551 0
128 753 0
129 784 0
130 565 0
131 619 0
132 646 0
133 409 0
133 728 0
133 738 0
133 788 0
134 557 0
135 187 0
135 357 0
135 446 0
135 648 0
135 772 0
136 789 0
137 800 0
138 195 0
138 273 0
138 295 0
138 572 0
139 200 0
139 202 0
139 739 0
140 498 0
141 294 0
141 406 0
141 657 0
143 250 0
144 159 0
144 292 0
144 512 0
144 638 0
145 674 0
146 282 0
147 217 0
147 674 0
147 737 0
148 175 0
148 555 0
148 611 0
149 337 0
150 700 0
151 250 0
151 557 0
151 586 0
151 607 0
152 236 0
152 420 0
152 501 0
152 559 0
152 675 0
153 661 0
154 336 0
154 392 0
154 453 0
154 653 0
155 204 0
155 284 0
155 364 0
156 535 0
157 557 0
158 500 0
160 511 0
161 217 0
161 248 0
161 450 0
161 697 0
162 419 0
162 628 0
162 790 0
163 186 0
163 211 0
163 405 0
163 747 0
164 206 0
164 513 0
164 556 0
164 753 0
164 795 0
165 605 0
166 370 0
166 482 0
166 678 0
167 270 0
168 470 0
169 546 0
170 293 0
171 189 0
171 504 0
172 607 0
173 765 0
174 218 0
174 292 0
174 331 0
174 387 0
174 542 0
176 575 0
177 632 0
179 234 0
180 186 0
180 204 0
180 298 0
180 349 0
180 432 0
181 717 0
182 282 0
183 322 0
183 424 0
183 499 0
184 434 0
184 566 0
184 635 0
185 411 0
186 337 0
187 306 0
187 717 0
188 322 0
189 215 0
189 400 0
189 462 0
190 792 0
191 575 0
192 378 0
192 507 0
192 587 0
194 222 0
194 737 0
196 573 0
197 348 0
197 524 0
197 586 0
197 783 0
198 661 0
199 682 0
200 365 0
200 451 0
200 498 0
200 675 0
201 382 0
203 307 0
203 521 0
203 695 0
203 708 0
204 320 0
204 544 0
205 216 0
205 579 0
205 607 0
207 329 0
208 521 0
208 546 0
210 729 0
211 355 0
211 700 0
212 566 0
213 356 0
213 546 0
213 632 0
214 342 0
214 657 0
215 289 0
215 680 0
216 350 0
216 510 0
217 228 0
217 356 0
217 411 0
219 517 0
219 606 0
219 689 0
219 695 0
220 692 0
223 541 0
224 313 0
225 712 0
226 617 0
227 538 0
228 271 0
228 525 0
228 638 0
228 685 0
229 617 0
230 434 0
231 567 0
232 493 0
233 242 0
234 283 0
234 462 0
234 476 0
235 239 0
239 319 0
239 439 0
239 626 0
240 541 0
241 758 0
242 623 0
242 665 0
242 748 0
244 351 0
245 420 0
245 477 0
245 745 0
246 664 0
247 506 0
249 424 0
249 463 0
249 589 0
249 590 0
250 520 0
250 639 0
252 499 0
253 584 0
253 674 0
253 745 0
254 477 0
256 390 0
256 607 0
256 608 0
257 263 0
257 388 0
257 420 0
258 434 0
260 284 0
261 524 0
262 498 0
264 646 0
265 367 0
265 552 0
265 628 0
266 691 0
267 381 0
269 403 0
269 413 0
269 437 0
269 768 0
270 592 0
270 677 0
272 704 0
274 590 0
276 444 0
276 446 0
277 712 0
278 589 0
279 672 0
280 376 0
280 390 0
280 468 0
280 636 0
281 318 0
281 340 0
281 398 0
281 580 0
282 514 0
282 609 0
284 447 0
284 715 0
285 683 0
286 288 0
286 304 0
286 358 0
286 367 0
287 449 0
287 521 0
287 571 0
287 731 0
287 786 0
289 331 0
289 489 0
289 602 0
289 681 0
291 796 0
293 308 0
293 640 0
294 408 0
294 521 0
294 541 0
294 637 0
294 751 0
296 393 0
296 454 0
296 568 0
296 690 0
296 784 0
297 574 0
298 741 0
300 322 0
301 382 0
301 432 0
301 533 0
302 504 0
305 349 0
305 477 0
305 763 0
306 385 0
306 595 0
306 727 0
308 690 0
308 797 0
309 362 0
310 762 0
311 516 0
312 699 0
313 366 0
313 581 0
313 706 0
314 538 0
315 661 0
316 683 0
317 441 0
318 434 0
318 451 0
319 333 0
319 548 0
319 669 0
320 351 0
320 438 0
320 506 0
320 762 0
322 613 0
323 646 0
327 635 0
328 490 0
328 583 0
328 694 0
329 418 0
329 755 0
330 691 0
331 590 0
332 608 0
333 748 0
333 750 0
336 752 0
337 390 0
337 518 0
338 390 0
338 775 0
339 365 0
341 752 0
341 755 0
342 344 0
342 400 0
342 403 0
342 588 0
343 758 0
344 371 0
344 691 0
345 436 0
346 524 0
347 531 0
349 737 0
351 596 0
351 781 0
352 637 0
353 463 0
353 737 0
353 777 0
355 359 0
355 386 0
356 552 0
356 611 0
360 516 0
361 642 0
362 414 0
362 514 0
362 532 0
362 671 0
363 410 0
363 712 0
364 431 0
364 479 0
364 560 0
365 550 0
365 592 0
365 720 0
366 565 0
366 732 0
366 799 0
366 800 0
367 377 0
369 500 0
370 382 0
370 586 0
370 720 0
371 693 0
371 716 0
372 743 0
373 700 0
374 692 0
374 729 0
374 792 0
374 799 0
375 506 0
376 524 0
377 701 0
378 391 0
378 668 0
378 776 0
379 625 0
379 663 0
379 727 0
379 786 0
380 589 0
382 746 0
382 780 0
383 783 0
384 600 0
384 622 0
384 629 0
384 679 0
384 732 0
389 587 0
390 436 0
393 487 0
394 652 0
395 743 0
396 410 0
397 587 0
399 637 0
400 799 0
401 635 0
402 454 0
403 470 0
404 498 0
406 441 0
406 464 0
406 507 0
406 642 0
407 579 0
408 572 0
408 695 0
410 481 0
410 483 0
410 497 0
411 545 0
411 660 0
412 683 0
413 507 0
413 752 0
416 762 0
417 704 0
420 451 0
420 761 0
421 642 0
422 669 0
423 445 0
423 462 0
423 705 0
423 773 0
424 714 0
424 741 0
426 643 0
426 667 0
426 750 0
430 752 0
432 514 0
433 672 0
434 615 0
435 590 0
436 647 0
438 477 0
440 441 0
441 466 0
442 522 0
442 786 0
443 617 0
446 796 0
448 674 0
451 741 0
452 762 0
454 485 0
454 601 0
455 493 0
456 749 0
457 682 0
458 765 0
461 538 0
462 661 0
463 750 0
465 472 0
470 497 0
470 641 0
471 480 0
472 582 0
473 743 0
474 751 0
477 721 0
478 656 0
479 574 0
479 692 0
480 505 0
480 554 0
480 628 0
484 533 0
486 761 0
488 546 0
489 783 0
490 511 0
490 617 0
491 729 0
492 594 0
493 577 0
493 714 0
494 680 0
495 704 0
496 499 0
497 533 0
499 526 0
499 530 0
499 542 0
500 710 0
502 734 0
503 657 0
504 519 0
504 539 0
506 564 0
507 741 0
507 755 0
508 553 0
509 784 0
511 764 0
514 682 0
515 589 0
516 572 0
516 730 0
522 656 0
522 734 0
523 700 0
524 597 0
526 657 0
527 619 0
531 618 0
531 786 0
532 763 0
533 686 0
534 796 0
535 611 0
538 544 0
540 797 0
541 774 0
542 646 0
544 594 0
544 635 0
546 791 0
547 792 0
548 742 0
548 756 0
549 712 0
552 775 0
553 622 0
556 692 0
556 748 0
557 760 0
558 682 0
561 767 0
562 579 0
563 737 0
566 591 0
567 570 0
567 664 0
567 740 0
568 714 0
572 605 0
573 748 0
573 787 0
574 598 0
574 750 0
575 695 0
576 761 0
578 594 0
579 722 0
584 649 0
584 736 0
584 778 0
585 734 0
586 622 0
587 630 0
588 729 0
588 769 0
588 799 0
592 734 0
594 676 0
603 800 0
605 702 0
605 769 0
607 733 0
608 755 0
610 765 0
611 704 0
612 796 0
614 717 0
616 751 0
619 728 0
619 779 0
621 783 0
624 763 0
627 745 0
631 652 0
637 719 0
638 661 0
642 670 0
644 669 0
645 784 0
651 789 0
652 696 0
652 737 0
655 761 0
656 659 0
656 793 0
662 792 0
666 751 0
669 688 0
672 750 0
672 770 0
680 709 0
680 711 0
683 748 0
687 800 0
690 728 0
690 798 0
691 785 0
698 752 0
699 755 0
713 752 0
714 725 0
714 798 0
717 753 0
727 767 0
729 731 0
731 783 0
735 749 0
767 782 0
769 800 0
