180 200 0
1 22 0
1 141 0
1 143 0
1 179 0
2 148 0
3 159 0
4 46 0
5 54 0
5 74 0
5 100 0
5 160 0
6 174 0
7 34 0
7 81 0
7 173 0
8 15 0
8 42 0
8 82 0
8 97 0
8 119 0
8 145 0
9 29 0
10 32 0
10 38 0
10 108 0
10 156 0
11 99 0
12 119 0
13 114 0
14 39 0
15 36 0
15 50 0
15 86 0
15 178 0
16 37 0
17 69 0
18 21 0
18 44 0
18 62 0
18 171 0
19 58 0
20 75 0
20 92 0
20 111 0
20 137 0
21 108 0
21 128 0
21 149 0
23 46 0
24 60 0
24 72 0
24 89 0
24 128 0
25 104 0
26 30 0
27 126 0
28 45 0
28 55 0
28 66 0
28 133 0
29 93 0
29 122 0
29 130 0
30 42 0
30 57 0
31 40 0
33 78 0
33 167 0
33 175 0
33 179 0
34 69 0
35 126 0
37 108 0
37 121 0
37 134 0
39 133 0
39 158 0
39 161 0
40 51 0
40 58 0
40 95 0
40 108 0
40 138 0
41 47 0
41 62 0
41 163 0
41 179 0
42 44 0
42 122 0
42 136 0
43 69 0
43 120 0
44 151 0
44 169 0
45 138 0
46 50 0
46 61 0
47 101 0
47 104 0
47 154 0
48 169 0
49 148 0
50 171 0
50 174 0
51 77 0
51 121 0
52 79 0
53 59 0
53 128 0
53 150 0
53 164 0
56 61 0
56 63 0
56 84 0
56 94 0
56 122 0
56 143 0
58 98 0
58 107 0
58 149 0
62 170 0
64 115 0
65 103 0
67 114 0
68 81 0
68 115 0
68 159 0
68 171 0
69 163 0
70 90 0
70 115 0
71 77 0
73 151 0
75 103 0
75 114 0
75 170 0
76 119 0
77 96 0
77 100 0
79 87 0
79 153 0
79 163 0
80 159 0
81 110 0
81 135 0
83 99 0
85 101 0
88 148 0
90 117 0
90 147 0
90 149 0
91 104 0
92 111 0
92 138 0
93 131 0
99 100 0
99 165 0
100 170 0
101 118 0
101 157 0
101 173 0
102 115 0
103 146 0
103 180 0
104 106 0
105 113 0
105 128 0
105 131 0
105 139 0
109 154 0
112 159 0
114 176 0
115 155 0
116 126 0
118 142 0
119 133 0
119 173 0
120 152 0
122 152 0
122 167 0
122 171 0
123 138 0
123 174 0
124 172 0
125 169 0
126 149 0
127 152 0
129 169 0
132 172 0
133 170 0
140 154 0
140 156 0
142 151 0
144 154 0
148 163 0
151 168 0
152 166 0
162 174 0
172 177 0
172 179 0
