800 843 0
1 757 0
2 119 0
3 155 0
4 21 0
5 200 0
5 402 0
5 561 0
5 654 0
6 183 0
7 41 0
7 531 0
7 545 0
7 611 0
7 695 0
8 161 0
8 300 0
8 305 0
8 427 0
9 183 0
9 238 0
9 539 0
10 83 0
11 218 0
12 306 0
12 422 0
12 446 0
12 636 0
13 282 0
14 16 0
14 154 0
14 204 0
14 501 0
15 348 0
16 54 0
16 463 0
16 700 0
17 393 0
18 136 0
19 485 0
20 768 0
21 102 0
21 105 0
21 168 0
22 112 0
23 128 0
23 440 0
23 508 0
23 706 0
24 567 0
24 573 0
24 686 0
24 800 0
25 108 0
25 189 0
25 370 0
25 484 0
26 757 0
27 535 0
28 114 0
28 234 0
28 448 0
28 612 0
29 555 0
30 637 0
31 574 0
32 56 0
32 159 0
32 319 0
32 460 0
32 598 0
32 635 0
33 68 0
34 243 0
34 342 0
34 433 0
34 472 0
34 777 0
35 787 0
36 47 0
36 388 0
36 560 0
37 119 0
38 416 0
39 439 0
40 717 0
41 421 0
41 613 0
41 769 0
42 48 0
42 239 0
42 527 0
42 740 0
43 713 0
44 495 0
45 177 0
46 565 0
47 285 0
47 409 0
47 462 0
47 769 0
49 203 0
49 241 0
49 363 0
49 789 0
50 97 0
50 331 0
50 425 0
50 517 0
50 600 0
51 295 0
52 66 0
53 795 0
54 84 0
54 188 0
54 670 0
54 773 0
55 398 0
56 322 0
56 717 0
57 795 0
58 98 0
59 361 0
60 453 0
61 355 0
61 470 0
61 607 0
61 765 0
62 345 0
62 421 0
62 477 0
62 694 0
62 790 0
63 209 0
63 349 0
63 632 0
63 678 0
63 777 0
64 561 0
65 523 0
66 78 0
66 696 0
66 777 0
67 446 0
67 519 0
67 704 0
67 741 0
68 590 0
68 782 0
68 797 0
69 539 0
69 543 0
69 690 0
69 775 0
70 117 0
70 183 0
70 214 0
70 353 0
71 752 0
72 163 0
73 136 0
74 470 0
75 283 0
75 523 0
75 582 0
75 752 0
76 492 0
77 386 0
78 117 0
78 348 0
78 716 0
79 785 0
80 475 0
81 187 0
82 227 0
83 152 0
83 683 0
83 781 0
85 361 0
86 555 0
87 370 0
88 528 0
88 560 0
88 582 0
88 654 0
89 510 0
90 634 0
91 410 0
92 574 0
93 387 0
94 143 0
94 202 0
94 617 0
94 784 0
95 155 0
96 406 0
98 146 0
98 480 0
98 516 0
99 166 0
100 717 0
101 364 0
103 406 0
103 485 0
103 681 0
103 775 0
104 366 0
106 757 0
107 491 0
108 422 0
108 527 0
108 662 0
109 117 0
109 267 0
109 480 0
110 512 0
111 386 0
112 280 0
112 404 0
112 546 0
112 613 0
113 714 0
114 119 0
114 153 0
114 755 0
115 758 0
116 469 0
117 133 0
117 285 0
118 221 0
119 129 0
120 352 0
120 364 0
120 386 0
120 416 0
121 492 0
122 277 0
123 177 0
124 469 0
125 589 0
126 189 0
127 762 0
130 169 0
131 244 0
131 459 0
131 534 0
131 723 0
132 695 0
133 423 0
133 491 0
133 708 0
134 205 0
134 264 0
134 310 0
134 445 0
134 683 0
135 214 0
136 254 0
136 770 0
137 574 0
138 566 0
139 565 0
140 387 0
141 484 0
142 407 0
144 179 0
145 258 0
147 214 0
148 259 0
149 180 0
150 547 0
151 768 0
153 462 0
153 770 0
153 779 0
155 507 0
155 753 0
156 282 0
157 283 0
158 708 0
160 504 0
162 493 0
163 640 0
163 697 0
163 698 0
164 565 0
165 798 0
166 266 0
166 490 0
166 779 0
167 322 0
168 297 0
168 431 0
168 638 0
168 751 0
169 299 0
169 412 0
169 632 0
170 172 0
170 426 0
170 613 0
170 726 0
171 366 0
173 672 0
174 175 0
174 314 0
174 675 0
174 749 0
176 638 0
177 619 0
177 652 0
178 484 0
179 247 0
179 517 0
179 576 0
180 577 0
180 606 0
180 636 0
181 531 0
182 681 0
183 432 0
183 680 0
184 752 0
185 225 0
185 471 0
185 629 0
185 770 0
186 630 0
187 193 0
187 197 0
187 662 0
189 551 0
189 738 0
190 447 0
191 690 0
192 578 0
194 402 0
195 208 0
196 235 0
198 268 0
198 465 0
198 529 0
198 619 0
199 699 0
200 251 0
200 456 0
200 732 0
201 278 0
201 343 0
201 415 0
201 645 0
203 221 0
203 270 0
203 558 0
205 277 0
205 699 0
205 721 0
206 493 0
207 690 0
208 350 0
208 533 0
208 553 0
210 564 0
211 413 0
211 575 0
211 663 0
211 739 0
212 596 0
213 439 0
214 778 0
215 402 0
216 596 0
217 240 0
217 514 0
217 550 0
217 669 0
218 450 0
218 590 0
218 737 0
219 408 0
220 359 0
221 552 0
221 750 0
222 634 0
223 453 0
224 312 0
226 348 0
227 248 0
227 488 0
227 639 0
228 279 0
228 547 0
228 553 0
229 699 0
230 364 0
231 787 0
232 589 0
233 597 0
235 396 0
235 496 0
235 632 0
236 681 0
237 564 0
238 499 0
238 649 0
238 685 0
242 342 0
242 513 0
242 568 0
242 626 0
245 458 0
246 302 0
248 376 0
248 524 0
248 634 0
249 339 0
249 383 0
249 569 0
249 656 0
250 502 0
252 293 0
253 607 0
255 630 0
256 561 0
257 733 0
258 308 0
258 661 0
258 709 0
259 264 0
259 286 0
259 688 0
260 708 0
261 539 0
262 611 0
263 423 0
264 344 0
264 393 0
265 300 0
265 371 0
265 498 0
265 545 0
267 392 0
267 563 0
267 608 0
269 787 0
270 462 0
270 557 0
270 632 0
271 798 0
272 721 0
273 410 0
274 344 0
275 308 0
275 346 0
275 642 0
275 735 0
276 589 0
276 633 0
276 714 0
277 292 0
277 360 0
279 509 0
279 647 0
279 754 0
279 770 0
281 351 0
282 479 0
282 779 0
283 570 0
283 601 0
284 578 0
285 765 0
285 775 0
287 689 0
288 751 0
289 589 0
290 700 0
291 611 0
293 311 0
293 329 0
293 663 0
294 325 0
294 445 0
294 554 0
294 714 0
295 419 0
295 663 0
295 667 0
296 543 0
297 721 0
297 786 0
298 325 0
300 464 0
300 654 0
301 493 0
301 554 0
301 624 0
302 313 0
302 337 0
302 742 0
303 746 0
304 386 0
305 404 0
305 654 0
306 502 0
306 718 0
306 787 0
307 512 0
308 492 0
308 528 0
309 351 0
310 408 0
310 547 0
312 317 0
312 389 0
312 542 0
313 407 0
313 408 0
313 654 0
315 355 0
316 763 0
318 785 0
319 554 0
319 783 0
320 638 0
321 607 0
322 511 0
322 553 0
323 403 0
323 446 0
323 454 0
323 705 0
324 406 0
325 358 0
325 734 0
326 786 0
327 383 0
328 555 0
330 372 0
331 712 0
331 713 0
332 755 0
333 758 0
334 566 0
335 353 0
336 633 0
338 408 0
339 674 0
339 730 0
339 771 0
340 695 0
341 558 0
342 361 0
342 528 0
344 585 0
344 599 0
345 464 0
345 795 0
347 531 0
348 354 0
351 482 0
351 508 0
352 388 0
352 553 0
352 562 0
353 541 0
353 594 0
355 434 0
355 780 0
356 690 0
357 689 0
359 411 0
359 571 0
359 619 0
361 727 0
362 491 0
364 369 0
365 554 0
366 562 0
366 756 0
367 504 0
368 630 0
370 658 0
370 774 0
372 390 0
372 544 0
372 697 0
373 699 0
374 569 0
375 475 0
376 517 0
376 769 0
376 800 0
377 492 0
378 564 0
379 548 0
380 383 0
381 510 0
382 558 0
383 461 0
384 721 0
385 416 0
387 624 0
387 744 0
387 771 0
388 431 0
388 656 0
391 763 0
393 595 0
393 623 0
394 424 0
395 537 0
395 543 0
395 565 0
397 597 0
398 581 0
398 628 0
398 800 0
399 467 0
400 548 0
401 649 0
401 675 0
401 753 0
401 769 0
402 747 0
404 695 0
404 714 0
405 453 0
406 473 0
407 720 0
407 788 0
408 676 0
409 531 0
409 634 0
410 710 0
410 779 0
414 539 0
415 535 0
415 633 0
415 643 0
416 487 0
417 447 0
418 755 0
420 485 0
421 565 0
421 574 0
422 463 0
422 560 0
423 478 0
423 668 0
424 446 0
424 452 0
424 665 0
428 760 0
429 553 0
429 692 0
429 716 0
430 712 0
431 542 0
431 697 0
435 439 0
436 713 0
437 502 0
438 524 0
439 530 0
441 524 0
442 469 0
443 554 0
444 543 0
445 560 0
445 624 0
447 514 0
447 572 0
449 716 0
451 464 0
453 613 0
455 712 0
457 672 0
458 520 0
458 602 0
458 745 0
462 498 0
462 643 0
463 608 0
463 619 0
464 603 0
466 512 0
467 498 0
467 635 0
467 660 0
467 748 0
468 763 0
469 542 0
470 489 0
470 702 0
474 689 0
475 503 0
475 683 0
476 718 0
477 514 0
477 681 0
480 504 0
480 547 0
480 656 0
480 773 0
481 751 0
483 597 0
484 620 0
485 682 0
486 746 0
491 724 0
493 693 0
493 753 0
494 631 0
494 714 0
495 527 0
495 684 0
495 761 0
497 736 0
500 746 0
502 673 0
504 794 0
505 566 0
506 791 0
508 537 0
508 765 0
510 608 0
510 655 0
512 542 0
514 528 0
514 604 0
515 604 0
517 733 0
518 638 0
521 548 0
522 534 0
522 646 0
522 707 0
522 767 0
523 610 0
523 627 0
524 625 0
525 611 0
526 718 0
527 555 0
530 643 0
530 736 0
530 791 0
531 621 0
532 786 0
534 566 0
534 656 0
535 703 0
535 799 0
536 635 0
536 644 0
536 648 0
536 701 0
537 538 0
537 622 0
539 579 0
540 713 0
543 650 0
545 654 0
548 624 0
549 791 0
553 786 0
556 716 0
557 689 0
557 757 0
557 785 0
558 776 0
559 692 0
561 641 0
562 672 0
562 795 0
564 697 0
569 666 0
569 793 0
578 683 0
578 729 0
580 736 0
582 590 0
582 663 0
583 717 0
584 700 0
586 692 0
587 725 0
588 637 0
589 675 0
590 746 0
591 681 0
592 733 0
593 798 0
596 653 0
596 714 0
597 608 0
602 643 0
602 760 0
602 762 0
604 605 0
604 759 0
607 616 0
609 762 0
614 795 0
615 725 0
618 768 0
624 692 0
630 636 0
633 711 0
635 765 0
636 763 0
637 659 0
637 675 0
649 717 0
649 758 0
651 708 0
657 692 0
662 712 0
662 783 0
664 718 0
671 760 0
672 679 0
677 700 0
687 783 0
691 762 0
708 771 0
713 800 0
715 786 0
719 755 0
722 760 0
725 772 0
725 784 0
728 733 0
731 791 0
736 773 0
743 751 0
752 792 0
753 798 0
758 764 0
766 785 0
768 784 0
775 784 0
783 796 0
