1000 1191 0
1 224 0
2 211 0
2 247 0
2 496 0
2 777 0
3 715 0
4 80 0
5 115 0
5 262 0
5 742 0
5 753 0
6 274 0
7 483 0
7 560 0
7 804 0
8 272 0
8 565 0
8 707 0
8 859 0
8 989 0
9 218 0
10 112 0
10 202 0
10 259 0
10 529 0
10 899 0
11 51 0
11 605 0
11 661 0
11 891 0
12 55 0
12 558 0
12 588 0
13 110 0
13 135 0
13 287 0
13 806 0
14 41 0
14 56 0
14 996 0
15 155 0
15 319 0
15 515 0
15 629 0
15 993 0
16 219 0
16 242 0
16 454 0
16 524 0
16 871 0
17 29 0
17 215 0
17 296 0
17 302 0
17 525 0
18 137 0
18 258 0
18 517 0
18 619 0
18 935 0
19 133 0
20 327 0
21 876 0
22 74 0
23 191 0
23 219 0
23 766 0
24 35 0
24 334 0
24 374 0
24 453 0
24 996 0
25 92 0
26 45 0
27 505 0
27 745 0
27 766 0
28 572 0
29 140 0
29 156 0
29 162 0
29 523 0
29 791 0
30 394 0
31 253 0
31 387 0
31 705 0
32 558 0
33 659 0
34 703 0
35 463 0
35 750 0
35 805 0
36 127 0
36 294 0
36 435 0
36 634 0
37 67 0
38 389 0
39 744 0
40 368 0
41 341 0
41 532 0
41 634 0
41 718 0
42 766 0
43 69 0
43 199 0
43 363 0
43 561 0
43 574 0
44 415 0
45 132 0
45 768 0
45 926 0
46 442 0
47 192 0
47 841 0
47 985 0
48 618 0
49 615 0
49 750 0
49 912 0
49 989 0
50 286 0
50 532 0
50 672 0
50 677 0
50 734 0
52 918 0
53 308 0
54 136 0
54 197 0
54 683 0
54 712 0
54 948 0
55 201 0
55 287 0
55 998 0
56 93 0
56 182 0
56 365 0
56 867 0
57 61 0
57 186 0
57 365 0
57 623 0
57 636 0
57 969 0
58 273 0
59 873 0
60 809 0
61 145 0
61 503 0
61 998 0
62 389 0
63 104 0
63 270 0
63 399 0
63 647 0
63 931 0
64 92 0
65 394 0
66 112 0
66 379 0
66 428 0
66 752 0
66 964 0
67 101 0
67 369 0
67 716 0
67 986 0
68 659 0
69 241 0
69 750 0
69 848 0
70 122 0
71 273 0
71 275 0
71 328 0
71 907 0
71 938 0
72 704 0
73 787 0
74 405 0
74 686 0
74 733 0
75 841 0
76 304 0
77 445 0
77 670 0
77 717 0
77 971 0
78 831 0
79 470 0
80 300 0
80 504 0
80 881 0
81 122 0
82 700 0
83 465 0
84 963 0
85 112 0
85 399 0
85 557 0
85 733 0
86 669 0
87 458 0
88 119 0
89 265 0
89 552 0
89 587 0
89 646 0
89 684 0
89 698 0
89 758 0
89 964 0
90 826 0
91 171 0
92 107 0
92 475 0
93 389 0
93 595 0
93 598 0
94 162 0
95 204 0
95 511 0
95 616 0
95 733 0
96 140 0
96 244 0
96 531 0
96 628 0
97 465 0
98 209 0
98 297 0
98 397 0
99 853 0
100 447 0
102 306 0
102 513 0
102 679 0
102 811 0
103 162 0
105 338 0
106 171 0
106 536 0
106 616 0
106 803 0
107 687 0
107 715 0
107 910 0
108 442 0
108 703 0
108 758 0
108 884 0
109 340 0
111 210 0
111 241 0
111 403 0
111 458 0
111 755 0
112 836 0
113 362 0
114 208 0
116 141 0
116 365 0
116 844 0
116 866 0
117 143 0
117 185 0
117 325 0
117 971 0
118 944 0
119 130 0
119 136 0
119 631 0
119 869 0
120 275 0
121 480 0
121 596 0
121 762 0
121 880 0
122 245 0
122 423 0
123 253 0
124 346 0
125 860 0
126 845 0
127 469 0
127 801 0
128 328 0
129 312 0
129 417 0
129 855 0
129 956 0
130 541 0
130 583 0
130 859 0
131 244 0
132 373 0
132 407 0
132 744 0
133 476 0
133 877 0
133 887 0
134 253 0
136 154 0
138 401 0
138 486 0
138 630 0
138 842 0
138 864 0
139 516 0
140 451 0
140 712 0
141 681 0
141 787 0
141 961 0
142 929 0
144 342 0
145 481 0
145 727 0
145 973 0
146 688 0
147 403 0
148 410 0
148 431 0
148 456 0
148 862 0
149 388 0
150 826 0
151 208 0
152 266 0
152 381 0
152 449 0
152 978 0
153 650 0
154 410 0
154 498 0
154 507 0
154 552 0
154 999 0
155 217 0
155 568 0
155 830 0
155 977 0
156 174 0
156 808 0
157 628 0
158 434 0
159 403 0
160 210 0
161 546 0
162 278 0
162 893 0
163 856 0
164 918 0
164 930 0
164 940 0
165 340 0
165 465 0
165 706 0
166 407 0
166 469 0
166 493 0
166 546 0
166 553 0
167 787 0
168 883 0
169 541 0
170 860 0
171 374 0
171 609 0
171 635 0
171 790 0
172 735 0
173 726 0
174 436 0
174 440 0
174 453 0
174 784 0
175 378 0
175 620 0
175 733 0
175 865 0
175 879 0
176 338 0
177 944 0
178 922 0
179 328 0
180 992 0
181 567 0
182 301 0
182 466 0
182 615 0
182 782 0
183 429 0
184 434 0
187 721 0
188 588 0
189 560 0
190 264 0
191 230 0
191 605 0
191 774 0
191 865 0
192 363 0
192 678 0
192 849 0
192 1000 0
193 398 0
194 402 0
195 430 0
196 443 0
198 497 0
199 388 0
199 499 0
199 705 0
200 346 0
201 283 0
201 331 0
201 602 0
201 999 0
203 687 0
204 274 0
204 311 0
204 857 0
205 310 0
205 490 0
205 624 0
205 981 0
206 618 0
207 361 0
207 571 0
207 793 0
207 949 0
208 355 0
208 640 0
208 931 0
209 552 0
209 599 0
209 889 0
210 228 0
210 592 0
210 716 0
212 263 0
213 760 0
214 840 0
215 585 0
215 627 0
216 720 0
218 268 0
218 311 0
218 374 0
218 534 0
219 307 0
219 522 0
219 711 0
219 859 0
220 304 0
221 632 0
221 722 0
221 743 0
221 948 0
222 929 0
223 273 0
223 488 0
223 765 0
223 964 0
224 545 0
224 740 0
224 898 0
225 342 0
226 627 0
227 288 0
229 264 0
231 883 0
232 507 0
232 606 0
232 623 0
232 888 0
232 958 0
233 943 0
234 338 0
235 332 0
236 273 0
237 500 0
238 803 0
239 711 0
240 262 0
240 279 0
240 762 0
241 247 0
241 677 0
243 400 0
244 578 0
244 772 0
246 965 0
247 572 0
247 963 0
248 824 0
249 629 0
250 275 0
251 252 0
251 295 0
251 367 0
251 441 0
251 553 0
253 424 0
253 728 0
254 509 0
254 561 0
254 675 0
254 947 0
255 892 0
256 345 0
257 372 0
259 328 0
259 650 0
260 431 0
260 735 0
260 935 0
261 387 0
262 376 0
262 543 0
262 579 0
262 669 0
262 748 0
263 382 0
263 492 0
263 680 0
264 413 0
264 728 0
264 785 0
267 447 0
269 590 0
271 985 0
272 481 0
272 722 0
272 935 0
274 289 0
274 456 0
274 667 0
275 731 0
276 297 0
276 319 0
276 586 0
276 922 0
277 960 0
278 373 0
278 965 0
278 976 0
279 564 0
279 605 0
279 916 0
280 397 0
280 805 0
280 840 0
281 459 0
282 342 0
284 595 0
285 459 0
286 434 0
286 992 0
287 400 0
287 805 0
287 860 0
288 396 0
288 619 0
288 769 0
288 829 0
290 696 0
291 901 0
292 502 0
293 993 0
297 314 0
297 538 0
297 697 0
297 854 0
298 920 0
299 373 0
301 355 0
301 505 0
301 679 0
303 913 0
304 314 0
304 384 0
304 480 0
305 570 0
307 328 0
307 733 0
308 406 0
308 474 0
308 544 0
309 922 0
311 615 0
311 616 0
311 892 0
313 583 0
314 500 0
315 500 0
316 783 0
317 531 0
318 614 0
318 696 0
318 720 0
318 726 0
319 323 0
319 451 0
320 841 0
321 332 0
322 831 0
323 593 0
323 870 0
323 998 0
324 749 0
326 516 0
327 418 0
327 633 0
327 804 0
329 572 0
330 546 0
332 761 0
332 832 0
333 495 0
333 526 0
333 649 0
333 988 0
334 752 0
334 771 0
334 860 0
335 442 0
336 588 0
337 594 0
337 653 0
337 729 0
337 890 0
338 431 0
339 954 0
340 364 0
340 367 0
340 579 0
342 440 0
342 728 0
343 433 0
343 607 0
343 839 0
343 850 0
344 918 0
345 552 0
345 807 0
345 984 0
346 654 0
346 793 0
346 813 0
347 794 0
348 583 0
349 993 0
350 555 0
351 902 0
352 499 0
353 656 0
354 442 0
355 749 0
355 992 0
356 360 0
356 532 0
356 645 0
356 935 0
356 950 0
357 883 0
358 771 0
359 726 0
362 601 0
362 817 0
362 897 0
362 934 0
363 985 0
365 783 0
366 787 0
367 818 0
367 918 0
368 457 0
368 752 0
368 1000 0
370 629 0
371 992 0
372 573 0
372 581 0
372 894 0
373 575 0
373 833 0
374 442 0
375 558 0
376 476 0
376 691 0
376 1000 0
377 836 0
380 870 0
381 704 0
381 733 0
383 705 0
385 840 0
386 450 0
386 451 0
386 680 0
386 888 0
386 988 0
387 486 0
387 660 0
388 554 0
388 613 0
389 641 0
390 781 0
391 960 0
392 491 0
392 763 0
392 852 0
392 1000 0
393 617 0
394 476 0
394 755 0
395 825 0
397 486 0
397 522 0
397 957 0
398 468 0
398 501 0
398 934 0
399 536 0
399 625 0
399 878 0
400 754 0
400 995 0
402 547 0
402 587 0
402 981 0
403 485 0
404 443 0
406 497 0
406 735 0
406 848 0
407 557 0
407 728 0
408 559 0
408 723 0
408 955 0
408 988 0
409 656 0
410 750 0
410 818 0
411 878 0
412 471 0
412 681 0
412 795 0
412 952 0
414 458 0
415 488 0
415 574 0
415 748 0
416 875 0
417 771 0
417 831 0
417 910 0
419 823 0
420 474 0
420 639 0
420 791 0
421 920 0
422 928 0
423 463 0
423 516 0
423 808 0
423 985 0
425 540 0
425 729 0
425 817 0
425 861 0
426 611 0
427 836 0
429 461 0
429 597 0
429 804 0
430 437 0
430 545 0
430 932 0
431 703 0
431 903 0
432 749 0
434 549 0
434 681 0
438 448 0
438 701 0
438 776 0
438 999 0
439 875 0
440 686 0
440 765 0
443 722 0
443 767 0
444 915 0
446 447 0
447 679 0
450 533 0
450 567 0
450 618 0
451 989 0
452 841 0
453 483 0
453 760 0
454 804 0
454 809 0
455 771 0
456 590 0
456 901 0
458 600 0
459 477 0
459 737 0
459 829 0
460 668 0
462 627 0
463 769 0
463 832 0
464 715 0
465 587 0
465 651 0
465 679 0
465 762 0
466 543 0
466 888 0
467 687 0
469 638 0
469 843 0
469 888 0
470 530 0
470 793 0
470 830 0
472 721 0
473 794 0
474 720 0
474 831 0
476 915 0
478 700 0
479 523 0
479 612 0
479 800 0
479 933 0
480 565 0
480 654 0
480 809 0
481 588 0
481 765 0
482 663 0
483 851 0
483 961 0
484 555 0
486 907 0
487 574 0
487 672 0
487 826 0
487 836 0
488 769 0
489 820 0
493 837 0
493 857 0
493 994 0
494 876 0
497 655 0
497 695 0
497 725 0
498 679 0
498 903 0
499 551 0
499 621 0
500 561 0
500 755 0
501 733 0
501 831 0
502 607 0
502 872 0
502 966 0
503 629 0
503 868 0
503 928 0
504 782 0
504 856 0
504 928 0
504 961 0
505 770 0
505 812 0
505 820 0
506 533 0
507 803 0
507 902 0
508 781 0
510 922 0
512 954 0
514 783 0
515 593 0
515 830 0
516 882 0
518 567 0
519 902 0
520 687 0
521 704 0
522 878 0
523 976 0
526 572 0
526 712 0
527 541 0
528 918 0
531 542 0
531 764 0
532 948 0
533 938 0
533 982 0
535 745 0
536 847 0
536 927 0
536 968 0
537 560 0
539 845 0
541 983 0
543 672 0
543 736 0
545 565 0
545 920 0
546 796 0
548 650 0
550 663 0
553 801 0
555 561 0
555 747 0
556 705 0
557 614 0
557 615 0
558 838 0
558 986 0
560 582 0
560 769 0
561 785 0
562 639 0
563 853 0
565 940 0
565 983 0
566 688 0
567 719 0
569 699 0
569 869 0
569 885 0
569 909 0
569 934 0
570 652 0
570 666 0
570 712 0
572 911 0
573 663 0
573 782 0
573 823 0
574 853 0
574 954 0
576 611 0
577 886 0
579 590 0
580 846 0
583 976 0
584 744 0
584 853 0
584 876 0
585 634 0
585 681 0
585 804 0
585 989 0
586 665 0
586 792 0
586 906 0
589 915 0
590 710 0
590 799 0
591 809 0
593 797 0
593 912 0
595 689 0
595 923 0
598 739 0
598 827 0
598 951 0
603 720 0
604 903 0
605 805 0
607 614 0
607 845 0
608 892 0
609 749 0
609 765 0
610 770 0
611 643 0
611 737 0
612 826 0
612 848 0
612 875 0
614 729 0
615 691 0
617 815 0
617 884 0
617 904 0
617 940 0
618 638 0
618 702 0
619 824 0
622 846 0
623 750 0
623 817 0
625 663 0
625 840 0
626 704 0
627 996 0
628 642 0
628 874 0
630 793 0
630 831 0
634 688 0
634 748 0
634 976 0
637 902 0
638 779 0
639 676 0
639 769 0
639 802 0
644 703 0
646 907 0
646 940 0
648 669 0
650 778 0
650 971 0
654 870 0
656 868 0
656 917 0
656 935 0
657 820 0
658 696 0
659 859 0
659 945 0
662 913 0
663 921 0
664 998 0
668 759 0
668 804 0
668 896 0
669 713 0
671 873 0
672 814 0
673 963 0
674 812 0
677 794 0
677 886 0
680 706 0
680 913 0
681 840 0
682 992 0
685 825 0
686 787 0
688 707 0
690 696 0
691 907 0
691 910 0
692 930 0
693 783 0
694 812 0
695 715 0
695 931 0
698 770 0
698 824 0
700 832 0
700 931 0
703 869 0
703 917 0
704 712 0
704 762 0
705 987 0
706 730 0
706 975 0
707 750 0
708 801 0
709 824 0
711 863 0
711 912 0
711 919 0
714 903 0
716 791 0
720 835 0
721 946 0
721 988 0
722 768 0
722 787 0
724 735 0
726 746 0
729 892 0
732 791 0
733 964 0
737 883 0
737 910 0
738 920 0
741 876 0
744 937 0
744 941 0
745 816 0
745 940 0
745 980 0
749 814 0
751 913 0
756 998 0
757 886 0
758 823 0
760 865 0
760 868 0
765 925 0
766 858 0
766 978 0
768 902 0
768 983 0
770 908 0
771 808 0
773 878 0
775 794 0
779 846 0
779 862 0
779 901 0
780 928 0
781 785 0
781 986 0
782 934 0
786 845 0
788 826 0
789 930 0
793 818 0
798 878 0
801 834 0
801 999 0
803 997 0
805 978 0
808 860 0
810 943 0
812 970 0
814 859 0
818 926 0
818 938 0
818 981 0
819 928 0
820 972 0
821 901 0
822 985 0
823 939 0
824 962 0
824 996 0
825 862 0
825 914 0
828 943 0
829 870 0
829 926 0
830 976 0
832 943 0
841 940 0
846 974 0
846 978 0
848 986 0
856 900 0
856 990 0
857 888 0
862 930 0
862 960 0
867 876 0
867 929 0
867 965 0
873 884 0
873 981 0
875 967 0
884 996 0
886 942 0
895 965 0
905 954 0
907 971 0
915 924 0
917 998 0
929 936 0
944 953 0
944 996 0
959 963 0
960 979 0
991 993 0
