200 267 0
1 19 0
1 93 0
1 159 0
1 168 0
1 188 0
2 88 0
2 134 0
3 30 0
4 72 0
4 74 0
4 165 0
4 190 0
5 87 0
5 112 0
6 100 0
7 52 0
7 180 0
7 190 0
8 27 0
8 79 0
8 92 0
8 171 0
9 197 0
10 100 0
10 195 0
11 54 0
12 50 0
13 116 0
13 184 0
14 124 0
14 160 0
15 25 0
15 26 0
15 84 0
15 85 0
15 129 0
15 158 0
15 172 0
16 39 0
16 51 0
16 76 0
16 163 0
17 32 0
17 167 0
18 112 0
19 71 0
19 95 0
19 166 0
20 33 0
20 131 0
21 108 0
22 63 0
22 74 0
23 75 0
24 82 0
25 29 0
25 78 0
25 95 0
25 138 0
25 187 0
27 39 0
27 177 0
27 190 0
28 60 0
29 53 0
29 106 0
29 133 0
29 198 0
30 37 0
30 104 0
30 173 0
31 144 0
32 113 0
32 125 0
32 162 0
33 49 0
33 91 0
33 149 0
34 77 0
35 97 0
35 126 0
35 154 0
35 172 0
36 50 0
36 174 0
37 136 0
38 54 0
39 58 0
39 75 0
39 111 0
39 170 0
40 64 0
41 99 0
41 143 0
42 59 0
42 138 0
43 197 0
44 61 0
44 103 0
44 150 0
44 185 0
45 56 0
45 63 0
45 87 0
45 89 0
45 173 0
46 81 0
46 157 0
47 77 0
48 125 0
48 131 0
49 55 0
49 92 0
49 108 0
49 126 0
50 97 0
50 105 0
52 64 0
53 196 0
54 56 0
54 96 0
54 126 0
55 104 0
55 119 0
55 129 0
55 132 0
55 178 0
56 81 0
56 82 0
56 171 0
56 198 0
57 112 0
58 174 0
58 176 0
58 189 0
59 65 0
59 130 0
59 158 0
60 116 0
60 169 0
60 199 0
62 110 0
63 102 0
63 173 0
64 177 0
64 194 0
65 131 0
65 143 0
65 171 0
66 85 0
67 144 0
68 99 0
69 136 0
69 154 0
70 103 0
70 144 0
71 79 0
71 103 0
71 169 0
73 193 0
75 78 0
75 186 0
76 88 0
77 151 0
77 191 0
78 193 0
79 187 0
80 95 0
81 136 0
81 145 0
81 152 0
82 122 0
82 164 0
82 186 0
83 127 0
83 138 0
85 98 0
85 123 0
85 169 0
86 109 0
87 95 0
88 90 0
88 152 0
88 175 0
89 109 0
90 112 0
90 144 0
90 187 0
92 125 0
92 173 0
94 115 0
94 120 0
94 161 0
94 173 0
94 191 0
95 146 0
96 124 0
96 178 0
97 121 0
97 174 0
97 184 0
97 187 0
98 182 0
99 100 0
99 137 0
99 177 0
99 179 0
100 125 0
100 156 0
101 184 0
102 178 0
103 148 0
103 193 0
106 108 0
107 166 0
108 153 0
109 190 0
109 195 0
109 200 0
110 111 0
110 151 0
110 159 0
114 167 0
114 169 0
114 170 0
114 183 0
116 170 0
117 166 0
118 121 0
118 163 0
119 158 0
121 132 0
121 142 0
124 125 0
124 135 0
127 166 0
128 131 0
128 145 0
128 197 0
129 147 0
131 181 0
134 154 0
136 169 0
138 139 0
138 192 0
140 148 0
141 193 0
144 180 0
147 197 0
148 154 0
148 182 0
148 196 0
150 167 0
151 171 0
151 180 0
154 163 0
154 177 0
155 180 0
156 166 0
157 193 0
158 197 0
160 180 0
163 183 0
165 173 0
166 178 0
184 195 0
190 197 0
