350 406 0
1 34 0
1 37 0
1 81 0
1 342 0
2 24 0
2 177 0
3 198 0
3 251 0
4 70 0
4 162 0
5 146 0
6 42 0
6 134 0
6 292 0
6 328 0
7 188 0
7 211 0
7 246 0
7 279 0
8 315 0
9 338 0
10 27 0
10 106 0
10 195 0
10 237 0
11 178 0
11 238 0
12 226 0
13 126 0
14 138 0
15 78 0
16 218 0
17 326 0
18 24 0
19 92 0
20 45 0
20 61 0
20 68 0
20 298 0
21 56 0
21 62 0
21 79 0
21 234 0
21 250 0
21 324 0
22 149 0
22 170 0
23 239 0
24 115 0
24 152 0
24 287 0
25 132 0
25 238 0
25 255 0
25 287 0
25 305 0
26 34 0
26 251 0
28 51 0
29 180 0
30 175 0
31 246 0
31 293 0
32 178 0
33 39 0
33 97 0
34 107 0
35 149 0
35 168 0
35 204 0
36 94 0
36 226 0
36 336 0
36 348 0
37 63 0
37 93 0
37 94 0
38 249 0
39 60 0
39 89 0
39 113 0
39 174 0
39 184 0
40 49 0
41 54 0
41 105 0
43 125 0
43 144 0
43 271 0
43 347 0
44 78 0
46 166 0
46 167 0
46 267 0
46 277 0
47 320 0
48 57 0
49 79 0
49 83 0
49 262 0
50 130 0
50 156 0
50 233 0
50 343 0
51 66 0
51 182 0
51 210 0
52 348 0
53 179 0
53 337 0
54 102 0
55 160 0
55 178 0
55 296 0
55 300 0
55 330 0
57 141 0
57 225 0
57 262 0
57 294 0
58 108 0
58 326 0
59 115 0
59 256 0
60 226 0
61 257 0
63 101 0
63 189 0
63 318 0
64 157 0
64 292 0
64 300 0
64 321 0
65 326 0
66 104 0
66 302 0
66 321 0
66 350 0
67 72 0
67 184 0
67 207 0
67 208 0
69 74 0
69 108 0
69 132 0
69 331 0
70 75 0
70 324 0
70 344 0
71 87 0
73 82 0
73 270 0
73 274 0
73 324 0
76 291 0
77 253 0
77 310 0
78 119 0
78 304 0
80 133 0
82 224 0
83 319 0
84 102 0
84 191 0
84 200 0
84 313 0
85 177 0
86 266 0
87 141 0
87 179 0
87 339 0
88 307 0
90 317 0
91 293 0
92 98 0
92 203 0
92 302 0
92 305 0
93 172 0
93 216 0
93 299 0
94 227 0
94 324 0
95 193 0
96 138 0
96 261 0
97 243 0
97 261 0
97 280 0
98 130 0
99 313 0
100 229 0
100 244 0
102 128 0
102 301 0
103 192 0
103 336 0
104 139 0
104 223 0
104 306 0
105 151 0
105 230 0
105 325 0
107 346 0
109 315 0
110 149 0
110 159 0
111 253 0
112 290 0
114 249 0
116 244 0
117 193 0
118 140 0
118 170 0
118 201 0
118 287 0
119 265 0
120 168 0
121 240 0
122 160 0
123 218 0
123 252 0
124 151 0
124 187 0
124 231 0
124 309 0
126 219 0
126 250 0
126 329 0
127 251 0
128 220 0
129 240 0
131 173 0
131 253 0
131 256 0
131 291 0
132 175 0
132 192 0
133 275 0
133 298 0
133 327 0
135 235 0
136 194 0
136 287 0
136 314 0
136 340 0
137 242 0
137 265 0
137 289 0
137 316 0
138 304 0
138 312 0
141 247 0
141 278 0
141 323 0
142 242 0
142 250 0
142 255 0
142 343 0
143 212 0
144 154 0
144 226 0
144 290 0
144 300 0
145 266 0
146 215 0
146 280 0
146 295 0
147 336 0
148 198 0
148 291 0
149 319 0
149 324 0
150 313 0
151 173 0
151 193 0
152 215 0
153 181 0
153 197 0
153 237 0
153 288 0
154 257 0
154 272 0
154 327 0
154 349 0
155 226 0
155 296 0
157 227 0
157 255 0
158 296 0
159 281 0
160 222 0
160 258 0
161 315 0
162 249 0
163 290 0
164 203 0
165 180 0
168 202 0
168 304 0
169 244 0
171 247 0
172 237 0
173 227 0
173 277 0
175 260 0
175 273 0
176 296 0
177 259 0
177 343 0
178 264 0
180 250 0
180 310 0
183 239 0
184 200 0
184 266 0
185 247 0
186 191 0
188 200 0
188 315 0
188 317 0
190 240 0
191 263 0
191 303 0
192 205 0
192 206 0
192 224 0
192 248 0
193 205 0
193 236 0
196 212 0
198 346 0
199 265 0
199 281 0
200 255 0
203 254 0
203 322 0
203 323 0
204 218 0
204 249 0
204 278 0
204 337 0
204 344 0
205 212 0
205 315 0
209 350 0
212 343 0
213 317 0
214 337 0
216 286 0
217 256 0
218 285 0
220 232 0
220 346 0
221 281 0
227 278 0
228 278 0
228 320 0
229 293 0
232 262 0
235 262 0
235 296 0
237 320 0
237 321 0
238 307 0
239 245 0
239 277 0
240 242 0
241 348 0
242 338 0
244 305 0
247 284 0
248 252 0
251 298 0
252 313 0
253 276 0
256 332 0
262 292 0
266 333 0
268 350 0
269 336 0
272 328 0
276 327 0
277 293 0
278 280 0
280 346 0
281 305 0
282 337 0
283 307 0
285 296 0
286 290 0
288 316 0
291 311 0
292 310 0
292 323 0
296 308 0
297 338 0
298 321 0
300 304 0
307 323 0
317 330 0
320 334 0
323 326 0
335 350 0
338 341 0
345 348 0
