450 482 0
1 355 0
2 104 0
2 168 0
3 146 0
3 153 0
4 292 0
5 376 0
6 50 0
7 301 0
8 324 0
9 391 0
10 51 0
10 119 0
10 160 0
10 195 0
11 428 0
12 214 0
12 293 0
12 302 0
12 369 0
13 307 0
14 250 0
15 153 0
16 131 0
16 261 0
16 348 0
16 391 0
16 421 0
17 82 0
17 190 0
17 279 0
17 447 0
18 67 0
18 95 0
18 106 0
18 166 0
18 247 0
19 294 0
20 148 0
20 202 0
20 330 0
20 442 0
21 301 0
22 40 0
22 220 0
22 258 0
22 431 0
23 83 0
23 197 0
23 388 0
23 439 0
24 220 0
25 270 0
26 236 0
27 85 0
27 132 0
28 330 0
29 436 0
30 105 0
30 161 0
30 197 0
30 235 0
30 273 0
31 249 0
32 261 0
33 402 0
34 90 0
34 165 0
34 226 0
34 253 0
35 111 0
36 241 0
37 236 0
37 306 0
37 355 0
37 438 0
38 138 0
38 171 0
38 189 0
38 224 0
39 182 0
39 339 0
39 426 0
39 444 0
40 163 0
40 179 0
40 418 0
41 234 0
41 348 0
42 140 0
43 431 0
44 278 0
45 215 0
46 262 0
46 327 0
46 336 0
46 449 0
47 120 0
47 381 0
47 401 0
47 435 0
48 107 0
48 144 0
48 351 0
48 432 0
49 140 0
50 101 0
50 230 0
50 444 0
52 220 0
53 56 0
53 228 0
53 286 0
53 353 0
54 129 0
55 359 0
57 241 0
58 124 0
59 127 0
59 158 0
59 245 0
59 450 0
60 146 0
60 406 0
61 68 0
62 65 0
62 392 0
63 122 0
64 313 0
64 370 0
65 141 0
65 337 0
65 340 0
66 71 0
66 110 0
66 291 0
66 363 0
68 117 0
68 171 0
68 225 0
69 245 0
70 249 0
72 147 0
73 324 0
74 223 0
75 357 0
76 133 0
77 220 0
78 102 0
78 379 0
78 385 0
78 405 0
79 130 0
79 131 0
79 167 0
79 423 0
80 221 0
81 91 0
81 259 0
81 304 0
81 422 0
83 130 0
83 149 0
83 313 0
84 211 0
85 135 0
86 307 0
87 201 0
87 257 0
87 380 0
87 404 0
88 129 0
89 133 0
90 95 0
92 140 0
92 158 0
93 172 0
93 212 0
93 300 0
93 399 0
94 113 0
95 236 0
96 241 0
96 348 0
97 298 0
98 264 0
99 266 0
100 275 0
100 361 0
103 431 0
104 328 0
105 147 0
105 308 0
105 375 0
108 158 0
109 261 0
111 166 0
111 218 0
111 290 0
112 165 0
112 329 0
112 347 0
112 389 0
113 233 0
113 332 0
113 345 0
114 241 0
115 264 0
116 430 0
118 270 0
120 131 0
120 135 0
120 294 0
121 425 0
122 141 0
122 203 0
122 231 0
123 313 0
124 175 0
124 288 0
124 379 0
125 278 0
126 255 0
126 263 0
126 421 0
126 427 0
127 162 0
127 256 0
127 269 0
128 132 0
128 286 0
129 318 0
129 432 0
130 259 0
130 279 0
131 432 0
132 387 0
132 409 0
133 265 0
133 300 0
133 379 0
133 411 0
134 202 0
135 154 0
135 331 0
136 430 0
137 215 0
137 305 0
139 171 0
139 177 0
139 282 0
139 378 0
140 238 0
140 384 0
141 211 0
141 375 0
142 306 0
143 357 0
145 297 0
145 320 0
145 327 0
145 377 0
146 186 0
146 345 0
147 271 0
147 346 0
148 363 0
148 407 0
148 415 0
149 180 0
149 208 0
149 406 0
150 428 0
151 400 0
152 202 0
153 157 0
153 178 0
153 219 0
153 327 0
155 431 0
156 322 0
158 277 0
159 330 0
164 367 0
165 167 0
165 360 0
166 215 0
166 450 0
167 300 0
167 384 0
168 183 0
168 326 0
168 408 0
169 294 0
170 223 0
171 342 0
172 212 0
173 261 0
174 430 0
176 216 0
177 340 0
179 237 0
181 216 0
184 360 0
185 417 0
187 376 0
188 200 0
188 327 0
188 387 0
188 415 0
191 359 0
192 210 0
193 402 0
194 266 0
195 319 0
195 324 0
195 438 0
196 391 0
198 223 0
199 424 0
200 241 0
200 338 0
200 403 0
202 287 0
204 289 0
204 396 0
204 427 0
204 441 0
205 305 0
206 373 0
206 436 0
207 292 0
209 322 0
210 251 0
210 316 0
210 407 0
211 268 0
211 343 0
213 442 0
213 450 0
214 249 0
214 375 0
214 428 0
215 229 0
215 321 0
216 230 0
216 237 0
216 300 0
217 372 0
217 415 0
217 423 0
219 397 0
221 326 0
221 362 0
221 371 0
222 298 0
223 257 0
227 313 0
232 328 0
234 424 0
236 412 0
239 278 0
239 382 0
239 417 0
239 424 0
240 266 0
242 275 0
243 249 0
243 354 0
244 324 0
245 267 0
245 283 0
246 373 0
247 449 0
248 260 0
249 314 0
250 279 0
250 317 0
250 413 0
252 330 0
254 403 0
257 258 0
257 354 0
258 372 0
258 437 0
259 393 0
259 400 0
260 285 0
260 308 0
260 356 0
264 279 0
264 280 0
265 403 0
266 379 0
270 344 0
270 427 0
272 273 0
272 442 0
274 301 0
275 387 0
275 390 0
276 413 0
276 442 0
278 352 0
281 292 0
284 391 0
284 438 0
286 305 0
286 328 0
286 438 0
292 384 0
294 349 0
295 402 0
296 425 0
298 349 0
298 444 0
298 446 0
299 338 0
301 363 0
303 373 0
305 440 0
306 335 0
306 419 0
307 308 0
308 370 0
309 397 0
310 357 0
311 393 0
312 367 0
315 400 0
319 334 0
319 339 0
319 365 0
319 383 0
322 323 0
322 363 0
325 400 0
326 382 0
326 397 0
328 448 0
333 355 0
338 398 0
338 443 0
341 393 0
342 372 0
342 379 0
342 444 0
345 373 0
345 450 0
348 368 0
348 403 0
350 417 0
354 433 0
354 445 0
355 420 0
357 407 0
358 428 0
359 410 0
359 437 0
360 395 0
360 414 0
361 425 0
364 403 0
366 436 0
367 384 0
367 386 0
372 450 0
374 424 0
375 423 0
376 407 0
376 434 0
382 415 0
382 427 0
387 430 0
392 397 0
393 416 0
394 417 0
402 437 0
423 438 0
425 432 0
429 436 0
436 437 0
