100 114 0
1 12 0
2 9 0
2 49 0
3 76 0
4 6 0
4 19 0
4 59 0
4 79 0
4 89 0
5 51 0
6 39 0
6 47 0
6 95 0
7 17 0
7 23 0
7 25 0
7 57 0
8 77 0
9 12 0
9 58 0
9 59 0
9 62 0
10 12 0
11 35 0
11 40 0
11 45 0
11 70 0
11 81 0
12 27 0
12 89 0
12 97 0
13 78 0
14 33 0
15 19 0
15 25 0
15 52 0
15 85 0
16 39 0
18 95 0
19 60 0
20 72 0
21 47 0
22 83 0
24 36 0
25 51 0
25 83 0
26 53 0
27 29 0
27 56 0
28 53 0
29 32 0
29 54 0
29 60 0
30 36 0
30 93 0
31 95 0
33 61 0
33 85 0
33 93 0
34 71 0
35 96 0
36 72 0
36 80 0
36 85 0
37 78 0
38 67 0
39 82 0
39 91 0
41 51 0
42 65 0
43 94 0
44 65 0
46 72 0
47 79 0
47 92 0
48 76 0
49 73 0
50 71 0
51 64 0
52 67 0
52 72 0
52 73 0
53 66 0
53 85 0
55 67 0
55 83 0
56 81 0
57 69 0
59 65 0
59 78 0
60 71 0
60 81 0
63 77 0
65 74 0
67 84 0
67 99 0
68 72 0
68 91 0
69 94 0
70 95 0
71 86 0
73 87 0
73 100 0
75 78 0
76 89 0
76 96 0
77 81 0
77 90 0
78 79 0
82 99 0
83 88 0
84 89 0
89 94 0
94 98 0
