80 120 0
1 12 0
1 23 0
1 58 0
1 65 0
1 73 0
2 6 0
2 8 0
3 7 0
3 43 0
3 52 0
4 45 0
4 52 0
4 60 0
4 70 0
5 50 0
6 45 0
6 71 0
6 76 0
7 12 0
7 28 0
7 33 0
7 57 0
8 41 0
8 44 0
9 41 0
10 37 0
10 63 0
11 61 0
12 15 0
12 44 0
13 15 0
13 42 0
13 46 0
13 48 0
13 70 0
13 76 0
14 43 0
15 69 0
15 76 0
16 34 0
16 42 0
17 49 0
18 22 0
18 31 0
18 38 0
18 41 0
18 62 0
18 69 0
19 52 0
19 66 0
19 70 0
19 73 0
19 77 0
20 30 0
20 35 0
20 78 0
21 42 0
21 44 0
22 43 0
24 28 0
24 32 0
24 48 0
24 57 0
24 60 0
24 80 0
25 49 0
26 27 0
26 30 0
26 39 0
26 76 0
28 57 0
29 43 0
31 50 0
33 52 0
33 64 0
34 37 0
34 57 0
34 62 0
35 74 0
36 78 0
37 74 0
38 50 0
39 40 0
39 59 0
39 66 0
40 42 0
41 53 0
41 77 0
42 48 0
42 54 0
43 69 0
44 67 0
44 80 0
45 79 0
46 49 0
46 52 0
46 77 0
47 61 0
47 62 0
48 51 0
48 62 0
48 63 0
49 68 0
50 77 0
51 63 0
52 59 0
55 62 0
56 74 0
57 75 0
61 75 0
61 77 0
62 64 0
63 74 0
63 76 0
63 79 0
64 75 0
69 74 0
69 78 0
70 78 0
72 78 0
