80 106 0
1 15 0
1 16 0
1 21 0
1 47 0
2 80 0
3 44 0
3 74 0
4 16 0
4 64 0
5 47 0
6 7 0
6 8 0
6 9 0
6 15 0
6 29 0
7 25 0
8 14 0
8 17 0
8 20 0
8 39 0
8 70 0
9 19 0
9 55 0
9 65 0
10 18 0
10 20 0
10 35 0
10 42 0
10 75 0
11 29 0
12 15 0
12 48 0
12 54 0
12 70 0
13 41 0
15 18 0
16 23 0
16 26 0
16 41 0
16 76 0
18 44 0
18 52 0
18 65 0
19 30 0
20 49 0
21 57 0
21 73 0
21 79 0
22 24 0
22 54 0
23 53 0
24 27 0
24 43 0
24 61 0
24 69 0
25 48 0
25 58 0
25 61 0
27 31 0
27 54 0
27 80 0
28 44 0
28 53 0
29 49 0
29 56 0
29 74 0
30 36 0
30 52 0
30 61 0
31 36 0
31 38 0
31 40 0
32 33 0
32 41 0
33 41 0
34 41 0
34 54 0
34 68 0
34 72 0
35 56 0
37 67 0
37 68 0
42 50 0
42 63 0
44 78 0
45 48 0
45 63 0
45 66 0
45 71 0
46 52 0
47 60 0
47 70 0
48 56 0
48 74 0
50 53 0
50 54 0
50 77 0
51 56 0
52 67 0
56 59 0
56 76 0
59 63 0
59 69 0
60 77 0
62 80 0
64 80 0
