250 345 0
1 8 0
2 53 0
2 111 0
2 157 0
2 223 0
2 228 0
3 116 0
3 126 0
3 148 0
3 172 0
3 209 0
4 87 0
5 8 0
5 150 0
5 163 0
5 165 0
5 217 0
6 54 0
6 105 0
7 32 0
7 66 0
8 56 0
8 59 0
8 250 0
9 36 0
10 32 0
10 41 0
10 98 0
11 67 0
11 108 0
11 138 0
11 141 0
11 166 0
12 81 0
13 32 0
13 34 0
13 159 0
13 199 0
14 241 0
15 99 0
15 199 0
16 171 0
17 26 0
18 211 0
19 24 0
19 88 0
19 95 0
19 111 0
19 214 0
20 103 0
20 119 0
20 148 0
20 218 0
20 222 0
21 160 0
21 196 0
22 34 0
22 115 0
23 94 0
24 36 0
25 98 0
25 237 0
26 114 0
26 173 0
26 220 0
27 134 0
27 209 0
28 226 0
29 186 0
29 199 0
30 122 0
30 166 0
30 189 0
31 205 0
32 158 0
32 169 0
32 246 0
33 52 0
33 120 0
33 176 0
33 202 0
34 165 0
34 195 0
34 201 0
34 249 0
35 94 0
35 199 0
36 80 0
36 118 0
36 193 0
37 107 0
38 155 0
39 43 0
39 75 0
39 80 0
39 84 0
39 129 0
39 150 0
40 212 0
41 106 0
41 212 0
42 177 0
43 58 0
43 147 0
43 155 0
43 205 0
44 105 0
44 181 0
45 159 0
45 162 0
45 171 0
45 235 0
46 177 0
47 96 0
47 166 0
47 220 0
48 178 0
48 216 0
49 76 0
49 155 0
50 60 0
51 178 0
51 188 0
51 196 0
52 66 0
53 158 0
54 97 0
55 147 0
57 187 0
57 213 0
58 238 0
58 239 0
59 169 0
60 134 0
60 135 0
60 236 0
61 96 0
61 142 0
61 161 0
61 172 0
62 77 0
62 181 0
62 208 0
62 232 0
63 177 0
64 82 0
64 94 0
65 188 0
66 122 0
66 181 0
67 237 0
68 244 0
69 232 0
70 122 0
70 208 0
71 162 0
71 226 0
72 97 0
73 105 0
73 146 0
74 96 0
74 142 0
74 235 0
75 87 0
76 199 0
77 128 0
77 129 0
77 148 0
77 182 0
78 191 0
79 130 0
80 94 0
80 122 0
80 211 0
81 83 0
81 179 0
81 250 0
82 121 0
82 221 0
82 237 0
83 86 0
84 238 0
85 91 0
85 187 0
86 190 0
87 210 0
87 231 0
87 245 0
88 250 0
89 131 0
89 191 0
90 143 0
90 162 0
91 188 0
92 146 0
92 190 0
93 106 0
94 142 0
95 124 0
96 117 0
96 135 0
96 163 0
97 126 0
97 137 0
97 184 0
97 203 0
98 100 0
98 232 0
98 244 0
99 113 0
99 149 0
99 152 0
99 231 0
99 236 0
100 230 0
101 181 0
102 188 0
102 232 0
103 137 0
103 168 0
103 238 0
104 109 0
104 118 0
104 129 0
104 159 0
105 138 0
105 243 0
106 111 0
106 132 0
107 161 0
107 173 0
107 248 0
109 111 0
109 203 0
109 250 0
110 122 0
112 130 0
115 226 0
116 219 0
117 150 0
118 127 0
118 207 0
118 234 0
118 245 0
120 207 0
121 127 0
121 146 0
121 226 0
122 141 0
122 155 0
122 229 0
123 138 0
123 198 0
123 201 0
123 204 0
123 224 0
124 212 0
125 216 0
127 202 0
127 231 0
128 140 0
128 241 0
129 159 0
130 202 0
130 245 0
131 211 0
133 241 0
135 209 0
135 234 0
136 208 0
137 162 0
138 234 0
139 216 0
140 155 0
140 237 0
143 154 0
143 173 0
143 200 0
143 211 0
144 171 0
145 205 0
146 149 0
146 169 0
146 197 0
147 170 0
147 194 0
148 226 0
148 241 0
150 192 0
150 238 0
151 162 0
153 191 0
155 209 0
156 205 0
157 168 0
157 178 0
159 173 0
160 196 0
162 213 0
162 227 0
163 181 0
164 187 0
167 179 0
167 209 0
168 171 0
171 237 0
172 239 0
173 200 0
174 192 0
175 232 0
177 203 0
178 182 0
178 187 0
178 230 0
180 199 0
181 195 0
182 196 0
182 211 0
182 220 0
183 199 0
184 192 0
185 232 0
186 202 0
186 233 0
186 240 0
186 249 0
187 207 0
188 203 0
189 192 0
190 207 0
190 247 0
191 250 0
193 194 0
196 219 0
198 235 0
206 212 0
207 216 0
208 215 0
209 225 0
211 239 0
212 231 0
215 219 0
229 235 0
234 244 0
242 244 0
