250 273 0
1 16 0
1 79 0
1 133 0
1 239 0
2 102 0
2 197 0
3 191 0
4 225 0
5 177 0
6 72 0
6 179 0
6 199 0
7 17 0
7 37 0
7 174 0
7 190 0
8 130 0
8 165 0
8 183 0
8 212 0
9 91 0
9 104 0
9 192 0
9 250 0
10 191 0
11 28 0
12 51 0
12 57 0
12 75 0
12 122 0
12 229 0
13 25 0
14 59 0
14 90 0
14 101 0
14 121 0
15 171 0
16 67 0
16 87 0
16 219 0
18 102 0
18 229 0
18 234 0
18 243 0
19 133 0
20 96 0
21 193 0
22 204 0
23 100 0
23 121 0
23 231 0
23 242 0
24 206 0
25 132 0
25 158 0
25 163 0
25 244 0
26 73 0
27 193 0
28 62 0
28 139 0
28 217 0
29 97 0
29 125 0
29 178 0
29 245 0
30 72 0
30 109 0
30 119 0
30 154 0
31 199 0
32 128 0
33 78 0
34 242 0
35 100 0
36 81 0
36 153 0
37 63 0
37 73 0
37 81 0
37 229 0
38 243 0
39 101 0
39 185 0
39 215 0
39 229 0
40 144 0
41 54 0
41 149 0
41 179 0
41 217 0
41 241 0
42 59 0
42 128 0
42 129 0
42 225 0
43 46 0
43 80 0
43 90 0
43 166 0
44 207 0
45 56 0
45 200 0
45 236 0
45 240 0
46 142 0
47 52 0
47 191 0
48 85 0
49 202 0
50 102 0
51 83 0
51 114 0
51 180 0
52 112 0
53 171 0
55 81 0
56 81 0
56 202 0
56 215 0
57 127 0
57 172 0
57 196 0
58 194 0
59 192 0
59 205 0
60 138 0
61 96 0
63 140 0
63 153 0
63 221 0
64 75 0
65 78 0
65 79 0
65 96 0
65 191 0
66 167 0
68 243 0
69 187 0
70 177 0
71 242 0
73 110 0
73 208 0
74 222 0
75 111 0
75 192 0
75 209 0
76 78 0
77 234 0
78 164 0
79 101 0
79 244 0
81 143 0
82 129 0
84 90 0
84 170 0
84 210 0
84 230 0
84 246 0
85 115 0
85 124 0
85 152 0
85 238 0
86 222 0
88 207 0
89 122 0
90 193 0
91 159 0
92 194 0
92 200 0
93 133 0
94 187 0
95 134 0
96 124 0
97 201 0
98 155 0
99 167 0
100 159 0
100 213 0
102 201 0
102 219 0
103 239 0
105 128 0
105 211 0
106 206 0
107 204 0
108 239 0
109 169 0
109 207 0
109 215 0
112 118 0
112 146 0
112 187 0
113 158 0
113 185 0
113 189 0
113 194 0
115 138 0
115 144 0
115 185 0
116 144 0
117 231 0
118 123 0
120 129 0
121 130 0
121 187 0
122 216 0
122 230 0
123 222 0
125 177 0
125 185 0
125 212 0
125 220 0
126 189 0
128 203 0
129 137 0
130 134 0
130 206 0
131 135 0
131 136 0
131 141 0
131 205 0
133 186 0
134 233 0
134 235 0
138 218 0
138 223 0
142 204 0
144 179 0
145 158 0
147 202 0
148 189 0
150 225 0
151 220 0
155 175 0
155 237 0
155 244 0
156 207 0
157 239 0
158 160 0
158 197 0
161 171 0
161 189 0
162 231 0
167 182 0
167 192 0
167 234 0
168 169 0
168 223 0
169 214 0
169 226 0
171 176 0
171 217 0
173 177 0
181 202 0
184 234 0
188 220 0
189 223 0
193 198 0
194 248 0
195 231 0
199 205 0
199 224 0
204 205 0
206 211 0
213 246 0
215 217 0
220 247 0
222 244 0
225 232 0
227 242 0
228 243 0
234 249 0
