700 902 0
1 148 0
2 242 0
3 265 0
4 478 0
5 121 0
6 449 0
7 46 0
8 85 0
8 205 0
8 457 0
8 662 0
9 652 0
10 14 0
10 21 0
10 250 0
10 658 0
11 493 0
11 585 0
11 687 0
12 120 0
12 331 0
12 411 0
12 557 0
12 569 0
13 145 0
13 260 0
13 326 0
13 700 0
14 287 0
14 363 0
14 374 0
15 443 0
16 52 0
16 182 0
16 284 0
16 538 0
16 547 0
16 572 0
17 612 0
18 51 0
18 240 0
18 284 0
18 364 0
18 473 0
18 686 0
19 305 0
20 157 0
20 576 0
20 598 0
20 622 0
21 59 0
21 324 0
21 485 0
22 157 0
23 128 0
24 566 0
25 42 0
25 263 0
25 429 0
25 569 0
26 68 0
27 189 0
27 256 0
27 337 0
27 431 0
28 409 0
29 100 0
29 282 0
29 391 0
29 599 0
30 256 0
31 365 0
31 461 0
31 564 0
31 594 0
32 318 0
32 338 0
32 373 0
32 503 0
33 256 0
34 574 0
35 365 0
35 505 0
35 622 0
36 598 0
37 542 0
38 314 0
39 199 0
39 382 0
39 420 0
39 542 0
39 622 0
40 387 0
41 116 0
42 413 0
42 497 0
43 211 0
44 412 0
45 558 0
46 168 0
46 445 0
46 579 0
47 84 0
48 60 0
48 489 0
48 690 0
48 698 0
49 244 0
49 256 0
49 550 0
49 687 0
50 510 0
51 73 0
51 235 0
52 114 0
52 399 0
52 609 0
52 675 0
52 686 0
53 260 0
53 353 0
53 384 0
53 488 0
53 675 0
54 201 0
55 131 0
55 240 0
55 264 0
55 612 0
56 337 0
56 353 0
56 398 0
56 666 0
57 477 0
57 591 0
57 612 0
58 575 0
61 337 0
62 681 0
63 131 0
63 191 0
63 425 0
64 368 0
65 427 0
66 478 0
67 150 0
67 151 0
67 337 0
68 540 0
68 605 0
68 632 0
69 179 0
69 330 0
69 366 0
69 573 0
69 631 0
70 522 0
71 214 0
72 90 0
72 154 0
72 210 0
72 222 0
72 364 0
72 405 0
73 599 0
73 645 0
73 686 0
73 696 0
74 291 0
74 302 0
74 383 0
74 692 0
75 127 0
76 370 0
77 116 0
78 191 0
79 572 0
80 191 0
80 370 0
80 650 0
81 91 0
81 118 0
81 333 0
81 376 0
81 462 0
82 106 0
82 516 0
82 613 0
82 636 0
83 516 0
84 258 0
84 291 0
84 345 0
84 570 0
84 625 0
86 538 0
87 299 0
87 451 0
87 522 0
87 528 0
88 310 0
88 468 0
88 646 0
88 697 0
89 120 0
89 168 0
89 303 0
89 311 0
89 403 0
89 519 0
90 150 0
90 466 0
90 518 0
92 412 0
92 454 0
92 510 0
93 283 0
94 199 0
95 532 0
96 276 0
96 297 0
96 576 0
96 579 0
97 316 0
98 406 0
98 457 0
98 679 0
99 210 0
99 256 0
99 643 0
101 149 0
101 443 0
101 604 0
102 688 0
103 120 0
103 211 0
103 370 0
103 627 0
104 455 0
105 251 0
105 321 0
105 469 0
105 697 0
106 278 0
106 335 0
106 344 0
107 195 0
108 116 0
109 342 0
110 380 0
111 156 0
111 320 0
111 327 0
111 570 0
112 413 0
113 530 0
114 371 0
114 558 0
115 514 0
116 126 0
117 443 0
118 391 0
118 404 0
118 434 0
118 517 0
118 518 0
119 272 0
119 298 0
119 304 0
119 481 0
121 141 0
121 394 0
121 398 0
121 583 0
122 627 0
123 316 0
123 558 0
123 692 0
123 700 0
124 137 0
124 247 0
124 636 0
125 471 0
125 476 0
125 512 0
125 600 0
126 142 0
126 389 0
126 552 0
126 611 0
127 306 0
127 545 0
127 557 0
127 583 0
128 281 0
128 340 0
128 610 0
129 679 0
130 455 0
131 418 0
131 421 0
131 540 0
131 619 0
132 687 0
133 357 0
134 495 0
135 199 0
136 215 0
136 284 0
136 293 0
136 511 0
136 583 0
137 379 0
137 548 0
137 555 0
137 579 0
137 683 0
138 244 0
139 369 0
140 571 0
142 325 0
142 450 0
142 559 0
143 682 0
144 154 0
144 550 0
144 551 0
144 586 0
144 664 0
146 242 0
146 370 0
146 382 0
146 412 0
146 430 0
146 568 0
147 493 0
148 459 0
148 464 0
148 496 0
148 698 0
149 369 0
149 380 0
149 612 0
149 658 0
150 180 0
150 498 0
151 314 0
151 386 0
151 652 0
151 688 0
152 198 0
152 302 0
152 425 0
152 506 0
152 604 0
152 667 0
153 234 0
153 445 0
153 639 0
154 297 0
155 249 0
156 430 0
156 652 0
157 193 0
157 401 0
157 416 0
158 574 0
159 620 0
160 377 0
161 621 0
162 603 0
163 636 0
164 184 0
164 220 0
164 277 0
164 553 0
165 244 0
166 598 0
167 449 0
168 502 0
169 642 0
170 491 0
171 620 0
172 597 0
173 235 0
173 378 0
173 505 0
173 577 0
173 682 0
174 431 0
175 425 0
176 300 0
177 281 0
177 294 0
177 432 0
177 539 0
178 210 0
178 268 0
178 307 0
179 235 0
179 522 0
179 614 0
181 215 0
181 338 0
181 540 0
181 639 0
181 671 0
182 214 0
182 337 0
183 575 0
185 283 0
186 322 0
187 190 0
187 353 0
187 375 0
187 441 0
188 329 0
188 353 0
188 535 0
188 541 0
189 429 0
189 497 0
189 522 0
191 382 0
191 447 0
191 456 0
192 371 0
193 517 0
193 568 0
194 220 0
194 314 0
194 477 0
195 236 0
195 332 0
195 454 0
196 231 0
197 378 0
198 200 0
198 210 0
198 317 0
198 562 0
199 657 0
201 246 0
201 349 0
201 661 0
201 693 0
202 556 0
203 386 0
203 443 0
203 499 0
203 621 0
204 283 0
206 491 0
207 233 0
207 430 0
207 434 0
207 555 0
207 682 0
208 377 0
209 434 0
210 282 0
211 459 0
211 633 0
212 636 0
213 676 0
214 494 0
214 537 0
215 594 0
215 604 0
216 623 0
217 233 0
218 687 0
219 478 0
220 234 0
220 502 0
220 648 0
221 510 0
223 370 0
224 664 0
225 234 0
225 455 0
225 569 0
226 667 0
227 247 0
228 261 0
229 412 0
230 232 0
230 266 0
230 588 0
230 609 0
230 617 0
231 251 0
231 299 0
231 397 0
233 323 0
233 482 0
233 546 0
233 628 0
234 341 0
234 462 0
235 399 0
235 482 0
236 594 0
236 621 0
237 502 0
238 551 0
239 614 0
240 547 0
241 276 0
241 369 0
241 499 0
242 576 0
242 618 0
243 276 0
244 484 0
244 536 0
245 681 0
246 299 0
246 542 0
247 282 0
247 492 0
248 262 0
249 470 0
249 528 0
249 615 0
250 319 0
250 625 0
250 659 0
251 377 0
251 515 0
252 574 0
253 297 0
254 380 0
255 466 0
257 571 0
259 316 0
260 530 0
261 266 0
261 322 0
261 497 0
262 583 0
262 626 0
262 641 0
264 420 0
264 478 0
264 482 0
265 476 0
265 654 0
265 671 0
265 694 0
266 455 0
267 297 0
267 544 0
267 622 0
268 365 0
268 518 0
268 611 0
268 613 0
269 591 0
270 572 0
271 437 0
273 552 0
274 534 0
275 679 0
276 415 0
276 469 0
278 643 0
278 681 0
279 530 0
280 664 0
281 477 0
281 613 0
282 445 0
282 496 0
282 578 0
282 611 0
283 293 0
283 506 0
283 668 0
283 693 0
285 682 0
286 688 0
288 549 0
289 342 0
289 387 0
289 510 0
289 518 0
289 693 0
290 412 0
291 603 0
291 625 0
292 387 0
293 571 0
293 627 0
295 515 0
296 420 0
297 402 0
297 414 0
297 452 0
297 639 0
299 621 0
300 356 0
300 463 0
300 511 0
301 477 0
302 667 0
303 343 0
303 431 0
303 437 0
304 406 0
304 423 0
304 622 0
305 446 0
305 453 0
305 521 0
305 599 0
305 683 0
307 350 0
307 537 0
307 543 0
308 437 0
309 586 0
310 314 0
310 497 0
312 674 0
313 627 0
314 479 0
314 592 0
315 377 0
316 410 0
316 476 0
316 671 0
321 343 0
321 442 0
321 594 0
321 622 0
322 348 0
322 507 0
326 427 0
326 566 0
326 568 0
328 516 0
334 495 0
336 621 0
337 456 0
337 524 0
338 514 0
338 575 0
339 358 0
339 482 0
339 525 0
339 670 0
341 612 0
341 681 0
342 500 0
342 608 0
343 521 0
343 569 0
346 383 0
347 433 0
349 499 0
349 643 0
350 409 0
350 591 0
351 491 0
352 383 0
353 648 0
354 378 0
355 368 0
355 369 0
355 547 0
357 454 0
357 529 0
357 631 0
359 586 0
360 401 0
360 480 0
360 653 0
360 668 0
361 530 0
362 534 0
364 614 0
365 451 0
365 550 0
367 544 0
368 474 0
368 528 0
368 580 0
368 644 0
369 683 0
371 554 0
371 684 0
371 697 0
372 537 0
372 561 0
372 589 0
372 596 0
378 649 0
378 692 0
380 442 0
381 597 0
383 457 0
383 654 0
385 674 0
386 520 0
386 536 0
386 537 0
386 564 0
387 531 0
387 631 0
388 674 0
389 409 0
389 700 0
390 515 0
391 627 0
392 515 0
393 566 0
395 547 0
396 578 0
398 572 0
399 533 0
399 594 0
399 648 0
400 495 0
401 532 0
401 568 0
402 556 0
402 621 0
404 425 0
404 661 0
406 447 0
406 563 0
406 601 0
407 466 0
408 443 0
408 445 0
408 547 0
408 679 0
409 637 0
409 639 0
409 700 0
413 511 0
413 695 0
413 699 0
416 437 0
416 520 0
417 676 0
419 643 0
420 634 0
422 578 0
423 606 0
423 628 0
423 656 0
424 623 0
425 533 0
426 607 0
427 509 0
427 689 0
428 544 0
428 604 0
428 674 0
428 681 0
429 534 0
430 493 0
431 483 0
433 460 0
433 629 0
433 661 0
434 444 0
434 666 0
434 691 0
435 664 0
436 552 0
437 666 0
438 571 0
439 517 0
440 650 0
442 456 0
444 451 0
444 650 0
446 571 0
446 604 0
447 682 0
448 566 0
449 469 0
449 490 0
451 456 0
451 462 0
451 579 0
451 596 0
451 633 0
454 491 0
454 496 0
454 497 0
455 482 0
455 602 0
456 591 0
457 530 0
457 648 0
458 612 0
459 682 0
461 505 0
464 576 0
464 620 0
465 575 0
466 520 0
466 587 0
467 597 0
469 534 0
472 532 0
475 650 0
476 604 0
477 504 0
478 511 0
482 585 0
486 688 0
487 542 0
493 528 0
493 596 0
493 624 0
494 495 0
494 521 0
495 521 0
497 550 0
497 642 0
497 666 0
499 577 0
499 680 0
501 514 0
502 520 0
502 651 0
505 677 0
506 532 0
508 642 0
511 628 0
513 607 0
514 616 0
516 672 0
517 526 0
520 577 0
521 558 0
523 551 0
527 687 0
528 613 0
533 597 0
534 647 0
536 598 0
538 560 0
538 595 0
540 623 0
542 640 0
544 555 0
544 565 0
549 557 0
549 593 0
549 661 0
551 673 0
552 638 0
552 700 0
556 562 0
556 655 0
556 686 0
562 681 0
564 568 0
564 658 0
567 614 0
569 679 0
570 622 0
570 676 0
574 625 0
574 697 0
576 624 0
578 585 0
579 620 0
581 636 0
582 586 0
584 627 0
585 682 0
590 591 0
597 698 0
598 633 0
603 639 0
603 644 0
607 633 0
607 660 0
609 643 0
609 650 0
611 698 0
613 668 0
614 654 0
620 692 0
623 635 0
624 650 0
630 676 0
631 644 0
631 675 0
642 678 0
643 669 0
652 663 0
652 685 0
658 661 0
665 667 0
