250 297 0
1 118 0
1 181 0
1 222 0
2 65 0
2 209 0
3 12 0
3 128 0
3 200 0
3 214 0
4 118 0
5 63 0
5 101 0
5 114 0
5 181 0
6 28 0
6 87 0
6 116 0
6 201 0
7 19 0
7 110 0
8 164 0
9 212 0
10 148 0
11 59 0
13 199 0
13 244 0
14 21 0
14 27 0
14 59 0
15 123 0
15 239 0
16 154 0
17 48 0
18 219 0
19 95 0
19 129 0
19 145 0
19 226 0
20 38 0
21 215 0
22 37 0
23 89 0
23 209 0
23 227 0
23 230 0
23 247 0
24 36 0
24 42 0
24 104 0
24 204 0
24 225 0
25 54 0
26 132 0
26 212 0
27 55 0
27 101 0
27 150 0
29 215 0
30 32 0
30 47 0
30 89 0
30 156 0
30 246 0
31 45 0
31 147 0
33 173 0
34 69 0
35 177 0
36 154 0
36 189 0
36 219 0
37 51 0
37 132 0
37 147 0
38 40 0
38 128 0
38 171 0
38 216 0
39 94 0
39 169 0
40 53 0
40 61 0
40 62 0
40 233 0
40 239 0
41 112 0
41 245 0
42 94 0
43 208 0
44 69 0
45 77 0
45 95 0
45 126 0
46 71 0
48 134 0
48 139 0
48 217 0
49 54 0
50 72 0
50 81 0
50 88 0
50 205 0
52 215 0
53 70 0
53 188 0
53 192 0
54 196 0
54 206 0
55 238 0
56 178 0
57 59 0
57 157 0
57 178 0
57 189 0
58 239 0
59 112 0
59 185 0
60 121 0
61 228 0
62 157 0
64 219 0
65 99 0
65 100 0
65 158 0
66 170 0
66 171 0
67 240 0
68 79 0
69 109 0
69 163 0
71 79 0
71 127 0
71 158 0
71 213 0
72 96 0
73 131 0
73 139 0
73 160 0
73 248 0
74 228 0
75 79 0
75 143 0
75 164 0
75 202 0
75 228 0
76 111 0
76 212 0
78 240 0
79 85 0
79 117 0
79 177 0
80 170 0
82 157 0
82 196 0
83 228 0
84 121 0
86 173 0
87 151 0
88 115 0
88 151 0
88 222 0
88 242 0
89 124 0
89 177 0
90 120 0
90 138 0
90 146 0
90 180 0
90 206 0
91 177 0
92 246 0
93 101 0
93 124 0
93 128 0
93 158 0
94 130 0
94 140 0
94 224 0
95 125 0
95 202 0
96 142 0
97 108 0
98 208 0
101 127 0
101 208 0
102 124 0
102 162 0
102 202 0
103 154 0
105 142 0
105 202 0
106 151 0
106 164 0
107 207 0
108 136 0
108 137 0
108 207 0
109 166 0
109 195 0
109 215 0
110 197 0
110 203 0
110 220 0
111 208 0
111 217 0
111 243 0
113 115 0
113 208 0
114 154 0
115 241 0
115 250 0
118 128 0
118 238 0
119 175 0
121 135 0
121 139 0
122 198 0
123 166 0
124 151 0
125 155 0
125 163 0
125 168 0
125 244 0
128 199 0
130 157 0
132 173 0
133 240 0
139 233 0
140 170 0
140 195 0
140 198 0
141 174 0
142 147 0
142 149 0
143 199 0
144 164 0
144 185 0
146 177 0
147 175 0
147 233 0
148 153 0
148 193 0
148 206 0
151 203 0
151 207 0
152 194 0
152 201 0
152 211 0
152 218 0
154 187 0
158 174 0
159 173 0
159 195 0
159 212 0
159 232 0
161 198 0
162 189 0
162 195 0
162 233 0
165 245 0
166 221 0
166 236 0
167 175 0
167 192 0
169 199 0
170 237 0
172 246 0
173 191 0
174 190 0
174 229 0
175 234 0
176 232 0
178 183 0
178 243 0
179 242 0
182 245 0
184 198 0
186 239 0
188 190 0
189 201 0
192 217 0
194 207 0
201 240 0
202 206 0
202 227 0
203 245 0
203 246 0
207 227 0
209 249 0
210 242 0
219 249 0
222 223 0
222 232 0
222 239 0
223 246 0
231 232 0
235 242 0
