900 944 0
1 840 0
2 455 0
3 221 0
4 117 0
5 122 0
6 191 0
7 530 0
8 50 0
8 59 0
8 273 0
8 356 0
8 685 0
9 611 0
10 715 0
11 500 0
12 136 0
13 721 0
14 261 0
15 846 0
16 840 0
17 757 0
18 174 0
19 600 0
19 730 0
19 767 0
19 769 0
19 814 0
20 450 0
21 877 0
22 194 0
22 331 0
22 452 0
22 547 0
23 848 0
24 548 0
25 759 0
26 118 0
26 151 0
26 444 0
26 524 0
27 452 0
27 467 0
27 473 0
27 748 0
28 639 0
29 338 0
29 492 0
29 680 0
29 889 0
30 80 0
30 214 0
30 243 0
30 858 0
31 518 0
32 207 0
32 222 0
32 258 0
32 590 0
33 433 0
33 707 0
33 762 0
33 818 0
34 316 0
34 329 0
34 647 0
34 726 0
35 337 0
35 612 0
35 824 0
35 831 0
36 532 0
37 721 0
38 135 0
39 245 0
40 723 0
41 706 0
42 201 0
42 471 0
42 860 0
43 433 0
44 176 0
45 676 0
46 408 0
47 862 0
48 97 0
48 245 0
48 281 0
48 334 0
48 808 0
49 203 0
49 351 0
49 617 0
49 702 0
51 315 0
51 324 0
51 569 0
51 776 0
52 611 0
53 205 0
54 56 0
54 161 0
54 422 0
54 520 0
54 809 0
55 391 0
57 431 0
58 230 0
60 103 0
60 396 0
60 677 0
60 688 0
61 228 0
62 427 0
63 337 0
63 554 0
63 664 0
63 681 0
64 216 0
65 236 0
66 518 0
67 181 0
68 612 0
69 116 0
69 479 0
69 724 0
69 812 0
70 375 0
71 436 0
72 824 0
73 760 0
74 429 0
75 179 0
76 346 0
77 169 0
77 743 0
77 795 0
77 802 0
78 711 0
79 175 0
81 761 0
82 831 0
83 586 0
84 189 0
84 473 0
84 821 0
84 890 0
85 236 0
86 157 0
86 190 0
86 520 0
86 640 0
86 871 0
87 174 0
88 618 0
89 614 0
90 185 0
91 132 0
92 162 0
93 408 0
94 237 0
95 537 0
96 261 0
97 553 0
97 807 0
98 271 0
98 298 0
98 447 0
98 466 0
98 739 0
99 712 0
100 276 0
100 622 0
100 845 0
101 545 0
102 840 0
104 205 0
104 337 0
104 675 0
104 886 0
105 179 0
105 653 0
105 756 0
105 841 0
106 610 0
106 717 0
106 734 0
106 871 0
107 676 0
108 751 0
109 132 0
110 263 0
111 219 0
111 356 0
111 660 0
111 673 0
111 718 0
112 307 0
112 330 0
112 539 0
112 761 0
113 348 0
114 399 0
115 823 0
116 200 0
116 822 0
116 864 0
117 134 0
117 224 0
117 491 0
118 381 0
118 538 0
118 823 0
119 233 0
119 267 0
119 377 0
119 392 0
119 422 0
119 631 0
120 370 0
120 825 0
120 826 0
120 843 0
121 753 0
122 361 0
122 663 0
122 749 0
123 675 0
124 193 0
124 546 0
124 547 0
124 844 0
125 375 0
126 497 0
127 616 0
128 354 0
128 725 0
129 825 0
130 498 0
130 589 0
130 700 0
130 729 0
131 553 0
132 244 0
132 323 0
133 318 0
135 754 0
135 805 0
135 829 0
136 198 0
136 384 0
136 740 0
137 418 0
138 172 0
138 404 0
138 547 0
138 804 0
139 392 0
139 423 0
139 480 0
139 562 0
140 343 0
140 416 0
140 488 0
140 648 0
141 236 0
141 532 0
141 629 0
141 866 0
142 824 0
143 177 0
143 394 0
143 795 0
143 798 0
144 742 0
145 706 0
146 327 0
147 419 0
148 505 0
149 757 0
150 489 0
152 827 0
153 877 0
154 419 0
155 292 0
156 489 0
156 618 0
156 639 0
156 646 0
156 730 0
157 337 0
157 596 0
157 860 0
158 188 0
158 713 0
158 779 0
158 900 0
159 831 0
160 495 0
162 190 0
162 296 0
162 549 0
163 587 0
164 537 0
165 312 0
166 681 0
167 399 0
168 237 0
170 881 0
171 504 0
171 596 0
171 611 0
171 794 0
171 817 0
173 359 0
173 373 0
173 658 0
173 757 0
174 510 0
174 515 0
175 351 0
175 578 0
175 775 0
176 241 0
176 439 0
176 523 0
178 528 0
179 268 0
179 543 0
180 218 0
180 233 0
180 253 0
180 467 0
181 593 0
181 667 0
181 769 0
182 260 0
182 270 0
182 539 0
182 861 0
183 694 0
184 792 0
185 291 0
185 438 0
185 845 0
186 363 0
187 886 0
189 318 0
189 884 0
190 261 0
191 299 0
191 350 0
191 888 0
192 230 0
194 263 0
194 427 0
194 840 0
195 264 0
195 468 0
195 815 0
195 893 0
196 622 0
197 866 0
198 551 0
198 627 0
198 721 0
199 367 0
199 408 0
199 500 0
201 607 0
201 654 0
201 707 0
202 768 0
204 482 0
204 562 0
204 695 0
204 700 0
205 461 0
205 470 0
206 344 0
208 694 0
209 373 0
210 753 0
211 447 0
211 467 0
211 565 0
211 645 0
211 670 0
212 790 0
213 614 0
214 408 0
214 689 0
214 707 0
215 286 0
216 474 0
216 503 0
216 820 0
217 817 0
220 831 0
221 234 0
221 284 0
221 396 0
223 807 0
224 391 0
224 709 0
224 884 0
225 616 0
226 664 0
227 352 0
227 443 0
227 709 0
227 877 0
228 315 0
228 529 0
228 594 0
229 768 0
230 410 0
230 547 0
231 599 0
232 881 0
233 312 0
235 508 0
236 703 0
237 472 0
237 888 0
238 635 0
238 662 0
238 828 0
238 829 0
239 505 0
240 783 0
242 346 0
244 370 0
244 548 0
244 827 0
245 279 0
245 597 0
246 843 0
247 886 0
248 505 0
249 479 0
250 786 0
251 372 0
252 793 0
254 461 0
254 557 0
254 576 0
254 748 0
254 870 0
255 270 0
256 894 0
257 272 0
258 527 0
258 528 0
258 538 0
259 537 0
260 278 0
260 638 0
260 799 0
261 550 0
261 647 0
262 818 0
263 332 0
263 435 0
263 794 0
264 367 0
264 712 0
264 790 0
264 812 0
265 434 0
266 756 0
269 307 0
270 288 0
270 628 0
271 372 0
271 592 0
271 596 0
272 480 0
272 535 0
272 849 0
273 348 0
273 510 0
273 802 0
274 301 0
275 305 0
275 396 0
275 451 0
275 584 0
276 486 0
276 531 0
276 615 0
276 640 0
277 455 0
280 352 0
281 296 0
281 452 0
281 795 0
282 722 0
283 751 0
285 508 0
286 510 0
286 746 0
286 763 0
287 854 0
289 523 0
289 542 0
289 571 0
289 575 0
290 325 0
290 663 0
290 887 0
292 423 0
292 441 0
292 460 0
293 495 0
294 742 0
295 381 0
296 346 0
296 881 0
297 823 0
300 372 0
301 309 0
301 678 0
301 748 0
302 760 0
303 817 0
304 583 0
306 807 0
307 714 0
307 813 0
308 823 0
310 489 0
311 315 0
311 634 0
311 832 0
311 885 0
312 333 0
312 406 0
312 819 0
313 443 0
314 629 0
314 715 0
314 722 0
314 760 0
315 894 0
317 706 0
318 564 0
318 888 0
318 892 0
319 354 0
320 327 0
321 479 0
322 756 0
326 530 0
327 857 0
327 885 0
328 554 0
330 401 0
330 765 0
330 773 0
331 341 0
331 505 0
331 518 0
334 402 0
334 459 0
334 461 0
334 478 0
335 429 0
336 434 0
339 464 0
340 653 0
341 413 0
341 736 0
341 865 0
342 861 0
344 473 0
344 642 0
344 782 0
345 826 0
346 378 0
347 663 0
348 374 0
348 465 0
349 675 0
351 690 0
351 812 0
352 501 0
352 784 0
353 824 0
354 613 0
354 801 0
354 885 0
355 700 0
355 731 0
355 863 0
355 872 0
356 596 0
356 694 0
357 457 0
357 566 0
357 834 0
357 899 0
358 786 0
359 374 0
359 654 0
359 663 0
359 879 0
360 825 0
362 712 0
363 392 0
363 469 0
363 516 0
364 611 0
365 458 0
366 851 0
367 853 0
367 894 0
368 803 0
369 450 0
370 396 0
370 654 0
371 583 0
372 708 0
373 385 0
373 811 0
374 622 0
374 768 0
375 510 0
375 745 0
376 808 0
379 783 0
380 791 0
381 684 0
381 833 0
382 724 0
383 689 0
386 419 0
386 500 0
386 707 0
386 853 0
387 408 0
388 791 0
389 553 0
390 561 0
390 665 0
390 680 0
390 832 0
391 446 0
391 536 0
392 464 0
393 623 0
395 690 0
397 528 0
398 458 0
399 473 0
399 490 0
400 427 0
403 443 0
405 681 0
406 646 0
406 803 0
406 851 0
407 866 0
409 548 0
411 618 0
412 431 0
414 884 0
415 525 0
416 458 0
416 538 0
416 676 0
417 658 0
418 666 0
418 693 0
418 868 0
419 699 0
420 725 0
421 777 0
422 429 0
423 436 0
423 742 0
424 792 0
425 843 0
426 464 0
427 507 0
428 883 0
429 482 0
430 508 0
431 520 0
431 771 0
432 530 0
433 674 0
433 730 0
434 640 0
434 785 0
436 481 0
436 591 0
437 846 0
440 723 0
442 585 0
442 634 0
442 781 0
442 797 0
443 896 0
445 455 0
447 742 0
448 690 0
449 826 0
450 482 0
450 897 0
452 471 0
453 639 0
454 614 0
455 713 0
456 697 0
458 850 0
462 697 0
463 477 0
464 499 0
467 580 0
471 562 0
471 625 0
475 626 0
476 848 0
477 695 0
477 732 0
477 788 0
479 608 0
479 672 0
480 586 0
480 614 0
482 508 0
483 854 0
484 853 0
485 627 0
487 711 0
489 752 0
493 883 0
494 761 0
495 544 0
495 665 0
496 641 0
497 727 0
497 738 0
497 769 0
500 570 0
502 612 0
503 616 0
503 709 0
503 711 0
504 522 0
504 603 0
504 810 0
506 612 0
509 825 0
510 551 0
511 639 0
512 518 0
513 664 0
514 827 0
517 545 0
519 619 0
520 525 0
521 689 0
523 841 0
523 854 0
525 572 0
525 637 0
525 666 0
526 848 0
527 816 0
527 839 0
527 891 0
528 710 0
530 871 0
532 656 0
532 842 0
533 751 0
534 854 0
537 665 0
538 620 0
539 620 0
539 845 0
540 886 0
541 757 0
545 561 0
545 632 0
547 822 0
548 758 0
551 620 0
551 868 0
552 762 0
553 700 0
553 744 0
554 830 0
554 869 0
555 777 0
556 803 0
558 808 0
559 793 0
560 826 0
561 583 0
561 791 0
562 812 0
563 853 0
566 607 0
566 783 0
566 786 0
567 881 0
568 777 0
573 651 0
574 586 0
577 587 0
579 694 0
580 774 0
580 859 0
580 895 0
581 851 0
582 724 0
583 878 0
586 741 0
587 636 0
587 713 0
588 761 0
592 661 0
592 699 0
592 764 0
592 836 0
595 762 0
598 818 0
599 634 0
599 735 0
599 879 0
601 641 0
602 622 0
604 827 0
605 616 0
606 721 0
607 647 0
607 888 0
608 654 0
608 791 0
609 681 0
618 852 0
619 683 0
619 847 0
619 868 0
620 860 0
621 646 0
621 651 0
621 792 0
621 883 0
622 802 0
623 630 0
623 640 0
623 660 0
623 876 0
624 725 0
625 646 0
625 709 0
625 841 0
626 659 0
626 665 0
626 701 0
627 750 0
627 855 0
629 769 0
629 832 0
630 818 0
630 862 0
633 724 0
634 759 0
641 666 0
641 875 0
641 885 0
643 658 0
644 712 0
647 725 0
649 790 0
650 790 0
651 835 0
651 867 0
652 846 0
653 778 0
653 873 0
654 829 0
655 760 0
657 715 0
657 723 0
657 817 0
658 720 0
660 853 0
664 789 0
668 884 0
669 723 0
671 786 0
675 882 0
676 787 0
679 759 0
680 793 0
680 848 0
682 722 0
686 793 0
687 884 0
689 880 0
690 796 0
691 851 0
692 722 0
695 777 0
695 822 0
695 862 0
696 768 0
697 699 0
697 748 0
697 806 0
698 711 0
704 792 0
705 861 0
706 829 0
713 841 0
715 898 0
716 877 0
719 894 0
723 795 0
728 783 0
733 818 0
737 803 0
747 862 0
751 868 0
753 800 0
753 871 0
755 862 0
756 856 0
759 780 0
762 874 0
766 817 0
770 866 0
772 883 0
794 843 0
795 879 0
807 845 0
808 837 0
832 860 0
838 861 0
845 846 0
