600 787 0
1 78 0
1 202 0
1 227 0
1 299 0
2 78 0
2 90 0
2 243 0
2 520 0
3 175 0
3 184 0
3 279 0
3 339 0
3 417 0
4 117 0
5 50 0
5 97 0
5 514 0
6 158 0
6 194 0
6 402 0
6 482 0
7 92 0
8 388 0
9 13 0
10 31 0
10 207 0
10 214 0
10 416 0
10 475 0
10 482 0
11 154 0
12 64 0
12 96 0
12 283 0
12 401 0
12 422 0
12 599 0
13 64 0
13 112 0
13 153 0
13 365 0
13 366 0
14 541 0
15 357 0
16 238 0
16 367 0
16 409 0
17 267 0
18 79 0
18 190 0
18 203 0
18 294 0
18 435 0
19 29 0
19 225 0
19 296 0
19 383 0
19 444 0
19 464 0
19 513 0
19 586 0
20 351 0
21 62 0
21 154 0
21 253 0
21 479 0
22 40 0
23 166 0
24 409 0
25 176 0
26 213 0
26 245 0
26 294 0
27 101 0
28 331 0
28 334 0
28 422 0
28 530 0
28 544 0
29 132 0
29 145 0
29 368 0
30 99 0
32 63 0
32 350 0
32 384 0
32 499 0
33 110 0
33 391 0
33 401 0
33 461 0
34 73 0
35 54 0
36 575 0
37 192 0
38 160 0
38 177 0
38 428 0
38 572 0
39 537 0
40 366 0
40 418 0
40 473 0
40 509 0
40 587 0
41 108 0
42 428 0
42 476 0
42 518 0
42 543 0
43 157 0
43 307 0
43 361 0
43 443 0
44 181 0
45 50 0
46 55 0
46 320 0
46 448 0
46 504 0
47 190 0
47 264 0
47 342 0
47 351 0
48 203 0
48 352 0
48 392 0
48 514 0
49 78 0
49 215 0
49 317 0
49 451 0
50 137 0
50 161 0
50 410 0
51 220 0
51 260 0
51 356 0
51 569 0
52 218 0
53 79 0
53 398 0
53 474 0
53 548 0
54 112 0
54 319 0
54 429 0
54 485 0
55 140 0
55 250 0
55 267 0
56 186 0
57 143 0
57 214 0
57 228 0
57 293 0
57 444 0
57 598 0
58 139 0
59 144 0
60 269 0
60 332 0
60 421 0
60 440 0
61 333 0
62 353 0
62 490 0
62 550 0
62 554 0
64 192 0
65 174 0
66 538 0
67 166 0
68 132 0
68 245 0
68 249 0
68 272 0
68 384 0
68 485 0
69 359 0
70 164 0
70 169 0
70 287 0
70 396 0
71 390 0
72 268 0
72 374 0
72 381 0
72 545 0
73 194 0
73 321 0
73 573 0
74 165 0
74 318 0
74 384 0
74 489 0
74 595 0
75 218 0
76 92 0
77 357 0
78 273 0
78 297 0
79 201 0
80 322 0
80 380 0
80 406 0
80 415 0
80 495 0
80 551 0
81 149 0
81 282 0
81 304 0
81 474 0
82 312 0
83 194 0
83 264 0
83 531 0
84 153 0
84 171 0
84 220 0
84 599 0
85 178 0
85 272 0
85 378 0
86 552 0
87 168 0
88 250 0
89 285 0
91 176 0
92 375 0
92 529 0
92 584 0
93 327 0
94 176 0
95 238 0
96 124 0
96 347 0
96 458 0
97 191 0
97 278 0
97 431 0
97 447 0
98 153 0
98 265 0
98 460 0
98 508 0
98 584 0
99 150 0
99 171 0
99 284 0
99 370 0
99 394 0
99 591 0
100 190 0
100 214 0
100 325 0
100 545 0
101 111 0
101 120 0
101 194 0
102 555 0
103 526 0
104 254 0
105 580 0
106 128 0
107 537 0
108 185 0
108 275 0
108 542 0
109 213 0
109 217 0
109 228 0
109 440 0
111 392 0
111 593 0
112 124 0
113 406 0
114 117 0
114 297 0
114 359 0
114 580 0
115 495 0
116 152 0
116 212 0
116 542 0
116 600 0
117 125 0
117 147 0
118 330 0
119 131 0
119 241 0
119 486 0
119 509 0
121 217 0
121 257 0
121 276 0
121 315 0
121 452 0
122 517 0
123 160 0
123 267 0
123 335 0
123 529 0
124 126 0
124 158 0
124 326 0
124 564 0
126 267 0
126 390 0
127 392 0
128 196 0
128 272 0
128 482 0
129 213 0
129 259 0
129 333 0
130 340 0
130 347 0
130 507 0
130 582 0
132 341 0
132 502 0
132 540 0
133 264 0
134 158 0
134 173 0
134 373 0
134 385 0
135 141 0
135 191 0
135 209 0
135 336 0
135 347 0
136 171 0
136 351 0
136 409 0
137 259 0
137 380 0
137 391 0
137 426 0
138 575 0
139 215 0
139 400 0
139 483 0
139 533 0
139 566 0
140 191 0
140 213 0
140 487 0
140 582 0
142 271 0
143 305 0
143 312 0
144 298 0
144 440 0
144 501 0
145 370 0
145 436 0
145 484 0
145 488 0
146 514 0
148 154 0
151 325 0
152 422 0
152 453 0
152 503 0
152 563 0
152 578 0
153 211 0
154 196 0
154 512 0
154 582 0
155 175 0
156 162 0
156 168 0
156 210 0
156 212 0
156 404 0
156 598 0
157 184 0
157 192 0
158 192 0
158 534 0
158 584 0
159 413 0
160 571 0
162 259 0
162 476 0
162 498 0
163 426 0
165 210 0
165 280 0
166 449 0
166 509 0
166 531 0
166 556 0
167 568 0
168 231 0
168 295 0
168 585 0
170 183 0
170 190 0
170 312 0
170 345 0
170 412 0
171 239 0
171 311 0
171 555 0
172 264 0
174 228 0
174 382 0
174 588 0
175 371 0
175 500 0
176 542 0
178 193 0
178 281 0
178 567 0
179 390 0
180 580 0
181 182 0
181 200 0
181 247 0
182 222 0
182 359 0
183 313 0
183 586 0
184 243 0
184 244 0
184 402 0
184 428 0
184 554 0
186 220 0
186 262 0
186 472 0
187 292 0
188 341 0
189 285 0
190 319 0
190 545 0
191 526 0
192 305 0
192 515 0
193 219 0
193 584 0
194 285 0
195 291 0
196 210 0
197 426 0
197 537 0
197 580 0
198 339 0
199 514 0
200 367 0
200 368 0
200 514 0
201 270 0
201 378 0
201 492 0
201 554 0
203 287 0
203 335 0
203 487 0
203 586 0
204 498 0
205 580 0
206 230 0
206 339 0
206 460 0
207 228 0
207 247 0
208 593 0
210 338 0
210 358 0
210 571 0
211 455 0
211 479 0
211 501 0
211 560 0
212 369 0
212 513 0
213 219 0
213 297 0
215 401 0
216 313 0
217 541 0
217 593 0
218 283 0
218 447 0
218 456 0
219 279 0
219 485 0
220 568 0
221 247 0
222 401 0
222 425 0
222 468 0
222 528 0
223 397 0
224 325 0
226 266 0
228 236 0
228 311 0
229 238 0
229 266 0
229 280 0
229 340 0
229 404 0
230 272 0
230 283 0
230 364 0
230 437 0
230 460 0
232 327 0
233 526 0
234 397 0
235 359 0
236 363 0
236 583 0
236 585 0
237 308 0
238 340 0
238 553 0
238 558 0
239 433 0
239 505 0
239 574 0
240 263 0
242 322 0
243 303 0
243 402 0
243 561 0
244 519 0
244 545 0
245 463 0
245 466 0
246 495 0
247 380 0
247 444 0
248 271 0
249 272 0
249 403 0
250 434 0
250 592 0
251 519 0
252 359 0
253 273 0
253 317 0
253 361 0
253 450 0
254 362 0
254 467 0
254 487 0
254 493 0
255 594 0
256 403 0
258 441 0
259 418 0
259 561 0
261 379 0
261 423 0
261 459 0
261 535 0
263 415 0
263 457 0
263 531 0
263 535 0
263 566 0
266 449 0
266 531 0
266 577 0
271 283 0
271 471 0
271 479 0
273 409 0
274 285 0
277 280 0
279 344 0
279 408 0
279 536 0
280 286 0
280 407 0
280 439 0
281 313 0
281 397 0
281 463 0
283 296 0
283 551 0
285 317 0
285 394 0
287 538 0
287 594 0
288 310 0
288 335 0
288 349 0
288 462 0
289 343 0
289 485 0
289 547 0
289 559 0
289 598 0
290 552 0
291 438 0
291 545 0
291 591 0
292 344 0
292 478 0
292 494 0
292 527 0
292 554 0
294 402 0
294 599 0
296 495 0
297 542 0
300 341 0
301 537 0
302 594 0
303 392 0
303 530 0
305 384 0
305 441 0
306 538 0
308 376 0
308 465 0
308 529 0
309 322 0
311 342 0
312 597 0
313 600 0
314 498 0
315 380 0
315 439 0
315 493 0
316 330 0
319 384 0
322 481 0
322 561 0
323 430 0
324 439 0
324 541 0
324 594 0
325 401 0
325 585 0
327 384 0
327 411 0
328 430 0
329 442 0
330 422 0
330 503 0
333 399 0
333 418 0
333 485 0
335 362 0
335 387 0
335 519 0
337 406 0
339 503 0
339 522 0
341 355 0
341 437 0
342 348 0
342 565 0
342 566 0
344 351 0
344 445 0
345 480 0
345 511 0
345 570 0
346 540 0
351 496 0
352 439 0
352 469 0
352 510 0
354 403 0
357 372 0
357 513 0
357 535 0
360 502 0
361 378 0
361 466 0
361 579 0
361 600 0
362 387 0
366 509 0
367 386 0
367 454 0
367 533 0
367 571 0
368 552 0
370 442 0
377 426 0
378 445 0
378 542 0
380 402 0
380 564 0
384 437 0
387 527 0
387 596 0
388 436 0
388 506 0
388 525 0
389 517 0
390 445 0
390 474 0
391 540 0
392 586 0
393 458 0
394 579 0
395 575 0
397 457 0
397 534 0
401 591 0
403 582 0
404 474 0
404 599 0
405 413 0
405 436 0
405 521 0
406 524 0
409 464 0
411 412 0
411 457 0
412 449 0
412 571 0
412 581 0
413 428 0
413 432 0
414 498 0
415 527 0
417 485 0
417 555 0
419 502 0
420 521 0
424 555 0
427 540 0
429 441 0
429 493 0
430 470 0
430 529 0
435 464 0
435 493 0
435 533 0
436 441 0
436 466 0
440 537 0
441 532 0
442 482 0
442 539 0
446 593 0
447 517 0
452 479 0
452 579 0
457 538 0
458 545 0
458 590 0
460 519 0
463 509 0
463 535 0
464 521 0
466 529 0
470 541 0
470 542 0
476 493 0
477 538 0
491 514 0
493 498 0
493 517 0
495 527 0
497 579 0
501 538 0
502 523 0
516 541 0
519 546 0
519 550 0
521 534 0
521 549 0
526 530 0
530 586 0
533 575 0
538 550 0
540 589 0
541 551 0
542 552 0
557 568 0
562 593 0
564 591 0
568 576 0
