40 71 0
1 7 0
1 24 0
1 30 0
2 17 0
2 20 0
2 39 0
3 4 0
3 6 0
3 10 0
3 32 0
4 9 0
4 16 0
4 19 0
4 28 0
5 36 0
6 14 0
6 15 0
6 30 0
6 40 0
7 20 0
7 22 0
8 40 0
9 16 0
9 18 0
9 29 0
10 20 0
10 24 0
10 30 0
10 36 0
11 23 0
11 28 0
12 16 0
12 19 0
12 30 0
13 24 0
13 39 0
13 40 0
14 25 0
14 27 0
14 32 0
14 33 0
14 38 0
14 39 0
15 30 0
17 20 0
18 21 0
18 31 0
19 23 0
19 25 0
19 31 0
19 35 0
19 37 0
20 28 0
20 30 0
21 32 0
21 36 0
22 40 0
23 40 0
24 25 0
24 39 0
25 31 0
26 28 0
27 31 0
27 32 0
27 35 0
28 35 0
28 39 0
32 39 0
34 40 0
36 38 0
36 40 0
