140 229 0
1 89 0
2 34 0
2 53 0
2 96 0
2 97 0
2 110 0
2 123 0
3 10 0
3 49 0
3 51 0
3 111 0
3 113 0
4 12 0
4 86 0
4 99 0
4 106 0
4 116 0
5 78 0
5 93 0
5 95 0
5 108 0
5 115 0
5 118 0
5 130 0
6 21 0
6 31 0
6 69 0
6 115 0
7 71 0
8 28 0
8 39 0
8 69 0
8 79 0
8 85 0
8 126 0
9 71 0
9 88 0
10 67 0
10 105 0
11 25 0
11 51 0
11 74 0
11 109 0
12 47 0
12 49 0
12 69 0
12 84 0
12 100 0
12 131 0
13 41 0
13 50 0
13 91 0
14 27 0
14 77 0
14 87 0
14 96 0
14 127 0
15 29 0
15 60 0
15 131 0
16 24 0
16 41 0
16 67 0
16 102 0
16 107 0
17 26 0
17 30 0
17 38 0
17 59 0
18 56 0
18 81 0
18 90 0
18 140 0
19 27 0
19 80 0
19 83 0
20 30 0
20 89 0
21 57 0
21 104 0
21 121 0
22 107 0
22 124 0
22 128 0
22 136 0
23 72 0
23 101 0
25 64 0
25 101 0
26 29 0
26 30 0
26 95 0
26 122 0
26 125 0
26 139 0
27 50 0
27 67 0
27 94 0
28 75 0
28 123 0
29 93 0
29 129 0
29 132 0
30 108 0
31 47 0
32 38 0
32 69 0
33 101 0
33 116 0
34 42 0
34 133 0
35 38 0
35 85 0
35 93 0
35 112 0
36 137 0
37 52 0
37 109 0
38 88 0
38 126 0
39 124 0
40 65 0
40 93 0
40 106 0
40 117 0
42 77 0
42 97 0
43 137 0
43 139 0
44 96 0
45 77 0
46 124 0
47 76 0
47 97 0
47 115 0
47 127 0
48 54 0
48 112 0
50 60 0
51 60 0
51 64 0
51 80 0
51 96 0
52 64 0
53 66 0
53 80 0
53 99 0
54 83 0
54 130 0
54 134 0
55 83 0
55 132 0
57 129 0
58 85 0
59 96 0
59 110 0
60 62 0
60 81 0
60 98 0
60 106 0
61 95 0
61 109 0
61 130 0
61 134 0
63 86 0
64 94 0
65 69 0
65 81 0
65 104 0
65 137 0
66 77 0
67 93 0
67 139 0
68 75 0
69 76 0
69 137 0
70 83 0
70 97 0
71 103 0
71 104 0
72 82 0
72 97 0
72 113 0
72 120 0
72 128 0
73 116 0
74 85 0
75 80 0
75 91 0
76 84 0
76 99 0
76 123 0
76 136 0
77 122 0
78 83 0
78 93 0
78 106 0
78 132 0
80 93 0
80 122 0
81 121 0
81 124 0
82 85 0
83 92 0
86 95 0
86 113 0
86 117 0
86 133 0
87 112 0
89 102 0
89 122 0
89 123 0
89 134 0
91 105 0
95 136 0
96 135 0
97 106 0
101 127 0
101 139 0
102 116 0
104 109 0
105 139 0
108 114 0
112 138 0
114 124 0
119 137 0
123 137 0
124 139 0
129 132 0
