400 489 0
1 143 0
2 305 0
2 357 0
2 390 0
2 398 0
3 152 0
4 121 0
4 221 0
4 342 0
4 350 0
5 49 0
5 116 0
5 136 0
5 171 0
5 287 0
6 19 0
6 169 0
6 247 0
6 316 0
7 113 0
7 209 0
7 257 0
7 368 0
8 143 0
8 330 0
9 18 0
9 108 0
9 198 0
9 250 0
9 357 0
10 62 0
10 81 0
10 212 0
10 256 0
11 262 0
12 81 0
12 225 0
12 262 0
12 399 0
13 111 0
14 202 0
14 310 0
14 366 0
14 373 0
15 68 0
16 269 0
17 349 0
17 360 0
20 102 0
21 78 0
22 23 0
22 275 0
23 63 0
23 111 0
23 150 0
23 238 0
24 188 0
25 260 0
26 196 0
26 275 0
26 309 0
26 316 0
26 395 0
27 139 0
27 155 0
28 128 0
28 235 0
29 201 0
30 37 0
30 356 0
31 87 0
32 47 0
32 98 0
32 110 0
32 268 0
33 249 0
34 350 0
35 285 0
36 360 0
37 132 0
37 274 0
37 370 0
38 103 0
38 152 0
38 377 0
39 62 0
39 135 0
39 228 0
39 321 0
39 385 0
40 255 0
41 242 0
41 350 0
41 393 0
42 123 0
43 113 0
43 143 0
44 100 0
44 183 0
44 194 0
44 400 0
45 397 0
46 58 0
46 233 0
48 50 0
49 249 0
49 255 0
49 282 0
50 137 0
50 303 0
50 372 0
51 146 0
51 161 0
51 203 0
51 395 0
52 226 0
52 293 0
53 121 0
54 82 0
54 230 0
55 150 0
55 350 0
56 159 0
56 186 0
56 241 0
56 252 0
56 293 0
57 157 0
57 169 0
57 262 0
58 397 0
59 249 0
60 149 0
61 236 0
62 166 0
62 315 0
62 346 0
63 106 0
63 328 0
63 342 0
64 142 0
64 317 0
65 162 0
66 79 0
66 308 0
66 349 0
66 397 0
67 68 0
67 82 0
67 184 0
67 338 0
68 125 0
68 244 0
68 305 0
69 255 0
70 164 0
70 194 0
70 199 0
70 225 0
70 229 0
71 306 0
72 328 0
73 85 0
73 143 0
73 151 0
73 300 0
74 132 0
74 230 0
75 271 0
76 104 0
77 111 0
77 236 0
78 197 0
78 291 0
78 325 0
79 90 0
79 154 0
79 378 0
80 87 0
81 171 0
81 276 0
82 196 0
82 293 0
82 373 0
83 183 0
83 236 0
84 210 0
84 220 0
85 149 0
86 330 0
87 92 0
87 204 0
88 121 0
89 243 0
90 336 0
91 118 0
91 170 0
91 216 0
91 290 0
91 392 0
93 106 0
94 134 0
94 168 0
95 173 0
95 234 0
95 374 0
95 380 0
96 211 0
97 212 0
99 162 0
101 111 0
101 127 0
102 136 0
102 259 0
102 363 0
103 109 0
104 273 0
104 341 0
104 372 0
105 359 0
106 120 0
106 235 0
106 243 0
107 256 0
108 255 0
109 197 0
109 265 0
109 313 0
110 205 0
110 379 0
110 387 0
111 276 0
112 347 0
113 138 0
114 214 0
115 292 0
115 393 0
116 168 0
116 210 0
116 377 0
117 143 0
118 128 0
118 318 0
118 342 0
119 225 0
120 321 0
121 140 0
122 144 0
123 176 0
123 234 0
123 239 0
124 151 0
126 377 0
127 329 0
128 314 0
128 367 0
129 220 0
129 269 0
130 209 0
130 210 0
130 394 0
131 211 0
132 243 0
132 271 0
132 351 0
132 371 0
133 272 0
133 312 0
134 181 0
134 197 0
134 258 0
134 263 0
134 368 0
135 294 0
136 275 0
136 359 0
136 394 0
138 150 0
138 389 0
139 151 0
140 233 0
141 221 0
142 359 0
143 213 0
144 190 0
144 195 0
144 277 0
144 286 0
145 236 0
147 155 0
148 338 0
148 387 0
149 286 0
149 290 0
151 232 0
151 316 0
152 355 0
152 373 0
153 221 0
153 338 0
154 176 0
154 317 0
155 213 0
155 284 0
155 294 0
156 243 0
157 285 0
157 371 0
158 201 0
158 344 0
158 387 0
159 163 0
159 352 0
160 394 0
162 204 0
162 207 0
163 360 0
165 253 0
167 347 0
168 175 0
168 381 0
171 189 0
171 336 0
172 195 0
172 200 0
174 318 0
177 306 0
178 214 0
179 184 0
179 340 0
180 214 0
181 189 0
181 342 0
181 379 0
182 306 0
184 206 0
184 271 0
184 279 0
184 361 0
185 211 0
186 225 0
187 242 0
188 231 0
188 245 0
188 286 0
189 196 0
190 271 0
191 250 0
192 256 0
193 338 0
194 220 0
194 379 0
195 338 0
195 349 0
196 308 0
197 214 0
200 205 0
200 224 0
200 254 0
200 352 0
201 304 0
201 309 0
201 375 0
204 260 0
204 336 0
205 233 0
205 296 0
206 212 0
208 210 0
210 365 0
211 395 0
212 369 0
213 329 0
213 336 0
215 394 0
216 311 0
217 296 0
218 221 0
219 243 0
220 246 0
220 323 0
222 242 0
223 253 0
225 302 0
226 240 0
226 258 0
226 283 0
227 312 0
228 230 0
228 284 0
228 300 0
228 308 0
230 319 0
233 326 0
233 356 0
234 242 0
234 303 0
234 308 0
236 309 0
237 269 0
241 351 0
242 259 0
242 298 0
244 332 0
248 377 0
249 331 0
250 272 0
250 340 0
250 368 0
251 264 0
253 276 0
253 337 0
254 285 0
255 292 0
255 335 0
256 287 0
258 306 0
258 389 0
260 280 0
260 391 0
261 270 0
262 371 0
263 264 0
264 368 0
264 382 0
265 299 0
265 399 0
266 318 0
267 387 0
269 307 0
269 373 0
270 293 0
270 334 0
270 354 0
271 284 0
274 282 0
275 292 0
276 360 0
278 399 0
281 282 0
282 301 0
282 311 0
283 390 0
285 395 0
286 351 0
288 317 0
289 329 0
292 353 0
292 372 0
293 317 0
295 330 0
296 324 0
296 376 0
297 349 0
299 322 0
299 328 0
300 327 0
300 358 0
305 394 0
307 351 0
309 312 0
312 396 0
316 330 0
317 388 0
318 344 0
320 328 0
322 387 0
325 362 0
329 339 0
332 360 0
333 338 0
336 357 0
336 384 0
338 370 0
339 385 0
343 359 0
345 389 0
347 357 0
347 386 0
348 377 0
349 362 0
349 390 0
351 372 0
351 379 0
364 399 0
383 389 0
384 397 0
388 393 0
393 399 0
