300 326 0
1 11 0
1 31 0
1 151 0
1 242 0
2 64 0
2 209 0
2 236 0
2 237 0
3 271 0
4 46 0
5 179 0
6 300 0
7 68 0
7 219 0
8 179 0
9 81 0
9 100 0
9 126 0
9 255 0
10 273 0
12 291 0
13 170 0
14 299 0
15 189 0
16 101 0
17 24 0
17 112 0
17 223 0
17 260 0
18 46 0
18 101 0
18 245 0
18 282 0
19 268 0
20 125 0
21 146 0
22 76 0
22 163 0
23 132 0
23 153 0
23 215 0
23 222 0
25 124 0
26 82 0
26 110 0
26 127 0
26 247 0
27 29 0
27 50 0
27 123 0
27 230 0
27 232 0
28 250 0
29 57 0
29 74 0
29 126 0
29 275 0
30 149 0
32 144 0
32 241 0
33 54 0
33 63 0
33 150 0
33 167 0
34 293 0
35 250 0
36 50 0
37 277 0
38 109 0
39 118 0
40 264 0
41 160 0
42 151 0
42 268 0
43 80 0
43 105 0
43 212 0
43 296 0
44 116 0
45 71 0
45 84 0
45 99 0
45 158 0
46 122 0
46 197 0
47 94 0
48 295 0
49 188 0
50 138 0
50 263 0
51 160 0
52 146 0
52 241 0
52 247 0
52 299 0
53 264 0
53 287 0
55 116 0
56 141 0
56 165 0
56 180 0
56 204 0
57 127 0
57 156 0
57 260 0
58 68 0
59 240 0
60 213 0
61 94 0
61 109 0
61 149 0
61 222 0
62 74 0
65 188 0
66 153 0
67 273 0
68 190 0
68 275 0
69 215 0
70 240 0
71 73 0
71 266 0
71 293 0
72 173 0
73 104 0
73 176 0
73 254 0
74 135 0
74 142 0
75 154 0
76 118 0
77 115 0
78 295 0
79 182 0
79 284 0
82 108 0
82 165 0
82 283 0
83 277 0
85 114 0
85 260 0
86 203 0
87 110 0
87 248 0
87 268 0
87 271 0
88 98 0
89 280 0
90 149 0
91 170 0
92 183 0
92 207 0
92 224 0
92 267 0
93 189 0
93 228 0
94 121 0
94 199 0
95 188 0
96 241 0
97 248 0
98 147 0
98 165 0
98 185 0
100 114 0
100 140 0
100 247 0
101 139 0
101 225 0
102 291 0
103 173 0
105 217 0
105 245 0
105 291 0
106 268 0
107 271 0
108 115 0
108 125 0
108 161 0
109 214 0
109 269 0
110 151 0
110 183 0
111 173 0
113 140 0
114 168 0
114 265 0
115 137 0
115 162 0
115 297 0
116 133 0
116 274 0
117 149 0
117 285 0
118 175 0
118 258 0
119 282 0
120 146 0
120 159 0
123 217 0
124 167 0
124 200 0
124 231 0
125 164 0
125 238 0
125 283 0
127 227 0
128 215 0
129 189 0
129 245 0
129 264 0
129 300 0
130 248 0
131 285 0
132 134 0
132 191 0
132 202 0
135 218 0
136 295 0
137 230 0
140 148 0
140 219 0
143 193 0
144 182 0
145 217 0
146 262 0
151 285 0
151 295 0
152 179 0
153 239 0
153 271 0
153 284 0
154 205 0
154 252 0
154 275 0
155 172 0
155 188 0
155 193 0
156 213 0
156 240 0
156 279 0
157 256 0
159 282 0
160 183 0
160 216 0
161 181 0
161 194 0
161 211 0
163 175 0
163 195 0
163 209 0
163 294 0
165 273 0
166 182 0
167 247 0
167 250 0
169 250 0
170 198 0
170 283 0
171 193 0
171 241 0
172 264 0
173 275 0
173 278 0
174 293 0
175 193 0
175 203 0
175 266 0
177 287 0
178 187 0
179 274 0
182 274 0
183 188 0
184 232 0
186 230 0
187 220 0
187 226 0
187 278 0
187 283 0
189 208 0
192 203 0
193 235 0
194 198 0
196 232 0
201 287 0
203 249 0
206 280 0
209 256 0
209 266 0
210 213 0
211 222 0
212 231 0
213 281 0
215 221 0
217 272 0
218 299 0
222 227 0
222 274 0
223 272 0
226 230 0
227 245 0
227 266 0
228 280 0
229 293 0
233 279 0
234 240 0
243 264 0
244 279 0
246 279 0
248 292 0
251 299 0
253 256 0
256 288 0
257 282 0
259 291 0
260 280 0
260 287 0
261 300 0
270 273 0
271 276 0
273 295 0
277 283 0
277 290 0
285 286 0
285 289 0
298 300 0
