300 326 0
1 130 0
1 140 0
1 150 0
1 271 0
2 86 0
3 261 0
4 72 0
5 56 0
6 183 0
7 148 0
8 42 0
9 247 0
10 11 0
11 107 0
11 196 0
11 219 0
12 184 0
12 210 0
13 49 0
13 86 0
14 42 0
15 37 0
15 101 0
15 151 0
15 156 0
16 163 0
17 85 0
18 66 0
19 183 0
20 184 0
20 193 0
21 268 0
22 62 0
22 129 0
22 170 0
22 228 0
23 26 0
23 27 0
23 83 0
23 254 0
24 52 0
24 69 0
24 173 0
24 180 0
25 119 0
27 131 0
27 145 0
27 217 0
28 29 0
29 79 0
29 98 0
29 153 0
30 295 0
31 215 0
32 144 0
32 196 0
32 264 0
32 293 0
33 104 0
33 217 0
34 295 0
35 239 0
36 280 0
38 226 0
39 48 0
39 133 0
39 216 0
39 289 0
40 86 0
41 195 0
42 118 0
42 186 0
43 71 0
43 280 0
44 103 0
45 90 0
45 95 0
45 118 0
45 124 0
46 97 0
47 291 0
49 128 0
49 189 0
50 79 0
50 80 0
50 131 0
50 192 0
50 255 0
51 66 0
51 92 0
51 163 0
51 236 0
51 269 0
53 247 0
54 253 0
55 63 0
55 97 0
55 111 0
55 138 0
56 106 0
56 149 0
56 160 0
56 213 0
57 210 0
58 76 0
58 106 0
58 164 0
58 276 0
59 94 0
59 184 0
59 236 0
59 275 0
60 192 0
61 275 0
63 64 0
63 96 0
63 109 0
63 140 0
64 86 0
64 183 0
64 295 0
65 120 0
65 203 0
65 236 0
65 268 0
66 187 0
66 197 0
67 116 0
68 225 0
70 118 0
70 152 0
70 167 0
70 180 0
71 282 0
72 179 0
72 198 0
72 200 0
73 163 0
74 284 0
75 119 0
77 221 0
78 103 0
79 213 0
79 277 0
80 253 0
80 258 0
80 280 0
81 217 0
82 211 0
84 103 0
85 106 0
85 110 0
85 148 0
85 204 0
87 206 0
88 225 0
89 145 0
91 275 0
92 136 0
92 218 0
92 223 0
92 267 0
93 184 0
94 123 0
94 159 0
94 252 0
96 103 0
96 116 0
96 117 0
97 273 0
97 297 0
99 189 0
99 192 0
100 277 0
101 210 0
101 227 0
101 290 0
102 280 0
104 154 0
104 176 0
104 244 0
104 288 0
105 285 0
106 235 0
108 217 0
108 222 0
109 127 0
109 236 0
109 248 0
111 141 0
111 157 0
111 263 0
112 203 0
113 277 0
114 283 0
115 253 0
116 224 0
116 272 0
117 188 0
117 260 0
117 284 0
117 294 0
118 226 0
119 150 0
119 222 0
120 128 0
120 212 0
120 287 0
121 206 0
122 277 0
125 138 0
126 268 0
127 131 0
127 152 0
131 150 0
131 233 0
132 223 0
133 211 0
133 220 0
133 248 0
133 285 0
134 165 0
135 195 0
137 213 0
138 161 0
138 251 0
139 189 0
140 178 0
142 268 0
143 284 0
145 214 0
145 230 0
145 231 0
146 221 0
147 258 0
148 176 0
148 231 0
148 242 0
150 239 0
152 235 0
152 290 0
155 227 0
158 291 0
162 165 0
162 237 0
163 185 0
163 229 0
165 234 0
165 299 0
166 247 0
167 221 0
167 278 0
167 282 0
168 203 0
169 278 0
170 208 0
170 215 0
170 235 0
171 278 0
172 223 0
174 225 0
175 253 0
176 205 0
176 290 0
177 227 0
178 282 0
179 206 0
179 248 0
179 283 0
180 195 0
180 223 0
181 211 0
182 225 0
182 230 0
182 284 0
182 290 0
182 291 0
183 209 0
184 194 0
185 291 0
186 273 0
189 262 0
189 299 0
190 282 0
191 283 0
192 257 0
193 275 0
195 265 0
196 216 0
196 247 0
196 248 0
197 274 0
199 226 0
201 261 0
202 205 0
203 249 0
205 255 0
205 269 0
206 266 0
207 285 0
208 256 0
208 259 0
208 274 0
210 279 0
211 246 0
213 235 0
213 241 0
213 298 0
215 232 0
215 270 0
220 227 0
220 271 0
221 300 0
223 243 0
226 250 0
233 258 0
235 299 0
237 284 0
238 261 0
239 286 0
239 296 0
240 278 0
245 283 0
261 299 0
281 285 0
292 295 0
