140 157 0
1 80 0
2 22 0
3 19 0
3 45 0
4 15 0
4 52 0
4 111 0
4 127 0
5 61 0
6 44 0
7 98 0
8 9 0
8 67 0
8 79 0
8 92 0
10 101 0
11 25 0
11 44 0
11 107 0
11 140 0
12 26 0
13 29 0
13 93 0
13 129 0
13 131 0
14 37 0
14 38 0
14 40 0
14 52 0
14 121 0
16 52 0
16 81 0
16 105 0
16 117 0
17 55 0
17 78 0
17 101 0
17 130 0
18 108 0
19 57 0
19 73 0
19 106 0
20 80 0
21 41 0
22 49 0
22 100 0
22 131 0
22 136 0
23 30 0
23 47 0
24 41 0
24 96 0
24 108 0
24 110 0
25 37 0
25 72 0
25 79 0
26 62 0
26 72 0
26 84 0
27 61 0
28 47 0
28 52 0
28 109 0
28 135 0
30 38 0
30 99 0
30 120 0
31 102 0
32 108 0
33 77 0
34 101 0
35 56 0
36 116 0
37 78 0
38 77 0
38 80 0
38 98 0
39 130 0
40 56 0
40 61 0
40 94 0
41 48 0
41 50 0
41 133 0
42 55 0
43 101 0
44 88 0
44 112 0
45 130 0
46 83 0
46 89 0
50 102 0
51 94 0
53 86 0
53 116 0
54 98 0
54 102 0
55 75 0
55 97 0
56 121 0
56 137 0
57 60 0
58 98 0
59 134 0
60 107 0
61 65 0
61 140 0
63 114 0
64 134 0
66 114 0
68 89 0
68 116 0
69 116 0
70 80 0
71 110 0
72 114 0
72 116 0
72 117 0
73 78 0
73 102 0
73 134 0
74 140 0
76 83 0
77 86 0
77 91 0
78 96 0
79 98 0
79 124 0
82 140 0
83 95 0
83 131 0
85 110 0
87 114 0
87 139 0
89 90 0
89 96 0
89 138 0
90 125 0
90 131 0
94 104 0
94 115 0
96 118 0
96 131 0
98 136 0
103 130 0
107 122 0
107 123 0
108 132 0
110 139 0
113 140 0
115 136 0
118 124 0
119 124 0
124 126 0
126 129 0
128 134 0
