450 548 0
1 220 0
2 288 0
3 188 0
4 449 0
5 107 0
5 232 0
5 274 0
5 358 0
5 390 0
6 32 0
6 161 0
6 180 0
6 415 0
7 100 0
7 286 0
7 331 0
7 359 0
8 139 0
9 411 0
10 181 0
10 346 0
11 361 0
12 69 0
12 109 0
13 186 0
13 348 0
14 146 0
14 167 0
14 251 0
14 344 0
15 218 0
16 196 0
16 436 0
17 449 0
18 443 0
19 128 0
20 72 0
20 234 0
20 347 0
20 399 0
20 448 0
21 302 0
22 102 0
23 400 0
24 170 0
24 211 0
25 67 0
25 136 0
25 222 0
25 384 0
25 407 0
26 104 0
26 368 0
26 410 0
27 92 0
27 212 0
27 376 0
28 295 0
29 163 0
29 426 0
30 218 0
31 217 0
33 216 0
34 233 0
35 132 0
35 206 0
35 257 0
36 130 0
36 234 0
36 335 0
36 371 0
37 113 0
37 232 0
37 290 0
37 313 0
38 58 0
38 427 0
39 63 0
39 308 0
39 332 0
39 337 0
40 117 0
40 173 0
40 262 0
40 357 0
41 105 0
41 204 0
41 349 0
42 246 0
43 143 0
43 156 0
43 185 0
43 274 0
43 320 0
43 426 0
44 65 0
44 74 0
44 340 0
44 354 0
45 66 0
45 368 0
46 218 0
46 289 0
47 282 0
48 84 0
49 318 0
50 92 0
51 383 0
52 240 0
53 112 0
53 271 0
53 291 0
53 439 0
54 267 0
55 116 0
56 229 0
56 257 0
57 223 0
58 239 0
58 250 0
58 391 0
59 136 0
59 158 0
59 224 0
59 268 0
59 284 0
59 377 0
59 432 0
60 95 0
60 133 0
60 134 0
60 253 0
60 340 0
61 447 0
62 104 0
62 319 0
64 141 0
64 241 0
66 175 0
66 294 0
66 306 0
66 310 0
67 172 0
67 378 0
68 355 0
69 125 0
69 135 0
69 192 0
70 296 0
70 331 0
71 289 0
73 84 0
73 138 0
75 326 0
76 122 0
76 290 0
77 116 0
77 229 0
78 353 0
79 95 0
79 97 0
79 351 0
79 406 0
80 227 0
81 185 0
82 125 0
82 183 0
82 244 0
82 309 0
82 396 0
82 414 0
83 96 0
83 305 0
83 329 0
84 212 0
84 279 0
85 282 0
86 216 0
86 301 0
87 374 0
88 165 0
88 197 0
88 207 0
88 236 0
88 278 0
89 318 0
90 413 0
91 103 0
91 164 0
91 234 0
91 352 0
92 148 0
92 323 0
93 429 0
94 162 0
95 116 0
95 413 0
96 426 0
98 380 0
99 170 0
99 237 0
99 324 0
99 435 0
100 160 0
100 229 0
100 393 0
100 437 0
101 306 0
101 348 0
102 137 0
102 197 0
102 269 0
104 162 0
104 179 0
104 209 0
104 295 0
105 188 0
106 168 0
106 179 0
108 181 0
109 220 0
110 185 0
111 389 0
111 433 0
114 248 0
114 425 0
115 236 0
115 252 0
115 262 0
115 391 0
116 158 0
116 259 0
116 318 0
118 366 0
119 128 0
120 367 0
121 154 0
122 146 0
122 160 0
122 364 0
123 226 0
124 172 0
125 258 0
125 392 0
126 236 0
126 283 0
127 200 0
127 318 0
127 418 0
128 145 0
128 210 0
128 214 0
128 340 0
129 411 0
130 282 0
131 413 0
132 196 0
132 432 0
133 220 0
133 248 0
133 431 0
134 209 0
134 222 0
134 422 0
135 293 0
136 155 0
136 421 0
137 304 0
138 303 0
139 151 0
139 321 0
139 418 0
140 302 0
141 268 0
142 153 0
142 263 0
142 378 0
142 410 0
143 151 0
143 203 0
143 407 0
143 410 0
144 346 0
144 402 0
145 268 0
145 297 0
146 318 0
146 387 0
146 437 0
147 182 0
147 248 0
149 447 0
150 367 0
151 267 0
151 305 0
152 373 0
152 383 0
154 206 0
154 221 0
154 440 0
155 161 0
155 196 0
155 411 0
156 256 0
156 266 0
156 346 0
156 424 0
157 287 0
157 343 0
159 162 0
161 169 0
161 436 0
162 193 0
162 297 0
163 326 0
165 241 0
166 205 0
167 297 0
167 442 0
168 245 0
168 251 0
168 364 0
169 432 0
171 267 0
171 395 0
172 280 0
172 340 0
172 383 0
174 188 0
175 328 0
176 302 0
177 217 0
177 240 0
177 418 0
178 402 0
178 416 0
179 243 0
179 360 0
179 408 0
181 202 0
181 235 0
181 391 0
182 325 0
183 284 0
184 325 0
185 261 0
186 428 0
187 213 0
188 221 0
189 319 0
190 201 0
190 223 0
191 268 0
194 426 0
195 240 0
195 253 0
196 377 0
197 245 0
197 447 0
198 356 0
199 288 0
200 216 0
201 356 0
203 205 0
203 223 0
203 283 0
204 207 0
204 329 0
204 389 0
205 230 0
205 360 0
206 239 0
207 374 0
207 400 0
208 428 0
209 237 0
209 279 0
209 442 0
211 293 0
211 391 0
211 421 0
211 427 0
213 249 0
213 314 0
213 439 0
214 226 0
215 276 0
216 332 0
217 234 0
217 441 0
218 224 0
218 417 0
219 350 0
219 416 0
220 311 0
221 227 0
221 320 0
222 236 0
223 330 0
225 326 0
225 438 0
226 270 0
226 343 0
227 231 0
227 238 0
228 350 0
229 362 0
231 239 0
232 234 0
232 246 0
232 422 0
233 253 0
233 294 0
233 346 0
234 392 0
235 237 0
235 400 0
236 437 0
237 240 0
237 367 0
239 283 0
240 369 0
241 285 0
241 417 0
242 449 0
244 246 0
245 312 0
245 316 0
246 333 0
246 341 0
247 443 0
248 395 0
252 302 0
252 368 0
252 402 0
254 433 0
255 295 0
257 262 0
257 292 0
257 450 0
258 297 0
258 342 0
258 397 0
259 395 0
260 350 0
262 353 0
264 349 0
264 431 0
265 305 0
267 376 0
272 431 0
273 367 0
275 295 0
276 300 0
276 349 0
276 448 0
277 402 0
278 326 0
278 355 0
278 433 0
279 348 0
279 429 0
281 288 0
282 343 0
282 375 0
283 328 0
283 446 0
284 322 0
284 336 0
287 352 0
287 385 0
287 388 0
287 438 0
288 421 0
289 339 0
289 421 0
290 433 0
294 383 0
294 384 0
295 395 0
295 436 0
296 301 0
296 323 0
296 414 0
298 429 0
299 432 0
303 365 0
303 420 0
303 448 0
304 433 0
305 338 0
307 436 0
315 355 0
317 431 0
319 327 0
319 417 0
320 332 0
320 407 0
323 384 0
323 428 0
325 425 0
325 439 0
326 388 0
332 443 0
334 393 0
343 380 0
343 384 0
345 361 0
348 416 0
350 410 0
353 363 0
353 419 0
354 410 0
355 405 0
356 410 0
356 423 0
361 438 0
361 445 0
366 387 0
366 438 0
366 442 0
368 398 0
370 432 0
372 432 0
373 393 0
374 379 0
374 386 0
380 382 0
380 401 0
381 413 0
383 444 0
390 393 0
392 407 0
392 438 0
394 447 0
400 409 0
403 436 0
404 428 0
411 412 0
411 427 0
417 422 0
419 435 0
421 449 0
422 448 0
429 434 0
430 443 0
437 439 0
438 448 0
