800 973 0
1 283 0
2 692 0
3 280 0
3 312 0
3 315 0
3 326 0
3 767 0
4 289 0
5 111 0
6 24 0
6 80 0
6 109 0
6 164 0
6 595 0
6 613 0
7 232 0
7 311 0
7 456 0
7 616 0
7 727 0
8 362 0
8 438 0
8 547 0
8 548 0
8 625 0
9 284 0
9 289 0
9 436 0
9 714 0
9 749 0
10 644 0
11 81 0
11 148 0
11 463 0
12 254 0
13 690 0
14 30 0
14 124 0
14 433 0
14 578 0
15 176 0
15 245 0
15 536 0
15 720 0
16 59 0
16 153 0
16 345 0
16 411 0
16 477 0
17 35 0
18 442 0
19 774 0
20 646 0
21 545 0
22 33 0
23 71 0
23 380 0
23 381 0
23 469 0
25 243 0
26 473 0
26 493 0
26 690 0
26 788 0
27 360 0
28 100 0
28 224 0
28 430 0
28 605 0
29 198 0
29 325 0
29 387 0
29 798 0
31 100 0
32 332 0
32 381 0
32 420 0
32 507 0
33 158 0
33 246 0
33 448 0
34 300 0
34 392 0
34 479 0
34 505 0
34 704 0
35 75 0
35 136 0
35 192 0
35 232 0
35 694 0
36 747 0
37 406 0
37 424 0
37 799 0
38 291 0
38 479 0
38 653 0
38 721 0
38 770 0
39 80 0
39 169 0
39 271 0
39 598 0
39 611 0
40 455 0
41 63 0
41 93 0
41 490 0
41 494 0
41 654 0
42 99 0
43 473 0
43 528 0
43 766 0
44 122 0
44 321 0
44 346 0
44 424 0
44 584 0
45 287 0
46 130 0
47 455 0
48 251 0
49 296 0
50 356 0
50 524 0
50 739 0
50 742 0
50 790 0
51 744 0
52 305 0
52 486 0
52 583 0
52 588 0
53 411 0
54 123 0
54 165 0
54 229 0
54 631 0
55 750 0
56 766 0
57 463 0
58 153 0
58 406 0
58 708 0
59 125 0
59 261 0
59 532 0
59 695 0
59 792 0
60 138 0
61 334 0
61 528 0
61 575 0
61 758 0
61 799 0
62 193 0
62 289 0
62 571 0
64 151 0
64 200 0
64 347 0
64 361 0
64 611 0
64 727 0
65 737 0
66 76 0
66 421 0
66 656 0
66 691 0
67 211 0
67 238 0
67 553 0
67 762 0
68 148 0
69 487 0
70 383 0
70 585 0
70 638 0
70 782 0
70 785 0
72 309 0
72 494 0
72 714 0
73 220 0
73 320 0
73 563 0
73 615 0
73 761 0
74 430 0
77 648 0
78 317 0
79 747 0
79 762 0
79 775 0
80 648 0
81 161 0
81 367 0
81 421 0
81 486 0
81 698 0
82 306 0
83 789 0
84 422 0
84 426 0
84 639 0
84 640 0
84 645 0
85 204 0
85 231 0
85 359 0
85 760 0
86 130 0
87 690 0
88 158 0
88 238 0
88 365 0
88 436 0
88 749 0
88 799 0
89 140 0
89 246 0
89 511 0
89 731 0
89 772 0
90 415 0
90 427 0
90 693 0
91 661 0
92 680 0
93 294 0
93 533 0
93 687 0
94 375 0
95 747 0
96 290 0
97 766 0
98 545 0
99 340 0
99 370 0
99 773 0
100 221 0
100 627 0
101 614 0
102 442 0
102 621 0
102 627 0
103 262 0
104 687 0
105 251 0
105 261 0
105 474 0
106 289 0
107 185 0
107 230 0
107 399 0
107 477 0
108 270 0
109 162 0
109 434 0
109 750 0
110 608 0
111 299 0
111 506 0
111 735 0
112 459 0
113 393 0
114 285 0
114 316 0
114 336 0
114 363 0
114 552 0
115 404 0
116 191 0
116 279 0
116 459 0
116 608 0
116 738 0
117 612 0
118 254 0
119 415 0
119 608 0
119 675 0
120 343 0
120 364 0
120 427 0
120 560 0
121 743 0
122 130 0
122 417 0
122 605 0
122 634 0
124 187 0
124 393 0
124 437 0
124 614 0
125 272 0
125 391 0
125 406 0
125 600 0
125 691 0
126 612 0
127 209 0
127 236 0
127 738 0
128 131 0
129 788 0
130 194 0
131 246 0
131 542 0
131 594 0
132 375 0
133 624 0
134 241 0
134 280 0
134 365 0
134 390 0
134 747 0
134 774 0
135 335 0
135 487 0
135 608 0
136 183 0
136 474 0
137 211 0
138 319 0
138 392 0
138 713 0
139 789 0
141 361 0
142 297 0
143 725 0
144 526 0
145 263 0
146 251 0
147 409 0
148 260 0
148 277 0
149 434 0
150 284 0
151 271 0
151 726 0
151 782 0
152 181 0
152 193 0
152 625 0
152 633 0
152 727 0
152 796 0
153 241 0
153 274 0
153 780 0
154 440 0
154 453 0
154 691 0
155 245 0
156 443 0
156 655 0
156 756 0
156 761 0
157 174 0
158 425 0
159 659 0
160 176 0
162 310 0
162 399 0
162 424 0
162 768 0
163 440 0
164 179 0
164 391 0
164 430 0
166 587 0
167 284 0
168 243 0
168 440 0
168 500 0
169 240 0
169 369 0
169 425 0
170 360 0
171 705 0
172 232 0
172 446 0
172 497 0
172 660 0
173 699 0
174 539 0
174 581 0
174 641 0
174 675 0
175 449 0
175 466 0
175 539 0
175 678 0
176 199 0
176 558 0
176 792 0
177 295 0
178 313 0
179 368 0
179 489 0
179 539 0
179 759 0
180 352 0
182 209 0
183 260 0
183 302 0
183 641 0
183 782 0
184 629 0
186 210 0
186 313 0
186 436 0
186 498 0
187 644 0
187 799 0
188 434 0
189 425 0
190 352 0
191 424 0
191 494 0
191 638 0
191 756 0
192 441 0
192 769 0
193 290 0
193 493 0
193 519 0
195 508 0
196 329 0
197 699 0
200 278 0
200 344 0
200 381 0
201 463 0
202 239 0
203 318 0
203 365 0
203 423 0
204 245 0
204 487 0
205 263 0
206 249 0
207 295 0
207 529 0
207 612 0
207 734 0
208 464 0
209 279 0
209 413 0
209 615 0
210 218 0
210 396 0
210 419 0
211 384 0
211 579 0
212 455 0
213 605 0
214 248 0
214 421 0
214 738 0
215 341 0
215 475 0
215 532 0
215 580 0
216 285 0
216 358 0
216 366 0
216 397 0
216 722 0
217 500 0
219 233 0
219 372 0
219 509 0
219 530 0
219 585 0
222 225 0
222 676 0
222 746 0
222 794 0
223 294 0
223 550 0
223 758 0
224 249 0
224 689 0
226 283 0
227 687 0
228 626 0
229 235 0
229 254 0
229 550 0
232 528 0
234 244 0
234 355 0
234 407 0
234 754 0
235 278 0
235 298 0
235 546 0
235 689 0
235 754 0
236 243 0
236 345 0
236 412 0
237 744 0
238 426 0
238 779 0
239 370 0
239 611 0
239 711 0
239 771 0
240 602 0
240 667 0
240 707 0
241 675 0
242 445 0
243 370 0
243 395 0
243 449 0
243 551 0
245 502 0
245 649 0
246 369 0
246 761 0
247 463 0
248 503 0
248 575 0
248 615 0
249 386 0
249 790 0
250 521 0
251 353 0
251 633 0
251 643 0
252 323 0
253 313 0
254 633 0
255 668 0
256 617 0
257 423 0
258 453 0
259 295 0
260 287 0
260 365 0
260 432 0
261 410 0
261 550 0
262 282 0
262 412 0
262 511 0
262 609 0
262 641 0
262 652 0
263 724 0
263 768 0
264 290 0
264 577 0
264 755 0
265 734 0
266 404 0
267 690 0
268 324 0
268 521 0
268 743 0
269 522 0
270 344 0
270 573 0
270 751 0
271 356 0
271 418 0
272 522 0
272 627 0
272 737 0
273 411 0
275 607 0
276 290 0
278 369 0
278 406 0
278 476 0
279 639 0
279 743 0
280 634 0
281 339 0
281 437 0
281 692 0
281 743 0
283 549 0
283 643 0
284 783 0
285 498 0
286 360 0
287 356 0
287 642 0
287 740 0
288 648 0
289 752 0
290 468 0
290 584 0
290 675 0
292 738 0
293 451 0
293 495 0
293 514 0
293 638 0
293 755 0
294 486 0
294 589 0
294 615 0
295 527 0
296 447 0
296 564 0
296 770 0
297 336 0
297 414 0
297 432 0
297 496 0
298 369 0
298 793 0
301 521 0
302 347 0
302 585 0
303 661 0
304 473 0
306 504 0
306 717 0
306 760 0
307 473 0
308 361 0
309 440 0
309 659 0
309 758 0
310 404 0
310 650 0
312 437 0
312 693 0
312 793 0
313 354 0
314 409 0
317 558 0
317 632 0
317 768 0
318 501 0
318 538 0
318 795 0
318 798 0
321 418 0
321 629 0
321 647 0
322 569 0
323 412 0
323 749 0
323 753 0
323 778 0
324 376 0
324 482 0
324 779 0
327 626 0
328 464 0
329 350 0
329 366 0
329 570 0
330 569 0
331 734 0
333 621 0
334 336 0
334 573 0
334 775 0
334 790 0
335 441 0
335 518 0
335 635 0
336 648 0
337 403 0
338 708 0
339 397 0
339 525 0
339 697 0
342 459 0
344 508 0
344 709 0
345 374 0
345 499 0
346 440 0
346 558 0
346 607 0
346 765 0
347 715 0
347 728 0
347 800 0
348 692 0
349 762 0
351 693 0
352 625 0
352 754 0
354 585 0
354 770 0
357 647 0
360 760 0
361 373 0
361 460 0
361 757 0
365 412 0
366 529 0
366 769 0
369 372 0
370 528 0
371 738 0
372 487 0
372 680 0
375 391 0
375 416 0
377 762 0
378 526 0
379 765 0
381 617 0
382 577 0
385 480 0
385 627 0
388 510 0
389 393 0
390 401 0
390 512 0
390 723 0
392 464 0
392 493 0
393 700 0
394 659 0
397 493 0
398 769 0
399 415 0
399 442 0
400 427 0
400 490 0
400 685 0
400 696 0
402 647 0
403 488 0
403 712 0
403 775 0
404 438 0
404 449 0
404 567 0
405 605 0
406 688 0
408 411 0
409 672 0
409 775 0
410 416 0
410 593 0
410 622 0
412 547 0
412 644 0
412 740 0
415 568 0
415 582 0
416 515 0
416 659 0
417 440 0
417 765 0
418 439 0
418 452 0
418 683 0
421 644 0
422 528 0
422 692 0
423 427 0
423 730 0
424 604 0
425 511 0
425 665 0
426 450 0
426 661 0
427 528 0
428 464 0
429 453 0
430 506 0
430 561 0
431 624 0
432 793 0
434 669 0
435 614 0
436 676 0
437 688 0
438 455 0
438 758 0
441 510 0
441 515 0
441 708 0
442 557 0
442 596 0
444 714 0
445 546 0
445 572 0
445 741 0
450 483 0
450 523 0
450 674 0
453 682 0
453 695 0
453 755 0
453 781 0
454 610 0
457 661 0
458 519 0
459 757 0
460 624 0
460 680 0
461 720 0
462 709 0
463 652 0
463 770 0
464 482 0
465 474 0
467 647 0
470 720 0
471 577 0
471 714 0
471 744 0
472 498 0
473 585 0
474 546 0
474 684 0
476 533 0
476 644 0
477 761 0
478 550 0
479 747 0
481 668 0
482 575 0
484 765 0
485 750 0
486 668 0
487 591 0
487 662 0
490 624 0
491 630 0
492 521 0
493 589 0
494 699 0
498 543 0
498 786 0
500 506 0
500 620 0
500 752 0
506 536 0
508 554 0
508 732 0
510 576 0
510 618 0
513 627 0
515 578 0
515 688 0
515 760 0
516 610 0
517 607 0
519 703 0
519 716 0
519 781 0
520 617 0
521 638 0
522 531 0
522 586 0
526 671 0
526 756 0
529 589 0
529 675 0
529 798 0
532 610 0
532 744 0
533 584 0
533 679 0
533 787 0
534 612 0
535 789 0
536 643 0
536 688 0
537 774 0
539 758 0
540 626 0
541 750 0
544 738 0
545 546 0
545 601 0
547 639 0
547 788 0
550 797 0
553 599 0
553 623 0
553 763 0
555 709 0
556 607 0
559 788 0
560 659 0
560 754 0
562 608 0
565 621 0
566 687 0
569 657 0
569 754 0
571 637 0
571 666 0
571 676 0
573 782 0
574 587 0
575 705 0
577 643 0
577 710 0
578 762 0
587 628 0
587 756 0
589 799 0
590 629 0
592 734 0
597 743 0
600 668 0
600 740 0
603 608 0
604 646 0
604 688 0
605 757 0
605 784 0
606 650 0
610 702 0
614 740 0
617 636 0
619 725 0
621 669 0
621 779 0
624 676 0
624 729 0
626 691 0
626 753 0
629 748 0
630 652 0
630 691 0
630 781 0
634 701 0
634 777 0
644 689 0
646 719 0
646 798 0
648 681 0
650 686 0
650 695 0
651 725 0
658 788 0
661 792 0
663 714 0
664 766 0
669 750 0
670 680 0
673 699 0
677 737 0
689 705 0
693 755 0
695 766 0
699 775 0
705 753 0
705 779 0
706 709 0
708 776 0
718 769 0
720 733 0
725 768 0
736 765 0
737 764 0
745 774 0
752 766 0
758 770 0
789 790 0
791 793 0
