120 169 0
1 78 0
2 16 0
2 31 0
2 95 0
2 119 0
2 120 0
3 23 0
3 29 0
3 90 0
3 100 0
4 73 0
5 51 0
5 52 0
5 54 0
5 59 0
5 66 0
6 29 0
6 60 0
7 69 0
7 104 0
8 76 0
8 113 0
9 33 0
9 64 0
9 87 0
9 90 0
10 15 0
10 32 0
10 43 0
10 78 0
10 109 0
11 63 0
11 84 0
11 108 0
12 22 0
12 25 0
12 85 0
12 94 0
13 108 0
14 65 0
15 34 0
16 35 0
16 119 0
17 36 0
17 47 0
17 54 0
17 58 0
18 32 0
19 68 0
20 45 0
20 97 0
21 33 0
21 46 0
23 38 0
23 67 0
23 86 0
23 104 0
23 106 0
24 104 0
25 49 0
26 40 0
26 71 0
26 75 0
26 85 0
27 28 0
27 35 0
27 76 0
27 85 0
27 105 0
28 43 0
28 116 0
29 113 0
30 46 0
30 88 0
31 88 0
32 38 0
32 39 0
32 55 0
33 109 0
34 39 0
34 44 0
34 51 0
34 62 0
35 56 0
35 59 0
35 72 0
35 91 0
35 105 0
37 65 0
37 94 0
38 40 0
38 100 0
39 53 0
39 84 0
39 95 0
39 102 0
41 104 0
42 113 0
43 90 0
43 101 0
44 58 0
44 69 0
44 89 0
44 108 0
44 109 0
44 116 0
45 50 0
45 73 0
46 76 0
47 100 0
48 69 0
49 68 0
50 57 0
50 76 0
50 82 0
50 110 0
52 75 0
52 98 0
54 113 0
54 116 0
55 71 0
56 61 0
60 79 0
60 90 0
60 115 0
61 63 0
63 70 0
63 92 0
63 101 0
63 103 0
65 80 0
65 101 0
67 107 0
68 83 0
68 105 0
69 106 0
71 101 0
73 74 0
73 85 0
75 94 0
76 85 0
76 97 0
76 100 0
77 109 0
78 83 0
78 99 0
78 112 0
80 86 0
81 109 0
86 89 0
87 104 0
88 107 0
89 111 0
89 118 0
91 108 0
92 109 0
93 97 0
95 107 0
95 116 0
96 107 0
97 98 0
97 120 0
101 108 0
102 109 0
103 109 0
104 105 0
104 114 0
113 117 0
115 119 0
