800 843 0
1 525 0
2 267 0
3 481 0
4 211 0
5 586 0
6 123 0
7 379 0
7 433 0
7 505 0
7 779 0
8 260 0
8 320 0
8 354 0
8 468 0
9 708 0
10 653 0
11 747 0
12 101 0
13 48 0
13 166 0
13 312 0
13 706 0
14 15 0
14 601 0
14 628 0
14 727 0
15 67 0
15 186 0
15 522 0
16 84 0
16 141 0
16 690 0
16 730 0
17 634 0
18 241 0
18 285 0
18 324 0
18 553 0
19 72 0
20 311 0
21 604 0
22 500 0
23 540 0
24 504 0
25 433 0
26 78 0
27 628 0
28 355 0
28 394 0
28 709 0
28 759 0
29 591 0
30 171 0
30 242 0
30 422 0
30 534 0
30 781 0
31 470 0
31 673 0
32 207 0
33 96 0
33 167 0
33 357 0
33 416 0
34 232 0
35 64 0
35 374 0
35 510 0
35 757 0
36 173 0
36 394 0
36 668 0
37 332 0
38 162 0
38 221 0
38 436 0
38 749 0
39 191 0
40 213 0
41 799 0
42 316 0
43 182 0
43 208 0
43 234 0
43 536 0
44 170 0
44 233 0
44 488 0
44 780 0
45 142 0
46 119 0
47 710 0
49 207 0
49 368 0
49 613 0
49 641 0
50 504 0
51 799 0
52 199 0
53 118 0
53 369 0
53 398 0
53 539 0
53 759 0
54 192 0
55 93 0
56 230 0
56 285 0
56 393 0
56 474 0
57 471 0
58 415 0
58 510 0
58 569 0
59 421 0
60 74 0
60 175 0
60 257 0
60 465 0
61 628 0
62 112 0
63 684 0
65 586 0
66 225 0
68 101 0
69 368 0
70 214 0
70 394 0
70 466 0
71 341 0
72 98 0
72 130 0
72 391 0
73 408 0
74 86 0
74 155 0
74 172 0
75 297 0
75 377 0
75 443 0
75 502 0
76 114 0
76 354 0
76 551 0
76 682 0
77 173 0
77 181 0
77 417 0
77 513 0
77 752 0
78 92 0
78 382 0
78 580 0
79 278 0
80 591 0
81 92 0
81 434 0
81 654 0
82 713 0
83 409 0
85 181 0
85 358 0
85 492 0
85 520 0
85 771 0
86 323 0
86 375 0
86 738 0
87 195 0
88 196 0
88 283 0
88 335 0
88 382 0
88 507 0
89 264 0
90 321 0
90 376 0
90 497 0
90 783 0
91 235 0
92 112 0
92 117 0
92 335 0
92 623 0
93 122 0
93 229 0
93 631 0
94 500 0
95 501 0
95 548 0
95 620 0
96 189 0
96 193 0
96 295 0
97 505 0
99 103 0
100 112 0
101 118 0
101 542 0
101 649 0
102 762 0
103 151 0
103 532 0
103 573 0
104 762 0
105 589 0
106 316 0
107 481 0
108 460 0
109 268 0
109 329 0
109 537 0
109 699 0
110 155 0
111 117 0
111 214 0
111 634 0
111 685 0
112 304 0
113 672 0
115 173 0
115 202 0
115 641 0
115 676 0
116 478 0
117 263 0
117 320 0
118 179 0
119 149 0
119 187 0
119 720 0
120 589 0
121 447 0
121 497 0
121 746 0
121 781 0
121 787 0
122 129 0
122 202 0
122 672 0
123 447 0
123 509 0
123 564 0
124 607 0
125 748 0
126 679 0
127 654 0
128 524 0
129 220 0
129 300 0
129 469 0
131 540 0
132 792 0
133 256 0
133 360 0
133 490 0
133 554 0
134 478 0
134 508 0
134 727 0
134 792 0
135 581 0
136 142 0
136 456 0
136 476 0
137 235 0
138 623 0
139 443 0
139 455 0
139 737 0
140 476 0
142 184 0
142 306 0
142 380 0
143 698 0
144 785 0
145 156 0
146 225 0
146 235 0
146 604 0
146 641 0
147 415 0
148 326 0
148 493 0
148 506 0
148 630 0
149 409 0
149 501 0
149 727 0
150 193 0
152 784 0
153 344 0
154 621 0
155 427 0
155 517 0
156 391 0
156 395 0
156 773 0
157 368 0
158 684 0
159 207 0
160 251 0
161 785 0
162 673 0
162 747 0
162 787 0
163 732 0
164 623 0
165 525 0
168 642 0
169 344 0
172 312 0
172 541 0
172 662 0
173 664 0
174 628 0
176 433 0
177 477 0
177 567 0
177 675 0
177 791 0
178 685 0
179 459 0
179 549 0
179 763 0
180 673 0
181 674 0
183 200 0
183 253 0
183 574 0
183 671 0
185 753 0
188 496 0
189 306 0
189 335 0
189 662 0
189 771 0
190 647 0
191 260 0
191 425 0
191 530 0
191 544 0
192 390 0
192 630 0
192 635 0
193 284 0
193 760 0
194 563 0
195 201 0
195 793 0
195 798 0
197 758 0
198 481 0
198 676 0
198 779 0
198 799 0
199 247 0
199 378 0
199 658 0
200 326 0
200 428 0
200 684 0
200 708 0
202 233 0
202 442 0
203 530 0
203 572 0
203 643 0
203 777 0
204 504 0
205 475 0
206 338 0
206 540 0
206 688 0
206 794 0
207 210 0
207 718 0
208 353 0
208 408 0
208 513 0
209 267 0
211 399 0
211 507 0
211 659 0
212 251 0
213 250 0
213 271 0
213 288 0
214 445 0
214 761 0
215 292 0
216 758 0
217 232 0
218 251 0
218 278 0
218 428 0
218 621 0
219 589 0
222 429 0
223 747 0
224 794 0
225 397 0
225 467 0
226 281 0
226 417 0
226 475 0
226 578 0
227 460 0
228 614 0
231 794 0
232 237 0
232 442 0
233 258 0
233 737 0
235 403 0
236 732 0
238 653 0
239 669 0
240 508 0
243 501 0
244 701 0
245 548 0
245 582 0
245 607 0
245 676 0
246 443 0
248 281 0
249 261 0
249 457 0
249 533 0
249 739 0
251 361 0
252 621 0
254 672 0
255 563 0
258 305 0
258 325 0
258 615 0
258 700 0
259 614 0
260 332 0
260 341 0
262 583 0
263 382 0
263 456 0
263 586 0
263 732 0
264 354 0
264 722 0
264 733 0
265 525 0
266 620 0
267 521 0
267 633 0
269 595 0
270 636 0
272 639 0
273 647 0
274 707 0
275 779 0
276 654 0
277 711 0
278 406 0
278 683 0
279 309 0
280 737 0
281 781 0
281 795 0
282 303 0
285 386 0
285 707 0
286 785 0
287 498 0
288 429 0
288 513 0
288 697 0
289 578 0
290 415 0
291 356 0
291 359 0
291 411 0
291 420 0
291 465 0
292 410 0
292 616 0
292 670 0
293 778 0
294 318 0
295 327 0
295 576 0
295 800 0
296 732 0
297 342 0
297 643 0
297 664 0
298 311 0
298 639 0
298 645 0
298 705 0
299 758 0
301 652 0
302 498 0
303 350 0
303 510 0
303 775 0
306 308 0
306 617 0
306 758 0
307 316 0
308 311 0
308 537 0
309 355 0
309 372 0
309 599 0
310 421 0
311 514 0
312 371 0
312 465 0
312 505 0
313 476 0
314 790 0
315 434 0
316 702 0
317 377 0
318 336 0
318 497 0
318 666 0
319 424 0
320 668 0
320 688 0
322 548 0
326 582 0
328 602 0
330 478 0
331 639 0
332 692 0
332 735 0
333 421 0
334 621 0
337 697 0
338 413 0
338 734 0
338 776 0
339 698 0
340 396 0
341 439 0
341 552 0
342 569 0
342 591 0
342 786 0
343 578 0
344 400 0
344 554 0
345 611 0
346 613 0
347 353 0
348 456 0
349 584 0
351 502 0
352 408 0
353 728 0
353 743 0
354 364 0
355 496 0
355 500 0
362 387 0
363 396 0
364 503 0
364 519 0
364 558 0
365 481 0
366 371 0
367 424 0
368 512 0
370 623 0
371 418 0
371 562 0
373 496 0
377 646 0
377 667 0
378 386 0
378 584 0
378 612 0
379 434 0
379 709 0
381 424 0
381 624 0
381 710 0
383 786 0
384 786 0
385 652 0
386 394 0
386 521 0
387 459 0
387 511 0
387 693 0
388 441 0
389 669 0
391 396 0
391 428 0
392 415 0
394 719 0
396 694 0
401 438 0
401 689 0
401 736 0
401 771 0
402 528 0
404 679 0
405 409 0
407 583 0
408 686 0
409 518 0
410 476 0
410 614 0
410 645 0
411 624 0
411 752 0
411 762 0
412 705 0
414 747 0
415 447 0
417 554 0
417 730 0
419 548 0
421 497 0
422 471 0
422 504 0
422 688 0
423 705 0
424 695 0
424 709 0
426 790 0
428 664 0
429 479 0
429 700 0
429 754 0
430 476 0
431 697 0
432 560 0
433 459 0
434 702 0
434 745 0
435 607 0
437 753 0
440 596 0
441 533 0
441 577 0
441 677 0
442 528 0
442 790 0
443 598 0
443 700 0
444 701 0
446 701 0
447 596 0
448 612 0
449 636 0
450 617 0
451 604 0
452 613 0
453 569 0
454 751 0
455 537 0
455 603 0
455 755 0
456 750 0
458 685 0
459 719 0
460 764 0
460 793 0
461 560 0
462 634 0
463 604 0
464 614 0
466 494 0
466 725 0
466 746 0
466 766 0
467 475 0
467 709 0
468 595 0
468 602 0
468 674 0
471 484 0
471 557 0
472 613 0
473 624 0
475 648 0
475 765 0
477 498 0
477 669 0
477 688 0
478 731 0
480 684 0
482 647 0
483 560 0
485 601 0
486 703 0
487 498 0
489 753 0
491 612 0
495 778 0
496 691 0
499 617 0
500 590 0
501 744 0
502 526 0
502 593 0
505 555 0
505 600 0
505 615 0
507 778 0
507 787 0
508 650 0
508 789 0
510 563 0
510 641 0
513 533 0
515 608 0
516 595 0
521 653 0
521 713 0
523 611 0
524 568 0
524 637 0
524 643 0
525 709 0
527 612 0
528 531 0
528 656 0
529 792 0
530 636 0
532 560 0
532 752 0
532 753 0
533 608 0
535 698 0
537 703 0
537 752 0
538 584 0
540 626 0
541 589 0
541 652 0
541 785 0
542 676 0
542 751 0
542 784 0
543 672 0
545 582 0
546 751 0
547 601 0
548 681 0
550 697 0
554 710 0
556 569 0
559 602 0
561 581 0
563 769 0
565 674 0
566 737 0
570 611 0
571 669 0
575 586 0
578 724 0
579 581 0
581 673 0
582 715 0
582 718 0
583 643 0
583 680 0
584 696 0
585 748 0
587 713 0
588 595 0
591 610 0
592 751 0
594 784 0
596 619 0
596 657 0
597 786 0
601 609 0
602 756 0
605 794 0
606 713 0
607 629 0
608 768 0
608 797 0
611 630 0
615 762 0
617 726 0
618 636 0
620 651 0
620 746 0
620 772 0
622 778 0
624 660 0
625 708 0
627 710 0
630 719 0
632 779 0
634 716 0
636 730 0
638 708 0
639 788 0
640 679 0
642 665 0
642 709 0
642 721 0
644 707 0
645 662 0
645 793 0
647 702 0
652 714 0
653 712 0
654 759 0
655 790 0
661 792 0
662 668 0
663 707 0
664 727 0
668 787 0
674 717 0
678 711 0
679 771 0
685 742 0
687 705 0
697 718 0
698 730 0
701 746 0
702 719 0
703 741 0
703 796 0
704 748 0
710 774 0
711 759 0
711 767 0
723 799 0
729 737 0
740 784 0
748 793 0
762 770 0
779 782 0
