40 71 0
1 2 0
1 17 0
1 29 0
1 33 0
2 19 0
2 22 0
2 24 0
2 31 0
2 32 0
3 14 0
3 19 0
3 35 0
3 39 0
4 9 0
4 17 0
4 21 0
5 15 0
5 18 0
5 25 0
5 35 0
6 8 0
6 20 0
6 27 0
6 35 0
7 10 0
7 17 0
7 37 0
8 10 0
8 24 0
8 27 0
8 28 0
9 13 0
9 14 0
9 20 0
9 37 0
9 39 0
10 20 0
10 29 0
10 33 0
11 23 0
11 32 0
12 25 0
12 31 0
14 17 0
14 33 0
15 17 0
15 40 0
16 29 0
18 25 0
19 23 0
19 25 0
19 36 0
20 24 0
21 23 0
21 34 0
23 28 0
25 30 0
25 31 0
26 29 0
26 30 0
26 37 0
27 30 0
28 29 0
29 35 0
29 36 0
29 40 0
31 34 0
31 35 0
31 36 0
33 38 0
34 36 0
