700 821 0
1 34 0
1 235 0
1 421 0
1 527 0
1 597 0
2 242 0
3 160 0
4 586 0
5 174 0
5 202 0
5 269 0
5 344 0
5 429 0
5 493 0
5 597 0
6 69 0
6 308 0
6 550 0
6 608 0
6 696 0
7 425 0
8 318 0
9 23 0
9 307 0
9 554 0
9 577 0
10 522 0
11 173 0
11 200 0
11 366 0
11 668 0
12 239 0
13 120 0
14 57 0
14 207 0
14 562 0
14 564 0
15 699 0
16 180 0
17 96 0
17 104 0
17 390 0
17 478 0
17 525 0
18 297 0
18 338 0
18 576 0
18 667 0
19 242 0
20 560 0
21 273 0
21 297 0
21 369 0
21 649 0
22 37 0
22 47 0
22 311 0
22 440 0
22 639 0
24 209 0
24 367 0
24 389 0
25 92 0
25 206 0
25 487 0
25 652 0
26 385 0
26 418 0
26 519 0
26 670 0
27 268 0
27 367 0
27 377 0
27 606 0
27 647 0
28 395 0
29 40 0
29 57 0
29 133 0
29 198 0
29 356 0
30 507 0
31 47 0
31 83 0
31 265 0
31 549 0
31 671 0
32 115 0
33 199 0
35 54 0
35 205 0
35 319 0
35 331 0
36 161 0
38 99 0
39 52 0
39 210 0
39 279 0
39 418 0
41 54 0
41 531 0
41 541 0
41 661 0
41 671 0
41 683 0
42 185 0
42 331 0
42 343 0
42 349 0
42 399 0
43 479 0
44 359 0
44 452 0
44 520 0
44 531 0
45 92 0
45 237 0
45 249 0
46 657 0
47 485 0
48 467 0
49 113 0
49 494 0
49 607 0
49 609 0
50 581 0
51 103 0
51 137 0
51 247 0
51 384 0
52 65 0
52 69 0
52 265 0
53 158 0
54 389 0
54 485 0
55 127 0
55 362 0
55 367 0
55 454 0
56 532 0
57 413 0
57 475 0
57 556 0
58 183 0
59 82 0
59 136 0
59 392 0
59 564 0
59 587 0
60 91 0
60 196 0
60 266 0
60 284 0
61 157 0
62 159 0
62 289 0
62 402 0
62 459 0
62 663 0
62 664 0
63 383 0
64 317 0
65 141 0
65 261 0
65 583 0
66 169 0
66 387 0
66 426 0
66 660 0
67 99 0
67 290 0
67 386 0
68 153 0
68 320 0
68 351 0
68 685 0
69 339 0
69 592 0
70 200 0
70 375 0
70 579 0
71 445 0
72 242 0
73 239 0
74 248 0
75 184 0
75 408 0
75 468 0
76 364 0
77 166 0
77 252 0
77 411 0
77 625 0
78 425 0
79 119 0
79 220 0
79 291 0
79 634 0
80 529 0
81 91 0
83 245 0
83 353 0
83 613 0
84 348 0
85 557 0
86 301 0
86 336 0
86 586 0
86 657 0
87 367 0
87 426 0
87 549 0
87 565 0
87 609 0
88 197 0
89 237 0
89 401 0
89 613 0
89 626 0
89 654 0
90 128 0
91 293 0
91 502 0
91 515 0
92 245 0
92 364 0
92 557 0
93 121 0
94 197 0
95 188 0
97 160 0
98 196 0
99 122 0
99 391 0
99 599 0
99 631 0
99 646 0
100 115 0
101 504 0
102 129 0
102 309 0
102 327 0
102 625 0
105 144 0
105 422 0
105 580 0
105 618 0
105 663 0
106 682 0
107 521 0
108 225 0
109 216 0
109 370 0
109 455 0
109 688 0
110 492 0
110 531 0
110 556 0
111 135 0
111 243 0
111 372 0
111 455 0
112 378 0
114 299 0
115 461 0
115 599 0
116 574 0
117 410 0
118 648 0
119 245 0
119 432 0
120 179 0
120 253 0
120 486 0
120 601 0
121 175 0
121 220 0
121 233 0
123 375 0
124 172 0
124 302 0
124 393 0
124 583 0
125 307 0
125 396 0
125 437 0
125 530 0
126 317 0
128 269 0
128 288 0
128 390 0
128 637 0
130 505 0
131 214 0
131 271 0
131 302 0
131 439 0
131 693 0
132 184 0
133 308 0
133 551 0
134 364 0
138 207 0
138 310 0
138 620 0
138 631 0
138 658 0
139 529 0
140 320 0
141 223 0
141 227 0
141 340 0
141 534 0
142 674 0
143 249 0
143 251 0
143 488 0
143 622 0
143 665 0
144 153 0
144 245 0
145 413 0
146 193 0
147 277 0
148 479 0
149 431 0
150 492 0
151 218 0
152 700 0
153 545 0
153 547 0
153 609 0
154 699 0
155 277 0
156 468 0
157 182 0
157 314 0
157 610 0
158 279 0
158 621 0
158 669 0
160 285 0
160 686 0
161 306 0
161 584 0
161 690 0
162 235 0
162 242 0
162 316 0
162 321 0
162 536 0
163 386 0
164 518 0
165 408 0
167 551 0
168 171 0
168 448 0
168 463 0
168 467 0
170 295 0
171 186 0
171 367 0
171 673 0
171 684 0
174 225 0
174 627 0
176 608 0
177 560 0
178 214 0
178 240 0
178 358 0
180 247 0
180 341 0
180 397 0
180 578 0
181 654 0
183 253 0
183 602 0
183 676 0
184 235 0
184 275 0
184 463 0
185 262 0
185 284 0
185 358 0
187 700 0
188 433 0
188 472 0
188 583 0
189 503 0
190 497 0
191 581 0
192 283 0
193 261 0
193 593 0
193 656 0
194 500 0
194 605 0
194 654 0
195 410 0
196 313 0
196 610 0
197 230 0
197 339 0
199 285 0
199 524 0
199 540 0
200 290 0
200 558 0
200 569 0
201 406 0
202 317 0
202 375 0
202 694 0
203 603 0
204 682 0
207 229 0
207 254 0
208 308 0
209 546 0
209 569 0
209 624 0
209 699 0
210 248 0
210 493 0
210 510 0
210 521 0
210 579 0
211 244 0
211 290 0
211 586 0
212 254 0
213 489 0
214 299 0
214 336 0
214 489 0
214 510 0
215 491 0
217 329 0
218 279 0
218 430 0
218 567 0
219 283 0
220 348 0
220 653 0
221 551 0
222 262 0
223 328 0
223 457 0
223 588 0
224 586 0
225 234 0
225 307 0
226 244 0
227 334 0
227 415 0
227 446 0
228 467 0
229 392 0
229 640 0
229 651 0
231 316 0
232 363 0
236 305 0
236 306 0
236 448 0
237 589 0
237 600 0
238 566 0
239 501 0
239 611 0
240 304 0
240 380 0
240 595 0
240 633 0
241 696 0
242 391 0
242 664 0
244 280 0
244 683 0
245 307 0
245 611 0
246 318 0
247 503 0
247 569 0
248 462 0
248 537 0
249 351 0
249 427 0
249 603 0
249 619 0
250 483 0
253 317 0
253 321 0
254 278 0
254 481 0
255 629 0
256 507 0
257 638 0
258 378 0
259 406 0
259 492 0
259 560 0
259 653 0
260 581 0
261 318 0
261 699 0
262 333 0
262 355 0
262 374 0
262 484 0
263 383 0
264 438 0
265 539 0
265 562 0
265 661 0
266 574 0
266 657 0
267 293 0
267 331 0
267 455 0
267 597 0
267 661 0
269 455 0
270 275 0
270 306 0
270 562 0
270 591 0
272 629 0
274 662 0
275 283 0
275 627 0
276 383 0
277 306 0
277 427 0
277 628 0
279 295 0
281 358 0
282 635 0
283 655 0
284 480 0
284 599 0
284 661 0
284 686 0
285 497 0
285 653 0
286 301 0
287 635 0
290 423 0
290 428 0
290 470 0
290 594 0
292 432 0
293 300 0
293 629 0
294 374 0
294 390 0
294 402 0
294 549 0
294 625 0
295 637 0
295 672 0
296 536 0
297 619 0
297 648 0
297 665 0
298 518 0
299 382 0
299 394 0
300 347 0
300 409 0
300 643 0
301 511 0
301 631 0
302 608 0
303 635 0
304 490 0
304 613 0
304 682 0
305 418 0
305 451 0
305 692 0
306 638 0
308 365 0
308 576 0
312 363 0
315 497 0
316 464 0
316 565 0
317 510 0
318 436 0
320 402 0
320 473 0
320 526 0
321 562 0
321 617 0
321 686 0
322 491 0
323 691 0
324 695 0
325 492 0
326 505 0
329 335 0
329 340 0
329 443 0
329 683 0
330 557 0
332 566 0
336 353 0
336 422 0
336 688 0
337 503 0
339 432 0
339 532 0
340 485 0
341 389 0
341 657 0
342 682 0
345 509 0
346 546 0
348 458 0
348 663 0
350 696 0
351 427 0
351 568 0
351 680 0
352 489 0
353 569 0
353 619 0
354 605 0
357 408 0
358 401 0
358 624 0
360 445 0
361 695 0
363 374 0
363 426 0
364 469 0
368 513 0
371 605 0
373 500 0
375 391 0
375 480 0
375 544 0
375 550 0
376 681 0
378 484 0
378 592 0
378 698 0
379 551 0
381 626 0
383 591 0
386 493 0
386 599 0
388 406 0
389 444 0
389 647 0
389 697 0
390 428 0
390 504 0
392 691 0
395 405 0
395 455 0
395 571 0
398 696 0
400 489 0
401 619 0
402 700 0
403 558 0
404 560 0
406 417 0
407 691 0
408 683 0
410 434 0
410 538 0
412 513 0
413 498 0
413 553 0
413 621 0
414 603 0
416 438 0
418 525 0
418 573 0
419 574 0
420 529 0
422 468 0
422 479 0
424 681 0
425 592 0
425 687 0
426 491 0
428 605 0
431 543 0
431 617 0
431 632 0
432 575 0
432 685 0
435 573 0
438 482 0
438 564 0
440 448 0
440 483 0
440 569 0
441 608 0
442 509 0
445 592 0
445 616 0
447 638 0
448 533 0
448 535 0
449 627 0
450 479 0
453 638 0
456 522 0
460 691 0
463 489 0
465 556 0
466 491 0
467 550 0
467 591 0
468 570 0
468 645 0
471 603 0
474 513 0
475 485 0
475 611 0
476 483 0
477 534 0
480 505 0
480 509 0
483 598 0
484 674 0
490 563 0
490 590 0
490 596 0
491 576 0
491 659 0
492 694 0
495 573 0
496 662 0
497 601 0
497 614 0
499 534 0
500 523 0
500 625 0
500 636 0
503 572 0
504 508 0
504 630 0
505 555 0
506 534 0
507 538 0
507 691 0
509 541 0
512 521 0
513 591 0
514 681 0
516 654 0
517 626 0
518 611 0
518 650 0
521 615 0
522 559 0
522 585 0
525 627 0
528 648 0
529 609 0
531 574 0
531 605 0
532 612 0
532 642 0
533 609 0
533 638 0
536 678 0
536 689 0
538 610 0
538 613 0
539 579 0
539 591 0
541 699 0
542 695 0
546 561 0
546 617 0
548 657 0
549 653 0
551 611 0
552 558 0
556 675 0
557 647 0
557 694 0
558 641 0
559 619 0
559 674 0
559 681 0
562 659 0
564 635 0
565 610 0
565 639 0
566 604 0
566 617 0
573 659 0
576 621 0
576 639 0
579 601 0
581 583 0
582 700 0
586 671 0
597 695 0
608 664 0
610 662 0
610 688 0
623 699 0
624 626 0
627 677 0
629 666 0
637 695 0
644 648 0
659 685 0
662 665 0
674 679 0
