600 637 0
1 401 0
2 145 0
2 211 0
2 391 0
2 489 0
3 69 0
3 171 0
3 354 0
3 380 0
4 228 0
5 194 0
6 221 0
6 320 0
6 395 0
6 442 0
7 314 0
7 460 0
7 465 0
7 527 0
7 553 0
8 11 0
8 166 0
8 236 0
8 303 0
8 493 0
9 349 0
10 53 0
10 257 0
10 403 0
10 490 0
11 70 0
11 242 0
11 340 0
12 169 0
13 49 0
13 297 0
13 311 0
13 392 0
14 568 0
15 320 0
16 24 0
16 113 0
16 270 0
16 498 0
17 361 0
18 369 0
19 410 0
20 272 0
21 24 0
21 103 0
21 308 0
21 318 0
22 43 0
23 433 0
24 414 0
24 458 0
25 382 0
25 391 0
25 420 0
26 110 0
27 250 0
28 226 0
29 234 0
30 265 0
30 266 0
30 461 0
30 538 0
31 44 0
31 68 0
31 161 0
31 213 0
32 115 0
33 499 0
34 106 0
35 568 0
36 281 0
37 455 0
38 232 0
39 599 0
40 386 0
41 321 0
42 87 0
42 253 0
42 485 0
42 600 0
43 89 0
43 200 0
43 486 0
45 393 0
46 484 0
47 240 0
47 261 0
47 554 0
47 574 0
48 233 0
48 368 0
48 463 0
48 506 0
49 172 0
49 352 0
49 359 0
50 60 0
51 458 0
52 66 0
52 176 0
52 239 0
52 287 0
54 433 0
55 170 0
55 273 0
55 544 0
55 581 0
56 60 0
57 291 0
58 407 0
58 489 0
58 520 0
58 549 0
59 347 0
60 139 0
60 527 0
61 353 0
62 536 0
63 309 0
64 359 0
65 359 0
66 432 0
66 563 0
66 571 0
67 301 0
67 360 0
67 485 0
67 590 0
69 72 0
69 448 0
69 573 0
70 395 0
70 414 0
71 337 0
73 536 0
74 97 0
75 452 0
75 512 0
75 535 0
75 578 0
76 81 0
77 193 0
77 261 0
77 438 0
77 586 0
78 181 0
79 349 0
80 109 0
81 196 0
81 209 0
81 284 0
82 380 0
82 513 0
82 516 0
83 334 0
84 324 0
85 576 0
86 281 0
88 334 0
90 195 0
91 340 0
92 221 0
93 157 0
93 158 0
93 437 0
93 476 0
94 319 0
95 585 0
96 99 0
96 130 0
96 262 0
96 383 0
96 481 0
97 277 0
97 389 0
97 471 0
98 188 0
99 151 0
99 327 0
99 585 0
100 174 0
101 123 0
101 229 0
101 285 0
101 317 0
101 547 0
102 145 0
102 165 0
102 346 0
104 426 0
105 404 0
106 117 0
106 183 0
106 260 0
106 443 0
107 404 0
108 350 0
109 155 0
109 265 0
109 559 0
110 161 0
110 325 0
110 558 0
111 190 0
112 350 0
114 156 0
114 285 0
114 385 0
114 582 0
115 411 0
115 439 0
115 443 0
116 228 0
116 242 0
116 500 0
116 510 0
117 244 0
117 272 0
117 414 0
118 140 0
119 353 0
120 354 0
121 458 0
122 320 0
124 132 0
124 152 0
124 502 0
124 555 0
125 223 0
126 154 0
126 271 0
126 319 0
126 348 0
126 487 0
127 474 0
128 178 0
128 288 0
128 367 0
128 452 0
129 228 0
131 212 0
133 146 0
134 188 0
135 484 0
136 293 0
137 244 0
138 500 0
140 329 0
140 508 0
140 526 0
141 278 0
142 455 0
143 549 0
144 566 0
145 224 0
145 441 0
145 544 0
146 486 0
146 492 0
146 504 0
147 150 0
147 302 0
147 402 0
147 403 0
148 234 0
149 453 0
149 519 0
149 527 0
149 591 0
151 187 0
151 408 0
151 481 0
153 287 0
154 178 0
154 286 0
154 507 0
157 177 0
157 450 0
157 474 0
157 484 0
159 469 0
160 500 0
161 171 0
161 599 0
162 592 0
163 274 0
163 367 0
163 424 0
163 594 0
164 174 0
165 230 0
165 304 0
165 345 0
165 493 0
167 521 0
168 400 0
169 317 0
169 418 0
169 495 0
171 261 0
171 382 0
172 186 0
172 415 0
172 505 0
173 585 0
174 224 0
174 430 0
175 536 0
176 178 0
176 471 0
176 508 0
177 420 0
177 522 0
177 527 0
178 391 0
179 435 0
180 470 0
181 462 0
181 493 0
181 532 0
182 324 0
184 267 0
185 192 0
185 211 0
185 410 0
185 565 0
188 286 0
188 388 0
189 511 0
190 463 0
190 491 0
190 523 0
191 250 0
192 322 0
192 427 0
192 440 0
194 501 0
194 518 0
194 562 0
195 307 0
195 363 0
195 441 0
196 352 0
196 401 0
196 592 0
197 350 0
198 436 0
198 454 0
198 495 0
198 496 0
199 224 0
199 245 0
199 434 0
201 276 0
201 446 0
201 497 0
201 531 0
202 472 0
203 565 0
204 569 0
205 425 0
206 577 0
207 231 0
207 328 0
207 429 0
207 483 0
207 507 0
208 214 0
210 511 0
211 342 0
211 357 0
212 268 0
212 434 0
212 548 0
213 298 0
213 443 0
214 288 0
214 428 0
214 451 0
215 577 0
216 520 0
217 425 0
218 337 0
219 549 0
220 529 0
221 330 0
221 450 0
222 470 0
223 282 0
223 518 0
223 584 0
224 250 0
224 516 0
225 291 0
226 300 0
226 357 0
226 475 0
227 393 0
228 477 0
232 471 0
232 533 0
232 540 0
234 292 0
234 379 0
235 516 0
237 395 0
238 474 0
239 333 0
239 421 0
239 449 0
241 380 0
242 399 0
242 445 0
242 541 0
243 516 0
244 419 0
244 447 0
244 480 0
245 261 0
245 306 0
245 596 0
246 469 0
247 346 0
248 331 0
249 435 0
250 271 0
251 487 0
252 361 0
254 576 0
255 362 0
255 374 0
255 419 0
255 452 0
256 331 0
258 520 0
259 291 0
263 529 0
264 292 0
264 390 0
264 531 0
264 555 0
265 400 0
265 442 0
267 465 0
267 509 0
267 544 0
269 513 0
271 349 0
272 341 0
272 370 0
275 542 0
278 286 0
278 464 0
278 598 0
279 500 0
280 287 0
281 342 0
281 543 0
283 354 0
285 296 0
285 327 0
286 358 0
286 435 0
287 366 0
288 347 0
288 511 0
289 569 0
290 484 0
291 544 0
292 455 0
292 529 0
293 305 0
293 339 0
293 396 0
294 354 0
295 458 0
296 466 0
296 567 0
296 570 0
298 371 0
298 561 0
298 575 0
298 587 0
298 597 0
299 319 0
309 396 0
309 528 0
309 537 0
310 400 0
312 599 0
313 334 0
315 516 0
316 435 0
317 319 0
319 546 0
320 372 0
320 397 0
321 355 0
321 459 0
321 555 0
323 592 0
324 396 0
324 514 0
326 410 0
327 382 0
327 396 0
331 365 0
331 531 0
331 575 0
332 592 0
334 485 0
335 400 0
336 521 0
337 338 0
337 342 0
340 371 0
340 464 0
340 483 0
340 524 0
342 472 0
343 568 0
344 404 0
346 431 0
346 452 0
347 373 0
347 545 0
348 381 0
348 457 0
348 557 0
349 471 0
349 588 0
350 403 0
351 455 0
352 382 0
352 463 0
353 371 0
353 413 0
356 410 0
357 397 0
357 470 0
357 536 0
358 566 0
358 576 0
359 530 0
361 416 0
361 518 0
364 542 0
367 433 0
367 521 0
369 411 0
369 534 0
369 560 0
371 510 0
375 401 0
376 549 0
377 542 0
378 565 0
380 575 0
384 426 0
386 482 0
386 508 0
386 556 0
387 469 0
390 391 0
390 434 0
390 510 0
390 600 0
393 508 0
393 550 0
394 405 0
395 417 0
397 577 0
398 407 0
401 551 0
403 489 0
404 507 0
405 473 0
405 507 0
405 595 0
405 600 0
406 520 0
407 525 0
407 593 0
409 499 0
411 489 0
411 566 0
412 425 0
414 420 0
414 486 0
419 577 0
420 442 0
420 465 0
422 576 0
423 433 0
425 495 0
426 486 0
426 583 0
434 493 0
434 518 0
441 542 0
441 569 0
442 485 0
443 486 0
444 566 0
450 555 0
456 513 0
463 568 0
464 577 0
467 599 0
468 585 0
469 522 0
470 580 0
472 478 0
472 503 0
474 483 0
479 499 0
481 536 0
487 539 0
487 589 0
488 569 0
494 513 0
495 510 0
499 522 0
511 515 0
513 555 0
517 548 0
521 564 0
522 576 0
529 572 0
531 577 0
548 579 0
552 565 0
