250 321 0
1 210 0
2 77 0
2 78 0
2 88 0
2 115 0
2 143 0
2 159 0
2 240 0
3 18 0
3 65 0
4 6 0
4 8 0
4 13 0
4 79 0
4 96 0
5 24 0
5 37 0
5 62 0
5 184 0
6 81 0
6 99 0
6 134 0
6 214 0
6 249 0
7 35 0
8 107 0
8 188 0
9 62 0
9 114 0
9 177 0
9 198 0
10 234 0
11 199 0
12 49 0
12 83 0
12 230 0
13 36 0
13 70 0
13 149 0
13 175 0
14 188 0
15 237 0
15 249 0
16 86 0
16 142 0
16 189 0
16 195 0
17 118 0
18 81 0
19 44 0
20 57 0
21 61 0
22 228 0
23 199 0
24 25 0
24 207 0
24 210 0
25 64 0
25 102 0
25 231 0
25 248 0
26 130 0
27 36 0
28 73 0
29 169 0
30 114 0
30 194 0
31 81 0
32 104 0
32 158 0
33 36 0
34 36 0
34 148 0
34 181 0
34 203 0
35 67 0
35 94 0
35 101 0
35 110 0
35 221 0
36 50 0
37 103 0
37 148 0
37 205 0
38 67 0
39 124 0
39 215 0
40 179 0
40 180 0
41 230 0
42 131 0
43 44 0
44 98 0
44 160 0
45 182 0
45 183 0
45 206 0
45 213 0
46 105 0
47 224 0
48 67 0
48 210 0
49 130 0
49 234 0
51 92 0
51 127 0
51 215 0
51 230 0
52 117 0
52 118 0
52 207 0
53 55 0
54 116 0
55 72 0
55 141 0
55 193 0
56 178 0
56 183 0
57 101 0
57 176 0
57 179 0
58 90 0
58 146 0
58 187 0
58 250 0
59 73 0
60 207 0
61 92 0
61 161 0
61 168 0
61 172 0
61 206 0
62 105 0
62 131 0
63 144 0
63 206 0
63 207 0
64 218 0
65 86 0
65 191 0
65 245 0
66 104 0
67 101 0
67 133 0
67 182 0
67 202 0
68 139 0
68 206 0
69 194 0
71 180 0
71 205 0
73 107 0
73 193 0
74 181 0
75 132 0
76 84 0
76 111 0
76 129 0
76 184 0
79 86 0
79 103 0
79 172 0
80 95 0
80 113 0
80 128 0
80 167 0
81 86 0
81 151 0
82 92 0
83 97 0
83 152 0
83 164 0
83 209 0
84 161 0
85 131 0
85 152 0
86 240 0
87 118 0
87 132 0
88 162 0
88 199 0
88 235 0
89 193 0
89 222 0
89 236 0
89 247 0
90 174 0
91 203 0
92 102 0
92 137 0
93 208 0
94 158 0
94 169 0
95 162 0
96 117 0
96 140 0
96 192 0
96 200 0
99 197 0
100 163 0
101 148 0
101 229 0
102 206 0
102 209 0
103 235 0
103 250 0
104 136 0
104 152 0
104 211 0
104 232 0
105 108 0
105 157 0
106 207 0
109 181 0
109 208 0
112 162 0
114 167 0
115 203 0
116 138 0
116 159 0
116 172 0
117 189 0
117 215 0
118 139 0
118 250 0
119 215 0
120 224 0
121 133 0
121 238 0
122 207 0
123 210 0
123 228 0
124 127 0
124 132 0
124 153 0
124 188 0
124 208 0
125 132 0
125 165 0
126 199 0
127 160 0
127 235 0
128 229 0
130 167 0
130 219 0
130 243 0
130 245 0
131 170 0
135 228 0
136 144 0
136 183 0
136 225 0
137 174 0
138 209 0
139 163 0
144 158 0
144 239 0
144 241 0
145 149 0
145 197 0
147 185 0
147 213 0
148 152 0
149 187 0
150 206 0
150 215 0
151 211 0
152 228 0
153 162 0
154 234 0
155 162 0
156 228 0
158 169 0
158 182 0
158 196 0
160 163 0
160 234 0
161 173 0
163 190 0
163 227 0
165 169 0
166 197 0
167 197 0
167 205 0
171 180 0
172 194 0
173 196 0
174 208 0
178 224 0
180 184 0
181 201 0
181 240 0
182 235 0
182 238 0
183 217 0
183 229 0
184 224 0
185 204 0
185 216 0
185 223 0
185 250 0
186 238 0
188 246 0
190 233 0
193 205 0
194 218 0
196 197 0
196 220 0
196 232 0
199 216 0
203 244 0
205 250 0
211 245 0
212 237 0
213 225 0
213 226 0
218 235 0
229 230 0
230 233 0
237 238 0
237 242 0
