1000 1047 0
1 898 0
2 608 0
3 187 0
3 405 0
3 671 0
3 913 0
4 207 0
4 437 0
4 499 0
4 975 0
5 6 0
5 360 0
5 652 0
5 860 0
6 231 0
6 799 0
6 830 0
7 117 0
7 257 0
7 466 0
8 260 0
9 97 0
10 945 0
11 82 0
11 179 0
11 483 0
11 485 0
12 141 0
12 594 0
12 720 0
12 913 0
13 69 0
14 124 0
14 596 0
14 805 0
14 836 0
15 456 0
15 542 0
15 742 0
15 939 0
16 294 0
17 43 0
17 246 0
17 562 0
17 625 0
18 565 0
19 113 0
20 550 0
21 122 0
21 267 0
21 403 0
21 761 0
22 422 0
23 168 0
23 216 0
23 364 0
23 925 0
24 172 0
24 434 0
24 642 0
24 807 0
24 985 0
25 818 0
26 500 0
27 150 0
28 92 0
29 629 0
30 318 0
31 133 0
31 204 0
31 816 0
31 973 0
32 753 0
33 498 0
34 219 0
34 281 0
34 824 0
34 829 0
35 294 0
36 135 0
36 682 0
36 777 0
36 908 0
37 203 0
37 394 0
37 512 0
37 858 0
38 227 0
39 633 0
40 651 0
41 73 0
41 161 0
41 361 0
41 620 0
42 435 0
44 843 0
45 595 0
46 265 0
47 694 0
48 123 0
48 621 0
48 882 0
49 652 0
50 169 0
50 478 0
50 711 0
50 784 0
51 492 0
52 113 0
52 192 0
52 512 0
52 592 0
53 389 0
54 457 0
54 758 0
54 922 0
54 924 0
55 623 0
56 682 0
57 422 0
57 629 0
57 999 0
58 152 0
59 348 0
60 528 0
61 105 0
62 238 0
62 314 0
62 607 0
62 828 0
63 887 0
64 802 0
65 249 0
65 372 0
65 617 0
65 796 0
66 524 0
67 94 0
67 169 0
67 347 0
67 647 0
67 676 0
68 122 0
68 230 0
68 507 0
68 511 0
69 276 0
69 719 0
69 812 0
70 815 0
71 421 0
72 843 0
74 111 0
74 196 0
74 507 0
74 833 0
75 466 0
76 557 0
77 898 0
78 84 0
78 309 0
78 620 0
78 775 0
79 461 0
80 223 0
80 438 0
80 602 0
80 729 0
81 683 0
83 394 0
85 197 0
86 718 0
87 578 0
88 352 0
89 253 0
89 770 0
89 792 0
89 928 0
90 780 0
91 433 0
91 498 0
91 587 0
91 933 0
92 95 0
92 232 0
92 365 0
93 855 0
94 435 0
94 565 0
94 917 0
95 164 0
95 514 0
95 861 0
96 468 0
97 272 0
97 386 0
97 417 0
98 760 0
99 195 0
100 340 0
101 608 0
102 144 0
103 918 0
104 669 0
105 154 0
105 647 0
105 751 0
105 903 0
106 707 0
107 117 0
108 694 0
109 658 0
110 987 0
112 762 0
112 822 0
112 906 0
112 963 0
113 872 0
113 999 0
114 119 0
114 327 0
114 834 0
114 926 0
115 583 0
116 590 0
117 223 0
117 519 0
118 203 0
120 324 0
120 358 0
120 409 0
120 607 0
121 153 0
121 420 0
121 465 0
121 927 0
122 326 0
122 415 0
123 347 0
123 377 0
123 981 0
125 917 0
126 281 0
126 399 0
126 486 0
126 748 0
127 295 0
128 683 0
129 531 0
130 447 0
131 914 0
132 148 0
134 145 0
135 257 0
135 575 0
135 663 0
135 724 0
136 148 0
137 414 0
138 457 0
138 569 0
138 824 0
138 834 0
139 464 0
140 234 0
142 413 0
143 458 0
143 677 0
143 889 0
143 894 0
144 559 0
144 932 0
144 934 0
145 576 0
145 579 0
145 859 0
146 962 0
147 498 0
148 867 0
148 993 0
149 349 0
149 445 0
149 569 0
149 852 0
150 428 0
150 580 0
150 834 0
151 848 0
152 210 0
152 357 0
152 713 0
155 752 0
156 394 0
157 514 0
158 367 0
158 533 0
158 536 0
158 959 0
159 203 0
160 652 0
162 767 0
163 898 0
164 261 0
164 289 0
164 291 0
165 429 0
166 240 0
167 835 0
168 170 0
168 807 0
169 351 0
169 668 0
169 736 0
170 512 0
170 744 0
170 882 0
170 985 0
171 233 0
172 694 0
172 983 0
173 919 0
174 234 0
175 448 0
175 816 0
175 840 0
175 856 0
176 681 0
177 991 0
178 279 0
178 359 0
178 418 0
178 657 0
179 287 0
179 629 0
179 887 0
180 581 0
181 848 0
182 279 0
182 317 0
182 377 0
182 620 0
183 848 0
184 240 0
184 455 0
184 882 0
185 224 0
185 378 0
185 389 0
185 669 0
186 285 0
186 325 0
186 868 0
186 915 0
188 769 0
189 608 0
190 429 0
191 269 0
192 195 0
192 271 0
192 552 0
192 985 0
193 410 0
194 296 0
195 236 0
195 520 0
197 250 0
197 516 0
197 569 0
198 740 0
199 283 0
199 460 0
199 494 0
199 921 0
200 740 0
201 756 0
202 968 0
203 723 0
205 693 0
205 759 0
205 770 0
205 902 0
206 408 0
207 557 0
207 683 0
207 930 0
208 962 0
209 235 0
211 760 0
212 525 0
213 807 0
214 342 0
214 346 0
214 716 0
214 749 0
215 447 0
217 435 0
218 444 0
219 275 0
219 545 0
219 968 0
219 989 0
220 398 0
221 945 0
222 753 0
223 428 0
223 439 0
223 744 0
223 983 0
224 351 0
224 795 0
224 842 0
225 316 0
225 607 0
225 766 0
225 981 0
226 668 0
227 650 0
227 749 0
227 811 0
228 789 0
229 914 0
230 318 0
230 468 0
230 962 0
233 290 0
233 303 0
233 564 0
234 255 0
234 308 0
235 443 0
235 534 0
235 839 0
237 549 0
239 658 0
240 272 0
240 602 0
240 755 0
241 265 0
242 427 0
242 644 0
242 802 0
242 933 0
243 994 0
244 292 0
244 685 0
244 766 0
244 990 0
245 378 0
245 530 0
245 752 0
245 979 0
247 385 0
248 736 0
249 512 0
249 525 0
249 595 0
251 310 0
251 381 0
251 569 0
251 646 0
252 989 0
254 363 0
256 279 0
256 307 0
256 692 0
256 734 0
257 782 0
257 827 0
258 590 0
259 668 0
260 446 0
260 561 0
260 747 0
261 423 0
261 454 0
261 969 0
262 956 0
263 421 0
264 633 0
265 776 0
265 923 0
266 977 0
268 682 0
269 317 0
269 670 0
269 947 0
270 858 0
271 383 0
271 551 0
271 809 0
272 679 0
272 964 0
273 530 0
274 308 0
274 323 0
274 535 0
274 684 0
277 647 0
277 879 0
277 935 0
277 995 0
278 384 0
279 422 0
280 427 0
281 412 0
281 524 0
282 581 0
284 363 0
286 679 0
287 347 0
287 585 0
287 661 0
288 962 0
289 851 0
289 882 0
289 911 0
291 348 0
291 410 0
291 428 0
291 988 0
293 733 0
294 361 0
294 993 0
294 996 0
295 316 0
295 553 0
295 572 0
296 764 0
296 804 0
296 822 0
297 595 0
298 733 0
299 988 0
300 311 0
301 638 0
302 881 0
303 473 0
303 769 0
303 860 0
304 638 0
305 991 0
306 777 0
308 447 0
308 616 0
311 627 0
311 952 0
311 984 0
312 814 0
313 318 0
315 632 0
316 408 0
316 987 0
317 528 0
317 578 0
318 495 0
319 707 0
319 725 0
319 740 0
319 970 0
320 413 0
321 455 0
322 773 0
325 384 0
325 741 0
325 911 0
325 977 0
326 708 0
326 739 0
326 885 0
328 560 0
329 530 0
330 645 0
331 752 0
332 718 0
333 753 0
334 352 0
334 835 0
334 983 0
335 482 0
336 348 0
337 668 0
338 929 0
339 500 0
339 525 0
339 994 0
340 507 0
340 527 0
340 588 0
341 669 0
343 473 0
344 452 0
345 492 0
345 591 0
345 614 0
345 756 0
347 860 0
348 691 0
350 649 0
351 482 0
352 509 0
352 766 0
353 557 0
354 763 0
355 785 0
356 385 0
360 538 0
360 563 0
360 666 0
361 452 0
362 373 0
362 453 0
362 957 0
362 1000 0
363 529 0
363 768 0
366 682 0
368 583 0
369 703 0
370 741 0
370 770 0
370 901 0
370 950 0
370 958 0
371 421 0
374 870 0
375 549 0
376 591 0
377 378 0
377 614 0
378 598 0
379 777 0
380 930 0
382 823 0
384 472 0
384 938 0
385 529 0
385 976 0
387 525 0
388 929 0
389 476 0
389 593 0
390 444 0
391 645 0
392 969 0
393 968 0
394 779 0
395 738 0
395 808 0
395 810 0
395 998 0
396 464 0
397 777 0
398 634 0
398 704 0
398 859 0
400 929 0
401 988 0
402 869 0
404 858 0
406 870 0
407 578 0
408 439 0
408 630 0
410 690 0
410 788 0
411 966 0
412 554 0
412 568 0
412 949 0
413 507 0
413 817 0
414 676 0
414 894 0
414 896 0
415 689 0
415 790 0
415 863 0
416 983 0
419 930 0
421 808 0
422 631 0
423 479 0
423 592 0
423 912 0
424 736 0
425 969 0
426 464 0
427 505 0
427 731 0
429 521 0
429 665 0
430 835 0
431 590 0
432 623 0
433 660 0
433 847 0
433 864 0
434 641 0
434 715 0
434 865 0
435 481 0
436 813 0
437 718 0
437 814 0
437 884 0
439 822 0
440 629 0
441 642 0
442 829 0
444 826 0
444 960 0
447 899 0
449 845 0
450 675 0
450 826 0
450 944 0
450 974 0
451 721 0
452 714 0
452 854 0
452 975 0
454 582 0
454 664 0
454 866 0
455 597 0
455 806 0
455 816 0
457 560 0
457 994 0
459 492 0
459 511 0
459 802 0
460 725 0
460 780 0
460 843 0
461 546 0
461 602 0
461 846 0
461 925 0
462 550 0
463 917 0
464 561 0
466 508 0
466 781 0
466 993 0
467 504 0
468 635 0
468 844 0
469 869 0
470 528 0
471 968 0
473 678 0
473 717 0
474 707 0
475 718 0
477 642 0
480 815 0
482 598 0
482 954 0
482 978 0
484 595 0
487 681 0
488 560 0
489 636 0
489 659 0
489 695 0
489 932 0
490 658 0
491 763 0
492 877 0
492 883 0
493 683 0
496 827 0
497 767 0
498 982 0
499 621 0
499 801 0
499 933 0
500 820 0
500 873 0
500 894 0
501 988 0
502 665 0
502 824 0
502 839 0
502 913 0
503 769 0
504 822 0
504 986 0
504 997 0
506 651 0
506 718 0
506 869 0
510 829 0
511 882 0
511 908 0
511 964 0
512 826 0
513 532 0
513 601 0
513 709 0
513 999 0
514 586 0
514 772 0
515 745 0
517 703 0
518 621 0
518 713 0
518 808 0
518 952 0
522 918 0
523 979 0
524 838 0
524 890 0
525 545 0
526 701 0
528 555 0
529 624 0
529 676 0
529 908 0
530 783 0
531 927 0
531 941 0
531 946 0
536 725 0
536 785 0
536 813 0
537 807 0
539 591 0
540 679 0
541 956 0
543 756 0
544 769 0
545 989 0
546 785 0
546 839 0
547 989 0
548 983 0
549 766 0
549 904 0
550 589 0
550 665 0
552 672 0
552 710 0
552 821 0
556 733 0
557 895 0
558 802 0
560 778 0
561 789 0
561 801 0
562 760 0
562 801 0
562 898 0
565 680 0
565 849 0
566 807 0
567 884 0
570 841 0
570 871 0
570 886 0
570 916 0
571 767 0
573 835 0
574 843 0
577 919 0
578 640 0
581 697 0
581 808 0
583 698 0
583 939 0
584 827 0
585 623 0
585 658 0
585 773 0
587 605 0
587 619 0
587 687 0
590 749 0
591 878 0
592 834 0
598 703 0
598 815 0
599 918 0
600 785 0
603 869 0
604 979 0
606 703 0
607 929 0
608 782 0
609 814 0
610 754 0
610 819 0
610 886 0
610 892 0
611 623 0
612 887 0
613 624 0
614 719 0
614 993 0
615 638 0
616 749 0
616 816 0
616 981 0
618 979 0
620 771 0
621 824 0
622 977 0
624 950 0
624 967 0
626 721 0
628 773 0
629 874 0
632 696 0
632 907 0
632 927 0
633 782 0
633 786 0
637 930 0
638 836 0
639 763 0
642 735 0
643 649 0
644 794 0
644 862 0
644 905 0
645 743 0
645 952 0
647 827 0
648 966 0
649 750 0
649 923 0
651 839 0
651 850 0
652 700 0
653 970 0
654 887 0
655 694 0
656 845 0
661 745 0
661 818 0
661 869 0
662 991 0
665 848 0
667 789 0
669 688 0
673 987 0
674 876 0
679 797 0
681 719 0
681 730 0
686 969 0
694 923 0
699 845 0
701 800 0
701 920 0
701 925 0
702 818 0
705 884 0
706 823 0
707 722 0
712 884 0
713 753 0
713 876 0
719 956 0
721 798 0
721 975 0
725 981 0
726 780 0
727 780 0
728 855 0
732 966 0
733 782 0
736 791 0
737 829 0
740 980 0
741 939 0
744 886 0
744 999 0
745 943 0
745 992 0
746 945 0
751 767 0
751 785 0
752 965 0
756 910 0
757 876 0
760 909 0
763 999 0
765 881 0
767 834 0
770 911 0
771 857 0
771 897 0
771 953 0
773 942 0
774 970 0
782 851 0
787 814 0
789 891 0
793 917 0
801 836 0
803 813 0
808 931 0
813 972 0
815 831 0
818 825 0
818 931 0
822 908 0
823 839 0
823 971 0
826 918 0
832 956 0
835 859 0
836 845 0
837 970 0
851 859 0
851 894 0
853 870 0
855 900 0
855 952 0
858 880 0
860 923 0
861 888 0
861 948 0
861 961 0
870 975 0
875 919 0
876 936 0
881 939 0
881 951 0
886 945 0
893 989 0
911 932 0
913 919 0
914 940 0
914 957 0
925 964 0
927 933 0
931 987 0
932 991 0
937 994 0
939 964 0
950 993 0
955 977 0
957 966 0
957 985 0
