800 973 0
1 356 0
2 405 0
3 643 0
4 107 0
4 118 0
4 335 0
4 603 0
4 674 0
5 326 0
5 564 0
5 720 0
5 790 0
6 240 0
6 363 0
6 429 0
6 444 0
6 657 0
6 767 0
7 31 0
7 339 0
7 427 0
7 458 0
7 485 0
8 756 0
9 61 0
9 447 0
9 564 0
9 716 0
10 24 0
10 109 0
10 270 0
10 753 0
11 233 0
12 465 0
13 210 0
13 339 0
13 393 0
13 408 0
13 631 0
13 775 0
14 541 0
15 332 0
15 411 0
15 765 0
16 592 0
17 289 0
18 497 0
19 242 0
20 628 0
21 602 0
22 360 0
23 522 0
25 33 0
25 119 0
25 560 0
25 565 0
25 715 0
25 779 0
26 129 0
26 160 0
26 395 0
26 553 0
26 674 0
27 602 0
28 400 0
29 381 0
30 130 0
30 189 0
30 448 0
31 464 0
31 521 0
31 648 0
31 718 0
32 622 0
33 147 0
33 229 0
33 651 0
34 756 0
35 66 0
35 206 0
35 239 0
35 313 0
35 345 0
35 382 0
36 154 0
36 335 0
36 610 0
36 716 0
37 228 0
37 297 0
37 433 0
37 441 0
38 40 0
38 436 0
38 674 0
38 695 0
39 111 0
41 696 0
42 64 0
42 134 0
42 432 0
42 646 0
42 766 0
43 619 0
44 173 0
45 758 0
46 418 0
47 644 0
47 651 0
47 724 0
47 734 0
48 522 0
49 86 0
49 369 0
49 482 0
49 663 0
50 104 0
50 127 0
50 642 0
50 676 0
51 332 0
52 176 0
52 545 0
52 562 0
52 578 0
53 497 0
54 670 0
55 578 0
56 499 0
57 599 0
58 416 0
59 761 0
60 752 0
61 152 0
61 741 0
61 788 0
62 113 0
63 591 0
63 598 0
63 623 0
63 746 0
64 161 0
64 171 0
64 222 0
65 78 0
65 180 0
65 552 0
65 688 0
66 256 0
66 581 0
67 171 0
68 229 0
69 163 0
69 515 0
69 734 0
70 173 0
71 521 0
72 556 0
73 232 0
74 580 0
75 492 0
76 159 0
77 381 0
79 312 0
80 724 0
81 418 0
82 265 0
83 261 0
84 727 0
85 623 0
86 119 0
86 160 0
86 406 0
86 589 0
86 612 0
87 491 0
88 652 0
89 499 0
90 189 0
91 140 0
92 331 0
92 463 0
92 497 0
92 562 0
93 135 0
93 364 0
93 555 0
93 608 0
94 480 0
95 572 0
96 769 0
97 121 0
97 375 0
97 410 0
97 624 0
98 476 0
99 186 0
99 206 0
99 622 0
100 325 0
100 581 0
100 756 0
100 798 0
101 752 0
102 144 0
102 351 0
102 795 0
103 161 0
103 217 0
103 367 0
103 633 0
104 419 0
104 464 0
104 797 0
105 504 0
106 669 0
107 180 0
107 212 0
107 525 0
107 632 0
107 720 0
107 748 0
107 791 0
108 173 0
108 649 0
108 686 0
108 779 0
109 459 0
109 572 0
109 589 0
109 642 0
109 673 0
110 523 0
111 263 0
111 386 0
111 456 0
112 619 0
112 656 0
112 726 0
113 347 0
113 450 0
113 527 0
114 454 0
114 626 0
114 716 0
115 308 0
116 138 0
116 346 0
116 374 0
116 632 0
116 783 0
117 497 0
118 160 0
118 290 0
118 330 0
119 652 0
119 766 0
120 521 0
122 585 0
123 676 0
124 164 0
124 187 0
124 252 0
124 533 0
124 699 0
125 409 0
126 332 0
126 603 0
126 649 0
126 700 0
127 487 0
127 505 0
127 723 0
128 621 0
130 527 0
130 588 0
130 631 0
131 415 0
132 352 0
132 517 0
132 549 0
132 779 0
133 538 0
135 656 0
135 677 0
136 506 0
136 619 0
136 791 0
137 190 0
137 525 0
137 662 0
137 665 0
138 268 0
138 325 0
138 515 0
139 222 0
139 287 0
139 550 0
139 569 0
140 179 0
140 220 0
140 330 0
140 435 0
141 440 0
141 483 0
141 516 0
141 614 0
142 146 0
143 599 0
144 157 0
144 564 0
144 573 0
145 534 0
146 341 0
146 468 0
146 575 0
146 748 0
147 423 0
147 613 0
147 661 0
148 310 0
148 354 0
148 534 0
148 556 0
148 609 0
148 626 0
149 155 0
149 596 0
149 649 0
150 762 0
151 454 0
153 739 0
154 718 0
154 726 0
154 735 0
155 253 0
155 435 0
155 516 0
155 728 0
156 338 0
156 502 0
156 750 0
158 606 0
159 252 0
159 314 0
159 524 0
160 539 0
160 602 0
161 195 0
161 256 0
161 325 0
161 335 0
162 798 0
163 202 0
163 338 0
163 502 0
164 381 0
164 656 0
165 389 0
165 401 0
165 435 0
165 574 0
165 579 0
165 640 0
165 650 0
166 189 0
167 405 0
168 302 0
168 666 0
168 726 0
168 762 0
169 175 0
169 339 0
169 405 0
169 463 0
170 648 0
171 495 0
171 791 0
172 206 0
172 417 0
172 421 0
172 447 0
172 719 0
173 286 0
173 624 0
174 238 0
174 258 0
174 519 0
174 737 0
175 201 0
175 516 0
175 683 0
175 787 0
176 185 0
176 245 0
176 433 0
177 189 0
178 536 0
180 333 0
180 360 0
180 663 0
181 203 0
182 622 0
183 225 0
184 637 0
185 398 0
185 548 0
185 702 0
186 479 0
186 708 0
186 738 0
188 476 0
189 686 0
191 310 0
191 338 0
191 407 0
191 711 0
192 360 0
193 295 0
194 666 0
195 506 0
195 620 0
196 235 0
196 284 0
196 656 0
196 726 0
196 752 0
197 268 0
198 459 0
199 669 0
200 592 0
202 501 0
202 611 0
202 791 0
203 273 0
203 608 0
203 799 0
204 727 0
205 393 0
205 562 0
205 732 0
206 628 0
206 652 0
207 295 0
208 784 0
209 663 0
211 284 0
212 240 0
212 615 0
212 798 0
213 332 0
214 669 0
215 617 0
216 700 0
217 509 0
217 584 0
217 587 0
218 306 0
218 567 0
218 595 0
218 764 0
219 424 0
221 648 0
222 712 0
223 676 0
224 659 0
225 333 0
225 408 0
225 478 0
226 354 0
227 696 0
228 538 0
228 718 0
229 269 0
229 315 0
229 706 0
229 730 0
230 262 0
230 447 0
230 590 0
230 714 0
230 791 0
231 530 0
232 274 0
232 525 0
232 551 0
233 437 0
233 516 0
233 759 0
234 620 0
235 538 0
235 621 0
236 367 0
236 691 0
236 720 0
237 591 0
239 398 0
239 411 0
239 530 0
239 627 0
240 426 0
241 670 0
242 264 0
242 380 0
242 531 0
243 388 0
243 527 0
243 672 0
243 742 0
244 477 0
245 277 0
245 433 0
245 443 0
245 702 0
245 722 0
246 732 0
247 418 0
248 563 0
249 397 0
250 303 0
250 477 0
250 499 0
250 599 0
251 761 0
252 431 0
252 476 0
252 746 0
254 615 0
255 754 0
256 480 0
256 696 0
256 739 0
257 580 0
259 606 0
260 739 0
261 525 0
261 654 0
261 715 0
264 323 0
264 571 0
264 755 0
265 306 0
265 394 0
265 453 0
266 755 0
267 663 0
268 660 0
268 681 0
269 652 0
269 761 0
271 482 0
272 652 0
275 652 0
276 598 0
278 677 0
279 628 0
280 515 0
281 463 0
282 649 0
283 628 0
284 324 0
284 496 0
284 568 0
285 765 0
287 295 0
287 506 0
287 735 0
288 747 0
289 296 0
289 370 0
289 614 0
290 523 0
290 541 0
290 621 0
291 633 0
292 351 0
293 663 0
294 466 0
295 438 0
297 303 0
297 389 0
297 578 0
297 765 0
298 747 0
299 471 0
300 538 0
301 459 0
302 317 0
302 392 0
302 452 0
302 707 0
303 737 0
303 786 0
304 397 0
305 754 0
306 412 0
306 726 0
307 459 0
308 313 0
308 464 0
308 535 0
308 763 0
309 492 0
310 499 0
311 328 0
312 355 0
312 401 0
312 545 0
312 631 0
312 741 0
313 398 0
313 409 0
313 606 0
315 657 0
315 676 0
316 739 0
318 476 0
319 428 0
319 430 0
319 528 0
319 616 0
320 482 0
321 429 0
321 557 0
321 682 0
321 780 0
322 756 0
323 439 0
323 575 0
323 650 0
325 680 0
327 358 0
328 457 0
328 608 0
328 712 0
328 789 0
329 333 0
329 702 0
329 725 0
330 466 0
330 732 0
331 436 0
331 483 0
331 795 0
332 630 0
333 463 0
334 515 0
335 371 0
335 382 0
336 543 0
337 562 0
338 491 0
338 669 0
338 743 0
340 358 0
340 504 0
340 609 0
340 747 0
341 541 0
341 752 0
342 563 0
343 670 0
344 360 0
344 454 0
344 603 0
345 627 0
345 732 0
348 659 0
349 491 0
350 758 0
351 440 0
351 583 0
351 601 0
353 465 0
354 632 0
354 749 0
355 411 0
355 652 0
356 387 0
356 517 0
356 777 0
357 637 0
358 496 0
358 503 0
359 440 0
359 470 0
359 513 0
359 610 0
359 748 0
361 477 0
362 644 0
365 644 0
366 636 0
367 645 0
367 785 0
368 442 0
369 471 0
369 666 0
371 591 0
371 770 0
372 627 0
373 676 0
376 636 0
377 471 0
378 623 0
379 448 0
381 425 0
382 609 0
382 651 0
383 580 0
384 725 0
385 415 0
386 642 0
386 697 0
386 741 0
386 761 0
389 573 0
389 659 0
390 424 0
391 622 0
393 643 0
393 680 0
396 581 0
397 436 0
397 745 0
399 402 0
400 539 0
400 650 0
400 684 0
401 623 0
402 750 0
402 770 0
402 776 0
403 754 0
404 620 0
405 680 0
405 703 0
408 592 0
408 603 0
409 540 0
409 566 0
409 673 0
411 508 0
411 576 0
412 526 0
412 701 0
412 705 0
413 432 0
413 547 0
413 710 0
413 729 0
413 768 0
414 617 0
415 593 0
415 750 0
416 532 0
416 546 0
416 624 0
418 788 0
420 727 0
420 755 0
420 788 0
422 691 0
424 436 0
424 461 0
425 570 0
425 622 0
425 754 0
426 575 0
426 721 0
426 729 0
429 475 0
429 784 0
430 620 0
430 670 0
430 718 0
431 636 0
431 724 0
432 603 0
432 769 0
434 591 0
436 678 0
439 642 0
439 716 0
439 746 0
440 536 0
442 650 0
442 698 0
442 744 0
445 571 0
446 732 0
447 629 0
448 449 0
448 462 0
448 614 0
448 790 0
451 466 0
454 680 0
454 793 0
455 480 0
459 468 0
459 715 0
460 784 0
463 473 0
465 596 0
465 653 0
466 469 0
467 697 0
468 716 0
471 686 0
471 693 0
472 530 0
474 656 0
475 596 0
475 702 0
475 786 0
477 597 0
480 490 0
481 649 0
482 564 0
483 496 0
483 570 0
483 716 0
484 523 0
486 752 0
488 784 0
489 606 0
491 629 0
491 655 0
491 766 0
491 776 0
492 517 0
492 537 0
493 585 0
494 598 0
498 504 0
499 586 0
500 623 0
502 626 0
502 640 0
502 778 0
502 788 0
504 510 0
504 731 0
506 544 0
506 635 0
507 578 0
511 798 0
512 677 0
514 656 0
515 639 0
517 718 0
518 636 0
520 556 0
521 796 0
522 685 0
522 795 0
523 542 0
527 570 0
527 589 0
529 530 0
534 577 0
534 582 0
534 678 0
536 559 0
536 794 0
538 545 0
539 637 0
541 731 0
543 596 0
543 641 0
543 760 0
545 563 0
545 735 0
554 762 0
555 620 0
555 633 0
556 664 0
558 666 0
561 691 0
562 601 0
562 613 0
563 647 0
563 729 0
564 735 0
570 686 0
570 699 0
571 638 0
571 667 0
572 689 0
572 692 0
572 707 0
573 758 0
575 585 0
578 671 0
580 680 0
581 772 0
585 613 0
585 733 0
591 626 0
592 792 0
594 734 0
596 725 0
598 774 0
599 712 0
600 643 0
601 686 0
601 719 0
602 690 0
604 769 0
605 644 0
607 798 0
608 609 0
610 696 0
614 691 0
615 618 0
615 737 0
617 737 0
617 800 0
619 736 0
619 773 0
619 795 0
620 699 0
621 629 0
621 678 0
623 776 0
624 651 0
625 758 0
627 668 0
627 778 0
628 790 0
633 657 0
633 659 0
634 648 0
636 795 0
637 738 0
637 757 0
640 697 0
643 720 0
643 750 0
648 654 0
654 702 0
657 727 0
658 755 0
659 731 0
669 770 0
673 691 0
673 778 0
675 769 0
677 702 0
677 704 0
679 734 0
680 712 0
686 758 0
687 696 0
694 700 0
697 751 0
697 781 0
700 707 0
709 765 0
713 762 0
716 786 0
717 765 0
719 724 0
725 740 0
727 738 0
727 771 0
738 743 0
743 750 0
743 786 0
746 788 0
747 782 0
770 791 0
