1000 1047 0
1 135 0
2 211 0
2 725 0
2 787 0
3 532 0
3 557 0
3 700 0
3 994 0
4 524 0
5 998 0
6 277 0
6 348 0
6 629 0
6 658 0
7 950 0
8 170 0
8 534 0
8 550 0
8 808 0
9 177 0
10 276 0
10 467 0
10 499 0
10 522 0
11 152 0
12 794 0
13 794 0
14 562 0
15 238 0
15 550 0
15 681 0
15 753 0
16 507 0
17 208 0
18 237 0
19 223 0
19 322 0
19 342 0
19 706 0
19 910 0
20 94 0
20 161 0
20 645 0
20 748 0
21 199 0
22 188 0
22 525 0
22 555 0
22 714 0
23 842 0
24 346 0
24 599 0
24 603 0
24 973 0
25 683 0
26 929 0
27 754 0
28 338 0
29 243 0
30 987 0
31 576 0
32 107 0
33 238 0
33 310 0
33 621 0
33 747 0
34 358 0
34 436 0
34 658 0
34 742 0
34 943 0
35 288 0
36 211 0
36 371 0
36 465 0
37 235 0
38 713 0
39 801 0
40 171 0
40 278 0
40 504 0
40 779 0
41 829 0
42 453 0
43 225 0
43 308 0
43 675 0
43 874 0
44 347 0
45 915 0
46 405 0
47 640 0
48 78 0
48 830 0
48 951 0
49 599 0
50 203 0
51 589 0
52 894 0
53 389 0
54 349 0
55 205 0
56 126 0
56 341 0
56 570 0
56 853 0
57 956 0
58 708 0
59 495 0
59 714 0
59 725 0
59 872 0
60 224 0
60 451 0
60 610 0
60 893 0
61 850 0
62 683 0
63 119 0
64 823 0
65 802 0
66 805 0
67 166 0
67 317 0
67 386 0
67 673 0
67 678 0
68 69 0
69 185 0
69 331 0
69 646 0
69 824 0
70 776 0
71 384 0
71 464 0
71 524 0
71 849 0
72 802 0
73 191 0
74 317 0
75 174 0
76 263 0
77 353 0
78 550 0
78 864 0
78 942 0
79 187 0
79 196 0
79 256 0
79 702 0
79 955 0
80 600 0
81 164 0
81 711 0
81 824 0
81 841 0
82 198 0
82 365 0
82 491 0
82 745 0
83 988 0
84 507 0
85 876 0
86 256 0
86 563 0
86 821 0
86 981 0
87 209 0
88 849 0
89 678 0
90 798 0
91 247 0
91 300 0
91 845 0
91 913 0
92 369 0
93 114 0
95 288 0
96 649 0
97 517 0
98 887 0
99 982 0
100 856 0
101 806 0
101 808 0
101 869 0
101 963 0
102 290 0
103 800 0
104 135 0
105 439 0
106 381 0
106 569 0
106 598 0
106 972 0
107 187 0
107 328 0
107 332 0
108 890 0
109 505 0
110 437 0
110 584 0
110 593 0
110 933 0
111 166 0
112 145 0
112 241 0
112 546 0
112 787 0
113 439 0
114 785 0
114 787 0
114 891 0
115 754 0
116 152 0
117 572 0
118 516 0
119 586 0
119 733 0
119 945 0
120 832 0
121 576 0
122 761 0
123 134 0
123 595 0
123 845 0
123 974 0
124 848 0
125 199 0
125 600 0
125 737 0
125 898 0
127 148 0
128 925 0
129 231 0
129 236 0
129 419 0
129 861 0
130 228 0
131 428 0
132 344 0
133 353 0
135 448 0
135 760 0
136 497 0
136 547 0
136 939 0
137 158 0
138 445 0
139 908 0
140 288 0
140 405 0
140 465 0
140 660 0
141 823 0
142 297 0
142 467 0
142 672 0
142 828 0
143 266 0
143 270 0
143 320 0
143 930 0
144 533 0
146 537 0
147 562 0
148 486 0
148 571 0
148 654 0
149 649 0
150 359 0
151 849 0
152 265 0
152 281 0
152 481 0
153 501 0
154 421 0
155 368 0
155 529 0
155 587 0
155 945 0
156 205 0
156 451 0
156 501 0
156 516 0
157 523 0
158 515 0
158 606 0
158 707 0
159 249 0
160 344 0
161 340 0
161 802 0
162 290 0
163 500 0
165 227 0
165 415 0
165 793 0
165 996 0
166 773 0
166 820 0
167 794 0
168 972 0
169 741 0
170 739 0
170 956 0
170 988 0
171 653 0
171 660 0
171 800 0
172 823 0
173 174 0
174 663 0
174 814 0
175 182 0
175 469 0
175 877 0
175 986 0
176 181 0
176 200 0
176 738 0
176 876 0
177 480 0
177 799 0
177 852 0
178 334 0
178 647 0
178 757 0
178 992 0
179 880 0
180 361 0
180 572 0
180 876 0
181 277 0
181 714 0
181 942 0
183 617 0
184 663 0
184 664 0
184 768 0
184 860 0
186 929 0
187 246 0
187 741 0
189 562 0
190 876 0
191 789 0
191 811 0
191 969 0
192 904 0
193 713 0
194 211 0
195 500 0
197 594 0
198 211 0
198 510 0
198 730 0
198 982 0
199 646 0
199 775 0
199 901 0
200 210 0
200 275 0
200 468 0
201 233 0
202 252 0
202 260 0
202 362 0
202 548 0
203 753 0
203 882 0
203 957 0
204 416 0
205 433 0
205 510 0
205 938 0
206 273 0
207 935 0
208 486 0
208 633 0
208 720 0
209 362 0
209 916 0
209 1000 0
211 941 0
212 217 0
212 662 0
212 920 0
212 961 0
213 887 0
214 280 0
215 897 0
216 353 0
218 306 0
219 524 0
220 271 0
221 884 0
222 240 0
222 336 0
222 650 0
222 758 0
223 552 0
223 718 0
224 396 0
224 450 0
224 697 0
226 229 0
228 784 0
228 807 0
228 845 0
229 283 0
229 443 0
229 760 0
230 346 0
232 802 0
233 485 0
233 674 0
233 945 0
234 394 0
235 488 0
235 743 0
235 772 0
235 953 0
237 307 0
237 481 0
237 512 0
237 694 0
238 560 0
238 649 0
239 973 0
242 281 0
242 625 0
242 791 0
242 819 0
242 831 0
242 861 0
243 604 0
243 787 0
243 804 0
244 810 0
245 306 0
245 617 0
245 635 0
245 924 0
246 628 0
246 671 0
246 969 0
248 713 0
249 281 0
249 441 0
249 520 0
249 673 0
249 949 0
250 632 0
250 635 0
250 730 0
250 830 0
251 644 0
253 501 0
254 897 0
255 487 0
256 935 0
257 313 0
258 739 0
259 306 0
261 421 0
261 445 0
261 812 0
262 371 0
263 318 0
263 764 0
263 874 0
264 459 0
267 364 0
267 549 0
267 623 0
267 852 0
267 919 0
268 552 0
269 622 0
270 541 0
270 561 0
270 987 0
271 471 0
271 476 0
271 953 0
272 552 0
273 277 0
273 387 0
273 619 0
274 893 0
277 708 0
279 426 0
279 509 0
279 593 0
279 958 0
280 357 0
280 636 0
280 772 0
282 798 0
284 408 0
284 731 0
284 817 0
284 834 0
285 359 0
286 473 0
287 936 0
288 691 0
289 428 0
290 637 0
290 658 0
290 706 0
291 776 0
292 427 0
292 880 0
292 939 0
292 998 0
293 931 0
294 347 0
294 434 0
294 572 0
294 848 0
295 855 0
296 826 0
298 366 0
298 875 0
298 915 0
298 950 0
299 886 0
301 505 0
302 517 0
302 558 0
302 666 0
302 823 0
303 445 0
304 341 0
304 449 0
304 836 0
304 889 0
305 617 0
306 778 0
309 893 0
311 363 0
311 418 0
311 476 0
311 944 0
312 346 0
313 596 0
313 630 0
313 721 0
314 708 0
315 498 0
315 508 0
315 905 0
315 978 0
316 848 0
317 409 0
317 881 0
319 338 0
321 465 0
323 329 0
324 340 0
325 750 0
326 952 0
327 719 0
329 535 0
329 651 0
329 921 0
330 805 0
333 585 0
335 738 0
336 718 0
336 719 0
336 898 0
337 527 0
337 821 0
337 888 0
337 976 0
338 535 0
338 827 0
339 886 0
340 490 0
340 783 0
340 968 0
341 359 0
341 518 0
342 632 0
342 805 0
343 394 0
343 585 0
343 763 0
343 847 0
344 816 0
344 861 0
345 754 0
346 668 0
347 458 0
347 634 0
349 351 0
349 723 0
349 799 0
350 384 0
352 844 0
353 628 0
354 561 0
355 842 0
356 579 0
359 592 0
360 545 0
361 416 0
361 523 0
361 660 0
361 794 0
362 863 0
362 887 0
366 395 0
366 577 0
366 614 0
367 537 0
369 590 0
369 628 0
369 709 0
370 798 0
371 553 0
371 628 0
372 803 0
373 980 0
374 842 0
375 465 0
376 560 0
377 598 0
378 494 0
379 599 0
380 523 0
381 417 0
381 707 0
381 757 0
382 803 0
383 856 0
384 580 0
384 835 0
385 416 0
386 476 0
386 547 0
386 909 0
388 413 0
389 496 0
389 567 0
389 618 0
390 487 0
391 550 0
391 700 0
391 760 0
391 799 0
392 826 0
393 653 0
394 703 0
394 815 0
397 915 0
398 761 0
399 533 0
400 427 0
401 484 0
401 486 0
401 746 0
401 833 0
402 896 0
403 453 0
404 678 0
405 717 0
405 971 0
406 871 0
407 850 0
410 523 0
411 573 0
412 565 0
413 475 0
413 489 0
413 538 0
413 772 0
414 617 0
416 483 0
417 451 0
417 830 0
417 898 0
420 594 0
421 438 0
421 744 0
421 808 0
422 998 0
423 696 0
424 689 0
425 561 0
427 642 0
427 659 0
428 551 0
428 693 0
428 917 0
429 494 0
429 573 0
429 863 0
429 931 0
430 935 0
431 434 0
431 839 0
431 875 0
431 951 0
432 684 0
432 685 0
432 793 0
432 879 0
434 567 0
434 793 0
435 800 0
439 639 0
439 665 0
440 610 0
441 494 0
441 536 0
442 950 0
444 611 0
444 641 0
444 725 0
444 760 0
444 970 0
445 612 0
445 961 0
446 487 0
447 894 0
451 919 0
452 832 0
452 839 0
452 846 0
452 850 0
453 492 0
453 757 0
454 880 0
455 847 0
456 559 0
457 667 0
459 521 0
459 690 0
459 919 0
460 574 0
461 908 0
462 741 0
463 973 0
464 535 0
464 706 0
464 942 0
465 795 0
466 696 0
467 545 0
467 875 0
470 506 0
472 551 0
472 740 0
472 813 0
472 983 0
473 902 0
473 911 0
473 919 0
474 517 0
475 565 0
475 931 0
476 640 0
477 516 0
478 554 0
479 689 0
481 632 0
481 925 0
482 610 0
486 666 0
487 706 0
487 907 0
493 739 0
494 605 0
497 613 0
497 707 0
497 989 0
500 566 0
500 714 0
501 790 0
502 982 0
503 832 0
505 534 0
505 906 0
506 526 0
506 757 0
506 857 0
507 700 0
507 895 0
510 805 0
511 738 0
512 615 0
512 987 0
513 849 0
514 810 0
516 912 0
517 765 0
518 748 0
518 772 0
518 909 0
519 900 0
524 540 0
528 924 0
530 585 0
531 801 0
533 903 0
533 947 0
534 552 0
534 855 0
535 713 0
536 576 0
536 728 0
536 829 0
536 939 0
537 843 0
537 969 0
539 738 0
541 864 0
541 949 0
541 961 0
542 598 0
543 980 0
544 565 0
545 797 0
545 838 0
547 803 0
547 890 0
547 980 0
551 763 0
551 886 0
554 597 0
554 665 0
554 928 0
556 739 0
558 796 0
558 932 0
558 959 0
559 670 0
559 748 0
559 892 0
560 759 0
560 809 0
561 870 0
562 681 0
564 886 0
565 808 0
567 696 0
567 805 0
568 884 0
569 676 0
569 688 0
569 726 0
572 977 0
573 766 0
573 770 0
574 624 0
574 646 0
574 681 0
575 610 0
576 588 0
578 609 0
578 682 0
578 817 0
578 967 0
579 630 0
579 695 0
579 732 0
581 936 0
582 640 0
583 904 0
585 710 0
589 699 0
589 922 0
589 949 0
591 900 0
593 763 0
593 884 0
594 825 0
594 943 0
598 602 0
599 656 0
600 786 0
600 975 0
601 931 0
603 861 0
603 942 0
603 945 0
607 653 0
608 848 0
615 681 0
615 771 0
615 962 0
615 993 0
616 846 0
620 718 0
622 722 0
622 791 0
622 943 0
626 952 0
627 855 0
630 632 0
630 810 0
631 829 0
632 968 0
635 663 0
635 845 0
638 737 0
640 985 0
643 894 0
644 679 0
644 821 0
644 885 0
648 924 0
649 661 0
652 801 0
653 840 0
655 735 0
657 929 0
660 909 0
663 667 0
665 666 0
665 908 0
666 725 0
666 864 0
667 677 0
667 736 0
669 812 0
671 863 0
671 939 0
671 951 0
673 896 0
678 698 0
680 844 0
683 753 0
683 960 0
686 750 0
687 893 0
689 793 0
689 999 0
692 924 0
696 729 0
700 750 0
701 708 0
704 832 0
705 972 0
707 936 0
712 737 0
713 907 0
715 956 0
716 855 0
718 769 0
718 953 0
718 964 0
719 788 0
719 914 0
724 812 0
727 950 0
730 767 0
730 874 0
734 890 0
735 782 0
735 865 0
735 978 0
737 979 0
741 948 0
748 929 0
749 847 0
750 780 0
751 972 0
752 800 0
753 894 0
754 767 0
755 890 0
756 980 0
761 824 0
761 835 0
761 867 0
762 826 0
763 864 0
767 776 0
767 935 0
772 852 0
774 880 0
776 878 0
777 897 0
781 915 0
787 866 0
791 805 0
792 850 0
798 968 0
799 826 0
801 978 0
802 968 0
803 899 0
810 966 0
812 903 0
817 871 0
817 875 0
818 988 0
821 839 0
822 908 0
824 898 0
829 937 0
830 909 0
835 875 0
837 847 0
839 943 0
842 939 0
844 877 0
844 926 0
846 851 0
846 859 0
854 925 0
856 903 0
856 940 0
858 900 0
862 904 0
863 978 0
866 877 0
866 903 0
866 951 0
868 956 0
871 907 0
871 991 0
873 936 0
874 952 0
876 954 0
877 896 0
883 931 0
884 995 0
887 997 0
896 918 0
897 949 0
900 961 0
904 969 0
917 935 0
917 961 0
923 988 0
925 927 0
934 998 0
946 982 0
952 984 0
965 973 0
987 990 0
