200 222 0
1 9 0
1 10 0
1 124 0
1 169 0
2 107 0
3 64 0
3 93 0
3 107 0
3 173 0
4 15 0
5 45 0
5 186 0
6 12 0
6 45 0
6 99 0
6 119 0
6 189 0
7 75 0
8 52 0
11 47 0
11 61 0
11 64 0
11 82 0
11 92 0
13 82 0
14 183 0
15 49 0
15 116 0
15 119 0
16 42 0
16 156 0
17 51 0
17 56 0
17 200 0
18 28 0
19 84 0
20 54 0
20 142 0
21 79 0
21 141 0
21 180 0
21 199 0
22 164 0
23 173 0
24 51 0
25 110 0
26 157 0
27 200 0
28 61 0
28 118 0
28 133 0
29 183 0
30 46 0
31 148 0
32 138 0
33 82 0
34 121 0
35 77 0
35 86 0
35 102 0
35 181 0
36 139 0
36 181 0
36 191 0
36 200 0
37 62 0
38 46 0
38 99 0
38 142 0
39 191 0
40 131 0
41 103 0
42 96 0
42 105 0
42 153 0
42 165 0
43 139 0
44 138 0
44 172 0
45 74 0
45 90 0
45 169 0
46 141 0
46 176 0
47 58 0
47 89 0
47 130 0
48 148 0
49 191 0
50 81 0
50 150 0
50 167 0
50 193 0
51 83 0
51 117 0
51 120 0
52 125 0
52 145 0
52 187 0
53 62 0
54 100 0
54 145 0
54 158 0
54 186 0
55 138 0
56 139 0
57 127 0
59 129 0
60 93 0
61 114 0
62 72 0
62 194 0
62 197 0
63 101 0
64 77 0
64 166 0
65 91 0
65 109 0
65 165 0
65 174 0
66 73 0
66 141 0
67 179 0
68 71 0
69 103 0
70 131 0
71 112 0
71 188 0
71 197 0
72 131 0
75 143 0
75 166 0
75 177 0
76 77 0
76 145 0
76 193 0
76 198 0
78 164 0
80 82 0
80 107 0
82 182 0
84 118 0
84 162 0
84 185 0
85 127 0
86 95 0
86 120 0
86 165 0
87 135 0
88 157 0
92 108 0
92 115 0
92 170 0
93 126 0
93 175 0
94 110 0
95 103 0
95 135 0
95 148 0
97 132 0
98 128 0
101 166 0
101 171 0
101 196 0
102 118 0
102 119 0
102 141 0
103 136 0
104 121 0
106 179 0
107 140 0
108 177 0
110 152 0
110 198 0
111 142 0
113 200 0
114 139 0
118 157 0
118 191 0
119 121 0
120 131 0
120 183 0
121 147 0
122 191 0
123 173 0
123 193 0
126 185 0
127 134 0
127 145 0
127 164 0
128 149 0
128 160 0
128 166 0
129 146 0
129 168 0
129 193 0
130 191 0
132 184 0
132 190 0
132 198 0
135 144 0
135 163 0
137 157 0
138 169 0
142 193 0
142 195 0
147 199 0
148 178 0
151 179 0
154 164 0
155 173 0
156 161 0
156 165 0
156 172 0
159 183 0
162 190 0
162 194 0
164 198 0
169 181 0
179 197 0
181 197 0
191 192 0
