40 81 0
1 21 0
1 26 0
1 32 0
2 10 0
2 23 0
2 25 0
2 34 0
3 26 0
3 35 0
4 15 0
4 20 0
4 24 0
5 7 0
5 25 0
6 11 0
6 12 0
6 14 0
6 16 0
7 8 0
7 35 0
7 36 0
8 16 0
8 40 0
9 11 0
9 25 0
10 16 0
10 17 0
10 22 0
10 23 0
11 13 0
11 23 0
11 37 0
11 39 0
12 18 0
12 29 0
12 34 0
12 38 0
13 25 0
13 34 0
13 40 0
14 21 0
14 31 0
14 32 0
14 33 0
14 36 0
14 39 0
15 18 0
15 23 0
15 32 0
15 36 0
16 19 0
16 20 0
17 29 0
17 30 0
17 32 0
18 28 0
19 26 0
20 25 0
20 28 0
20 31 0
21 32 0
21 37 0
22 26 0
23 40 0
24 26 0
24 34 0
24 35 0
25 30 0
27 34 0
27 35 0
28 29 0
28 33 0
28 37 0
28 39 0
29 34 0
29 35 0
30 37 0
31 35 0
32 38 0
35 36 0
36 37 0
