160 179 0
1 26 0
1 56 0
1 138 0
1 160 0
2 65 0
3 138 0
4 31 0
5 87 0
6 140 0
7 83 0
7 150 0
8 56 0
9 147 0
10 63 0
10 96 0
10 122 0
10 142 0
11 37 0
11 120 0
12 152 0
13 150 0
14 27 0
14 40 0
14 48 0
14 92 0
15 155 0
16 33 0
16 63 0
16 123 0
16 139 0
17 23 0
17 24 0
17 72 0
17 89 0
17 138 0
18 28 0
18 90 0
18 107 0
18 115 0
18 151 0
19 85 0
19 152 0
20 21 0
20 43 0
20 64 0
20 78 0
22 108 0
23 118 0
25 128 0
26 49 0
26 83 0
26 151 0
29 45 0
29 78 0
29 124 0
29 142 0
30 133 0
31 89 0
31 107 0
31 111 0
32 110 0
32 122 0
32 132 0
32 146 0
33 37 0
33 41 0
34 49 0
34 51 0
34 89 0
34 135 0
35 84 0
36 71 0
37 77 0
38 133 0
39 86 0
39 131 0
40 69 0
40 84 0
40 142 0
41 69 0
42 86 0
44 124 0
45 58 0
45 101 0
45 156 0
46 68 0
46 109 0
47 155 0
49 142 0
50 74 0
50 78 0
50 80 0
50 126 0
51 62 0
51 66 0
51 114 0
51 128 0
52 87 0
53 73 0
53 160 0
54 69 0
55 71 0
55 127 0
56 103 0
56 136 0
57 127 0
59 71 0
60 66 0
61 124 0
61 128 0
62 73 0
62 95 0
62 148 0
63 140 0
63 150 0
63 152 0
65 96 0
65 143 0
65 145 0
66 68 0
66 158 0
67 147 0
69 141 0
70 127 0
71 100 0
71 151 0
75 119 0
76 128 0
77 88 0
77 97 0
77 135 0
78 79 0
79 116 0
79 125 0
79 149 0
81 108 0
81 132 0
82 87 0
83 120 0
83 133 0
83 155 0
84 153 0
84 159 0
85 109 0
85 156 0
86 96 0
86 102 0
87 122 0
89 109 0
91 119 0
93 138 0
94 147 0
96 127 0
98 108 0
99 155 0
100 124 0
104 109 0
105 138 0
106 150 0
108 151 0
112 154 0
113 160 0
114 140 0
117 154 0
118 160 0
119 130 0
119 135 0
119 157 0
120 129 0
120 131 0
121 127 0
122 147 0
124 154 0
133 157 0
134 140 0
135 150 0
137 152 0
144 154 0
146 150 0
