200 267 0
1 166 0
1 194 0
2 112 0
3 64 0
4 179 0
5 53 0
5 124 0
5 155 0
6 19 0
6 35 0
6 50 0
6 133 0
6 197 0
7 18 0
8 47 0
8 191 0
9 18 0
10 172 0
11 14 0
12 130 0
13 52 0
13 80 0
13 109 0
13 147 0
13 151 0
14 34 0
14 111 0
14 126 0
14 130 0
15 49 0
15 150 0
16 132 0
16 156 0
16 171 0
16 191 0
16 193 0
17 64 0
17 88 0
17 136 0
17 142 0
18 92 0
18 168 0
19 60 0
19 148 0
20 32 0
21 36 0
22 194 0
23 63 0
23 114 0
24 89 0
24 156 0
24 165 0
24 174 0
25 121 0
25 141 0
25 182 0
25 187 0
26 159 0
26 189 0
27 120 0
28 136 0
29 52 0
29 77 0
29 109 0
29 113 0
29 139 0
30 32 0
30 120 0
30 152 0
30 163 0
31 72 0
32 153 0
32 171 0
33 77 0
33 98 0
33 107 0
33 141 0
33 151 0
33 176 0
33 199 0
35 101 0
35 102 0
36 158 0
36 187 0
36 198 0
37 52 0
37 77 0
37 108 0
37 131 0
37 195 0
38 184 0
39 56 0
39 135 0
39 186 0
39 197 0
40 102 0
40 163 0
41 114 0
42 159 0
43 47 0
43 112 0
43 163 0
43 194 0
44 83 0
44 101 0
44 183 0
45 68 0
45 104 0
46 85 0
47 171 0
48 62 0
49 72 0
51 64 0
52 120 0
52 185 0
52 198 0
53 82 0
53 159 0
54 136 0
55 72 0
55 101 0
57 104 0
57 179 0
58 112 0
59 63 0
59 160 0
60 136 0
60 138 0
60 156 0
61 161 0
62 73 0
62 103 0
62 118 0
62 126 0
62 200 0
63 75 0
63 115 0
63 156 0
63 173 0
64 154 0
65 79 0
65 185 0
66 97 0
66 138 0
67 183 0
68 119 0
68 147 0
68 180 0
69 79 0
69 152 0
70 142 0
70 186 0
71 104 0
72 150 0
72 170 0
74 172 0
75 183 0
76 91 0
76 102 0
76 104 0
76 130 0
76 181 0
77 86 0
78 88 0
78 109 0
78 181 0
79 83 0
79 90 0
79 187 0
79 189 0
80 137 0
81 84 0
81 152 0
82 142 0
84 87 0
85 118 0
85 151 0
85 173 0
85 187 0
86 137 0
87 103 0
87 138 0
87 144 0
88 117 0
88 168 0
91 149 0
93 117 0
93 167 0
93 190 0
93 196 0
94 142 0
95 114 0
95 118 0
95 152 0
96 184 0
97 151 0
97 169 0
97 175 0
98 101 0
99 119 0
99 155 0
100 153 0
100 194 0
101 104 0
101 110 0
101 170 0
102 131 0
102 140 0
102 166 0
104 125 0
104 143 0
105 150 0
106 120 0
109 124 0
109 163 0
112 146 0
114 126 0
115 173 0
116 130 0
117 147 0
117 149 0
117 179 0
120 122 0
123 152 0
123 172 0
124 126 0
124 138 0
124 197 0
127 149 0
128 155 0
129 131 0
129 185 0
130 160 0
131 142 0
133 137 0
134 156 0
134 161 0
136 163 0
137 138 0
137 192 0
138 159 0
140 190 0
145 185 0
147 161 0
147 184 0
148 172 0
148 184 0
149 178 0
150 168 0
150 177 0
152 184 0
153 176 0
155 170 0
156 163 0
157 179 0
158 199 0
160 176 0
161 199 0
162 183 0
164 172 0
164 175 0
168 172 0
170 181 0
181 187 0
183 188 0
183 197 0
193 198 0
