400 519 0
1 57 0
1 133 0
2 359 0
3 18 0
3 243 0
3 244 0
3 249 0
3 321 0
4 277 0
5 27 0
5 53 0
5 208 0
5 351 0
5 394 0
6 26 0
6 71 0
7 82 0
7 256 0
7 285 0
8 179 0
9 113 0
9 149 0
9 194 0
9 265 0
9 268 0
10 135 0
11 147 0
11 152 0
11 297 0
12 25 0
12 168 0
12 379 0
12 397 0
13 86 0
13 156 0
14 129 0
14 237 0
14 243 0
14 381 0
15 175 0
16 46 0
17 164 0
18 298 0
19 28 0
19 269 0
20 107 0
21 188 0
22 111 0
23 278 0
24 78 0
25 119 0
25 201 0
25 243 0
26 159 0
27 104 0
28 58 0
28 187 0
28 212 0
28 260 0
28 308 0
29 378 0
30 136 0
31 104 0
31 130 0
32 46 0
32 233 0
32 285 0
32 306 0
33 170 0
34 107 0
34 339 0
35 148 0
36 164 0
37 278 0
38 127 0
39 141 0
39 153 0
39 180 0
39 201 0
39 295 0
40 109 0
40 156 0
41 210 0
41 314 0
42 61 0
42 155 0
42 191 0
42 240 0
42 255 0
42 262 0
43 178 0
43 187 0
43 223 0
43 232 0
43 264 0
44 50 0
44 128 0
45 51 0
46 154 0
46 283 0
46 370 0
46 386 0
47 236 0
47 253 0
47 291 0
48 54 0
48 165 0
48 260 0
48 357 0
49 59 0
49 218 0
49 293 0
49 326 0
50 121 0
50 211 0
50 281 0
50 338 0
51 57 0
51 186 0
51 288 0
51 396 0
52 266 0
53 253 0
53 358 0
53 383 0
54 380 0
55 141 0
55 179 0
56 241 0
58 190 0
60 94 0
60 346 0
60 353 0
60 356 0
60 358 0
62 103 0
62 219 0
62 343 0
62 353 0
63 346 0
64 157 0
64 334 0
65 394 0
65 399 0
66 134 0
66 169 0
66 248 0
66 275 0
67 130 0
67 393 0
68 194 0
68 287 0
68 331 0
68 379 0
69 104 0
69 120 0
69 186 0
69 231 0
69 250 0
69 307 0
70 122 0
71 125 0
71 287 0
71 340 0
72 92 0
72 127 0
72 280 0
72 284 0
72 362 0
73 197 0
73 218 0
74 293 0
74 359 0
74 400 0
75 295 0
75 341 0
76 193 0
76 194 0
76 242 0
76 290 0
77 205 0
77 383 0
78 90 0
78 144 0
78 221 0
79 80 0
79 93 0
79 181 0
79 199 0
81 109 0
81 181 0
81 232 0
81 259 0
81 374 0
82 266 0
82 269 0
83 277 0
84 97 0
84 198 0
84 206 0
84 299 0
85 334 0
86 112 0
86 149 0
86 207 0
86 260 0
87 117 0
88 365 0
89 249 0
89 383 0
91 148 0
92 233 0
93 394 0
94 151 0
94 182 0
94 271 0
95 137 0
95 150 0
95 181 0
95 315 0
96 289 0
97 128 0
97 169 0
97 369 0
97 396 0
98 170 0
99 205 0
99 297 0
100 164 0
100 289 0
101 107 0
102 105 0
102 228 0
102 367 0
102 396 0
106 277 0
107 197 0
107 201 0
108 119 0
108 145 0
108 295 0
108 312 0
108 316 0
109 356 0
109 388 0
110 190 0
111 168 0
111 224 0
111 303 0
111 392 0
113 300 0
114 314 0
115 157 0
116 197 0
116 226 0
116 239 0
116 307 0
116 390 0
117 202 0
117 354 0
117 393 0
118 353 0
118 355 0
119 120 0
119 197 0
119 314 0
121 328 0
121 346 0
122 168 0
122 276 0
122 349 0
122 385 0
123 334 0
124 174 0
124 359 0
125 329 0
126 152 0
126 179 0
126 276 0
126 288 0
127 291 0
127 330 0
128 136 0
128 190 0
128 355 0
130 331 0
130 344 0
131 298 0
131 326 0
131 370 0
131 374 0
132 355 0
133 194 0
133 231 0
133 259 0
133 286 0
134 135 0
134 389 0
135 148 0
135 295 0
135 335 0
135 396 0
136 261 0
136 361 0
138 176 0
138 282 0
138 340 0
139 304 0
139 325 0
140 399 0
142 264 0
142 269 0
143 399 0
144 273 0
144 277 0
144 306 0
145 222 0
146 296 0
146 324 0
147 204 0
147 370 0
147 388 0
148 288 0
148 370 0
149 203 0
150 199 0
150 214 0
152 267 0
152 298 0
152 384 0
156 163 0
156 189 0
156 227 0
157 317 0
157 397 0
158 177 0
159 238 0
159 255 0
159 301 0
159 364 0
160 164 0
160 241 0
161 366 0
162 371 0
162 372 0
163 174 0
163 341 0
163 358 0
164 202 0
164 387 0
165 192 0
166 190 0
166 270 0
166 378 0
167 274 0
168 171 0
169 205 0
169 257 0
170 210 0
170 247 0
171 209 0
171 258 0
171 348 0
172 296 0
173 371 0
174 305 0
174 313 0
174 337 0
175 319 0
175 397 0
175 398 0
176 181 0
176 360 0
176 395 0
177 232 0
177 234 0
177 363 0
179 207 0
179 331 0
182 201 0
183 346 0
184 241 0
185 356 0
187 220 0
188 232 0
188 236 0
188 376 0
189 241 0
190 382 0
191 369 0
191 374 0
191 379 0
192 362 0
194 366 0
195 198 0
195 216 0
196 356 0
197 198 0
197 342 0
200 366 0
201 304 0
202 270 0
202 306 0
203 334 0
205 347 0
206 304 0
208 307 0
211 266 0
211 280 0
211 311 0
211 372 0
213 341 0
214 217 0
215 365 0
216 247 0
216 313 0
216 352 0
217 247 0
217 322 0
217 389 0
217 396 0
220 289 0
220 343 0
222 257 0
222 273 0
223 391 0
224 312 0
225 257 0
228 321 0
229 378 0
230 296 0
232 303 0
233 300 0
233 332 0
234 245 0
234 301 0
235 383 0
236 311 0
241 331 0
243 299 0
244 260 0
244 304 0
244 343 0
245 247 0
245 279 0
245 307 0
245 343 0
245 369 0
246 355 0
251 371 0
252 273 0
253 272 0
253 301 0
253 364 0
254 378 0
255 274 0
255 280 0
256 343 0
256 377 0
256 391 0
257 310 0
259 359 0
259 399 0
260 397 0
262 373 0
263 274 0
266 375 0
267 334 0
269 294 0
269 370 0
270 339 0
270 400 0
273 324 0
273 327 0
274 309 0
278 283 0
278 307 0
279 285 0
280 369 0
282 285 0
284 297 0
284 323 0
284 325 0
284 383 0
285 311 0
287 373 0
287 378 0
289 343 0
290 314 0
292 372 0
296 326 0
298 334 0
298 371 0
299 328 0
299 349 0
302 371 0
303 362 0
303 395 0
306 374 0
314 380 0
318 364 0
318 372 0
319 328 0
320 362 0
321 380 0
326 365 0
329 373 0
332 352 0
333 359 0
336 366 0
339 399 0
341 394 0
345 383 0
350 373 0
358 379 0
365 368 0
367 378 0
392 393 0
394 399 0
