350 435 0
1 239 0
2 145 0
3 97 0
3 102 0
3 111 0
3 149 0
4 150 0
5 45 0
5 51 0
5 182 0
5 217 0
6 330 0
7 255 0
8 14 0
8 164 0
8 169 0
8 318 0
9 75 0
10 43 0
10 231 0
10 268 0
10 347 0
11 89 0
12 249 0
13 224 0
14 101 0
14 117 0
14 177 0
14 230 0
14 284 0
15 47 0
15 51 0
15 193 0
15 313 0
16 186 0
16 204 0
16 209 0
16 331 0
17 43 0
17 93 0
17 209 0
17 250 0
17 337 0
18 136 0
18 172 0
19 70 0
19 338 0
20 89 0
20 96 0
20 157 0
20 305 0
21 257 0
22 175 0
23 266 0
24 305 0
25 42 0
25 114 0
25 218 0
25 233 0
25 295 0
25 342 0
26 43 0
26 60 0
26 281 0
26 327 0
27 101 0
27 330 0
28 287 0
29 68 0
30 270 0
31 65 0
31 75 0
31 126 0
31 269 0
32 121 0
32 263 0
32 270 0
32 330 0
33 108 0
34 346 0
35 98 0
35 308 0
36 242 0
37 302 0
38 109 0
38 258 0
39 78 0
39 103 0
39 215 0
39 219 0
39 278 0
39 335 0
40 207 0
40 251 0
40 277 0
40 289 0
40 339 0
41 88 0
42 143 0
42 246 0
43 229 0
44 222 0
44 257 0
44 284 0
44 302 0
46 96 0
47 134 0
48 62 0
48 320 0
49 255 0
50 223 0
51 271 0
51 287 0
51 311 0
51 323 0
52 146 0
52 349 0
53 305 0
54 56 0
54 132 0
55 163 0
56 106 0
56 123 0
56 141 0
56 156 0
56 193 0
56 238 0
56 261 0
56 282 0
57 263 0
58 88 0
58 108 0
58 126 0
58 212 0
59 62 0
59 87 0
59 206 0
59 243 0
59 316 0
60 66 0
60 157 0
60 174 0
60 175 0
60 322 0
61 63 0
62 87 0
62 99 0
62 101 0
62 292 0
62 350 0
63 227 0
63 267 0
63 341 0
63 346 0
64 343 0
65 162 0
65 168 0
65 333 0
66 128 0
66 188 0
66 233 0
66 303 0
67 94 0
68 76 0
68 178 0
68 282 0
69 220 0
70 149 0
70 179 0
70 323 0
71 131 0
72 95 0
72 135 0
72 249 0
72 255 0
72 334 0
73 299 0
73 327 0
74 145 0
75 113 0
75 213 0
77 261 0
77 306 0
78 270 0
79 349 0
80 175 0
81 278 0
82 241 0
83 220 0
83 313 0
84 154 0
85 269 0
86 171 0
86 232 0
87 121 0
87 186 0
87 223 0
87 261 0
88 208 0
88 211 0
88 236 0
89 144 0
89 175 0
89 300 0
90 135 0
91 239 0
92 232 0
93 262 0
94 237 0
94 238 0
94 258 0
95 194 0
95 197 0
95 325 0
96 180 0
96 345 0
97 342 0
98 309 0
100 305 0
100 345 0
103 117 0
104 249 0
105 270 0
105 343 0
107 244 0
107 256 0
107 258 0
107 267 0
108 152 0
108 216 0
108 231 0
109 276 0
109 319 0
109 328 0
110 242 0
112 138 0
112 151 0
112 244 0
112 260 0
114 317 0
115 137 0
115 340 0
116 135 0
117 234 0
117 235 0
117 240 0
118 263 0
119 123 0
119 172 0
119 195 0
120 302 0
121 210 0
121 251 0
122 228 0
123 212 0
124 196 0
124 256 0
124 276 0
124 331 0
125 133 0
125 228 0
126 196 0
126 233 0
126 256 0
127 278 0
128 182 0
128 322 0
129 150 0
130 232 0
130 290 0
131 136 0
131 189 0
131 196 0
132 172 0
133 320 0
134 137 0
134 312 0
135 214 0
135 294 0
136 205 0
137 244 0
137 280 0
137 285 0
139 257 0
139 290 0
140 171 0
142 201 0
143 241 0
144 247 0
145 297 0
145 304 0
146 212 0
147 229 0
147 239 0
147 314 0
148 232 0
148 242 0
149 168 0
149 220 0
149 311 0
150 283 0
150 335 0
151 155 0
152 346 0
153 311 0
153 320 0
153 343 0
153 346 0
154 177 0
154 199 0
154 251 0
154 254 0
155 171 0
156 287 0
157 210 0
157 297 0
157 299 0
158 210 0
158 256 0
158 281 0
159 201 0
160 312 0
160 329 0
160 335 0
160 342 0
161 181 0
161 246 0
161 301 0
161 336 0
162 334 0
163 183 0
163 195 0
163 196 0
163 323 0
164 320 0
165 229 0
166 249 0
167 302 0
168 280 0
170 340 0
171 276 0
171 286 0
172 295 0
172 331 0
173 220 0
174 265 0
175 226 0
176 241 0
179 291 0
184 257 0
185 263 0
187 201 0
190 330 0
191 222 0
192 326 0
196 309 0
198 229 0
199 308 0
200 346 0
201 267 0
202 343 0
203 212 0
205 223 0
210 334 0
218 259 0
221 327 0
222 279 0
222 290 0
223 294 0
224 245 0
224 251 0
224 321 0
225 230 0
225 268 0
227 229 0
228 271 0
228 299 0
229 338 0
230 298 0
230 314 0
232 297 0
233 349 0
236 326 0
238 344 0
239 258 0
240 278 0
241 276 0
241 322 0
242 267 0
244 248 0
247 255 0
248 252 0
248 288 0
248 289 0
249 299 0
252 341 0
253 320 0
257 303 0
258 308 0
259 273 0
259 282 0
259 306 0
261 262 0
261 275 0
261 299 0
264 278 0
264 350 0
266 272 0
266 336 0
266 348 0
269 292 0
269 317 0
270 279 0
270 315 0
274 346 0
276 311 0
278 331 0
281 284 0
281 311 0
282 334 0
284 335 0
287 296 0
287 310 0
291 349 0
293 309 0
296 327 0
297 326 0
300 313 0
307 340 0
308 324 0
309 332 0
326 344 0
333 336 0
334 336 0
336 340 0
