350 406 0
1 36 0
2 51 0
2 107 0
2 211 0
2 332 0
3 46 0
4 197 0
5 43 0
5 71 0
5 178 0
5 310 0
6 17 0
6 197 0
6 239 0
6 274 0
6 294 0
7 30 0
7 85 0
7 132 0
7 163 0
8 30 0
8 57 0
8 152 0
8 234 0
8 262 0
9 76 0
10 67 0
10 86 0
10 190 0
11 257 0
12 205 0
13 200 0
13 273 0
13 326 0
13 333 0
14 67 0
15 62 0
15 97 0
15 161 0
15 180 0
16 255 0
18 84 0
18 117 0
18 195 0
18 233 0
19 177 0
20 75 0
21 207 0
22 114 0
22 330 0
23 28 0
23 36 0
23 199 0
23 242 0
24 44 0
24 343 0
25 256 0
26 152 0
26 271 0
26 278 0
26 288 0
27 143 0
28 42 0
28 111 0
28 148 0
28 187 0
29 161 0
30 177 0
30 219 0
31 243 0
32 157 0
33 244 0
34 97 0
35 343 0
36 251 0
36 281 0
37 124 0
38 92 0
38 109 0
38 192 0
38 291 0
39 140 0
39 141 0
39 171 0
39 241 0
39 246 0
40 61 0
40 134 0
40 293 0
40 342 0
41 309 0
43 218 0
44 58 0
44 233 0
44 237 0
44 317 0
45 236 0
46 66 0
46 252 0
46 303 0
47 106 0
47 113 0
47 213 0
47 265 0
48 154 0
49 103 0
50 99 0
51 240 0
52 55 0
52 72 0
52 241 0
52 338 0
53 76 0
54 64 0
55 77 0
55 103 0
55 119 0
55 125 0
55 193 0
55 308 0
56 205 0
59 60 0
59 105 0
59 200 0
59 329 0
59 336 0
60 131 0
60 257 0
60 289 0
61 256 0
62 164 0
62 198 0
62 292 0
63 161 0
64 167 0
64 215 0
64 230 0
65 157 0
67 155 0
67 230 0
68 169 0
68 209 0
69 123 0
69 288 0
70 76 0
71 103 0
71 227 0
71 242 0
72 100 0
73 193 0
73 199 0
74 90 0
74 166 0
75 211 0
75 238 0
75 280 0
76 292 0
77 101 0
77 160 0
77 165 0
77 302 0
78 255 0
79 277 0
79 310 0
80 207 0
81 261 0
82 89 0
82 129 0
82 165 0
82 300 0
83 227 0
84 124 0
84 147 0
84 309 0
86 200 0
87 146 0
87 291 0
88 199 0
90 112 0
90 165 0
90 325 0
91 144 0
91 233 0
91 247 0
91 345 0
92 120 0
92 145 0
92 186 0
92 195 0
93 123 0
94 104 0
94 117 0
94 301 0
94 339 0
95 122 0
96 127 0
97 102 0
97 203 0
98 323 0
99 128 0
99 233 0
99 260 0
100 179 0
100 290 0
100 303 0
102 131 0
103 118 0
103 130 0
103 344 0
105 142 0
106 191 0
106 223 0
106 256 0
108 185 0
109 140 0
109 198 0
109 303 0
110 122 0
114 164 0
114 295 0
114 341 0
115 146 0
115 264 0
115 307 0
115 314 0
116 189 0
116 202 0
116 240 0
116 330 0
117 197 0
117 261 0
117 301 0
118 244 0
120 186 0
121 149 0
122 193 0
122 201 0
123 204 0
123 249 0
124 190 0
124 327 0
126 323 0
127 196 0
127 217 0
127 219 0
131 216 0
131 319 0
131 334 0
132 163 0
133 174 0
133 209 0
134 185 0
134 220 0
134 289 0
135 185 0
135 204 0
135 261 0
136 180 0
136 324 0
137 309 0
138 268 0
138 326 0
139 143 0
140 244 0
140 324 0
140 347 0
141 300 0
142 149 0
143 193 0
143 305 0
146 153 0
146 207 0
146 289 0
147 187 0
147 188 0
147 328 0
149 292 0
149 349 0
150 225 0
151 157 0
151 159 0
151 219 0
151 224 0
153 194 0
153 222 0
153 282 0
154 204 0
154 208 0
154 313 0
156 195 0
156 198 0
156 299 0
157 205 0
157 263 0
158 277 0
159 245 0
159 345 0
161 231 0
161 235 0
161 254 0
162 220 0
164 205 0
164 244 0
165 297 0
166 323 0
168 261 0
169 266 0
169 274 0
169 320 0
170 191 0
171 220 0
172 180 0
173 347 0
174 220 0
175 209 0
176 200 0
176 231 0
177 212 0
177 231 0
177 322 0
180 306 0
180 350 0
181 185 0
182 343 0
183 347 0
184 255 0
191 316 0
191 335 0
192 206 0
192 250 0
192 285 0
193 273 0
195 219 0
195 289 0
197 287 0
197 340 0
198 223 0
199 228 0
200 270 0
200 283 0
201 233 0
201 323 0
202 209 0
202 297 0
202 323 0
204 242 0
204 243 0
204 340 0
205 272 0
207 221 0
208 319 0
209 331 0
210 256 0
211 273 0
211 277 0
214 261 0
218 236 0
219 278 0
222 233 0
223 230 0
223 278 0
225 303 0
225 311 0
225 346 0
226 291 0
227 253 0
227 259 0
229 337 0
230 255 0
231 291 0
232 257 0
236 278 0
236 315 0
236 328 0
237 322 0
242 299 0
243 248 0
243 267 0
244 296 0
247 302 0
254 347 0
256 276 0
257 269 0
257 348 0
258 309 0
268 333 0
273 299 0
274 297 0
274 338 0
275 326 0
277 298 0
278 337 0
279 324 0
280 315 0
283 337 0
284 338 0
286 338 0
292 343 0
297 299 0
304 333 0
312 324 0
318 326 0
321 337 0
325 336 0
333 348 0
336 348 0
