300 353 0
1 72 0
2 162 0
2 232 0
3 291 0
4 80 0
5 8 0
5 195 0
6 102 0
6 119 0
6 231 0
6 279 0
7 236 0
8 157 0
8 193 0
9 86 0
10 145 0
10 256 0
10 281 0
11 150 0
11 195 0
12 220 0
13 51 0
13 211 0
14 218 0
15 180 0
16 161 0
17 190 0
17 255 0
18 89 0
19 112 0
19 122 0
19 173 0
19 199 0
20 158 0
20 200 0
21 125 0
22 141 0
23 211 0
24 111 0
25 219 0
26 111 0
27 121 0
27 178 0
27 214 0
27 268 0
28 127 0
28 175 0
28 220 0
28 291 0
29 134 0
29 280 0
30 79 0
31 41 0
31 79 0
31 164 0
31 205 0
32 143 0
33 91 0
34 288 0
35 75 0
36 286 0
37 141 0
37 180 0
37 243 0
38 229 0
38 233 0
38 242 0
38 292 0
39 89 0
39 150 0
39 153 0
39 195 0
39 235 0
40 255 0
41 120 0
41 144 0
41 150 0
41 183 0
41 261 0
42 138 0
42 186 0
42 244 0
42 259 0
43 86 0
43 163 0
43 200 0
43 201 0
43 219 0
44 73 0
44 104 0
44 232 0
44 252 0
44 284 0
45 78 0
46 134 0
47 280 0
48 63 0
49 175 0
50 132 0
50 146 0
50 148 0
50 172 0
51 291 0
52 88 0
53 177 0
54 175 0
55 227 0
56 288 0
57 109 0
57 116 0
57 250 0
57 284 0
58 141 0
59 106 0
60 161 0
60 276 0
61 77 0
61 263 0
62 115 0
62 143 0
62 160 0
62 235 0
63 140 0
63 245 0
63 270 0
64 220 0
65 97 0
65 106 0
65 124 0
65 211 0
65 217 0
66 243 0
67 289 0
68 77 0
69 97 0
70 220 0
71 183 0
71 213 0
72 154 0
72 265 0
72 277 0
74 95 0
74 182 0
74 224 0
74 247 0
75 81 0
75 239 0
75 275 0
76 123 0
76 213 0
76 255 0
77 85 0
77 137 0
78 147 0
78 185 0
78 224 0
79 202 0
79 215 0
80 172 0
80 187 0
80 251 0
82 89 0
82 287 0
82 288 0
83 213 0
84 201 0
86 176 0
86 189 0
87 118 0
88 104 0
88 139 0
88 295 0
89 150 0
89 240 0
90 145 0
91 101 0
91 178 0
91 225 0
92 162 0
93 105 0
93 131 0
93 190 0
93 241 0
94 193 0
96 243 0
97 130 0
97 166 0
97 178 0
98 104 0
98 136 0
99 218 0
100 154 0
100 231 0
100 234 0
100 267 0
100 284 0
103 218 0
104 120 0
105 209 0
106 216 0
106 278 0
107 188 0
108 139 0
108 174 0
108 179 0
108 209 0
110 164 0
111 172 0
111 273 0
112 243 0
112 255 0
112 298 0
113 171 0
113 211 0
114 276 0
115 196 0
115 238 0
115 262 0
117 177 0
118 230 0
118 253 0
118 275 0
119 177 0
119 232 0
123 289 0
124 131 0
124 186 0
124 263 0
125 210 0
125 275 0
126 281 0
127 139 0
127 178 0
127 267 0
128 168 0
128 263 0
128 267 0
129 197 0
129 231 0
129 249 0
129 268 0
129 293 0
131 136 0
131 218 0
132 239 0
133 186 0
133 256 0
133 296 0
133 299 0
134 274 0
134 290 0
134 296 0
135 141 0
135 205 0
135 286 0
135 288 0
136 152 0
136 181 0
137 165 0
137 205 0
137 219 0
137 227 0
139 276 0
142 164 0
143 223 0
143 266 0
144 153 0
144 156 0
145 154 0
145 257 0
149 203 0
149 280 0
151 180 0
153 222 0
153 254 0
154 188 0
155 243 0
156 200 0
157 217 0
158 162 0
158 207 0
159 193 0
159 222 0
159 271 0
160 203 0
160 264 0
160 272 0
161 228 0
161 245 0
162 224 0
163 224 0
163 245 0
163 263 0
164 233 0
164 237 0
165 246 0
167 171 0
167 246 0
167 270 0
168 172 0
168 290 0
168 298 0
169 201 0
170 188 0
171 286 0
175 294 0
177 242 0
177 269 0
180 248 0
180 298 0
181 197 0
184 246 0
186 236 0
188 271 0
191 288 0
192 236 0
193 245 0
194 217 0
195 282 0
198 200 0
201 283 0
203 283 0
204 219 0
205 263 0
206 289 0
207 227 0
208 227 0
212 217 0
213 242 0
213 287 0
219 281 0
219 297 0
221 281 0
224 232 0
226 276 0
227 299 0
231 280 0
234 236 0
235 242 0
235 267 0
238 275 0
242 259 0
246 290 0
258 286 0
260 281 0
261 291 0
271 299 0
275 298 0
276 285 0
280 300 0
281 284 0
283 290 0
289 290 0
