1000 1095 0
1 186 0
2 79 0
3 162 0
3 371 0
3 551 0
3 803 0
4 689 0
5 563 0
6 920 0
7 261 0
8 391 0
8 461 0
8 835 0
8 905 0
9 111 0
10 426 0
11 152 0
12 359 0
13 399 0
14 113 0
14 343 0
14 451 0
14 598 0
15 172 0
16 612 0
17 541 0
18 43 0
18 568 0
18 902 0
18 946 0
19 588 0
20 955 0
21 400 0
22 496 0
23 450 0
23 550 0
23 699 0
23 716 0
24 33 0
24 287 0
24 438 0
24 995 0
25 473 0
26 156 0
26 559 0
26 731 0
26 953 0
27 650 0
28 135 0
29 401 0
30 178 0
30 386 0
30 774 0
30 824 0
31 598 0
32 200 0
32 351 0
32 418 0
32 486 0
33 103 0
33 189 0
33 623 0
34 914 0
35 387 0
35 474 0
35 588 0
35 685 0
36 321 0
37 305 0
38 171 0
39 496 0
40 374 0
41 537 0
42 65 0
42 200 0
42 741 0
42 952 0
44 181 0
45 673 0
46 156 0
46 339 0
46 413 0
46 440 0
47 781 0
48 92 0
48 299 0
48 302 0
49 656 0
50 67 0
50 102 0
50 538 0
50 887 0
51 563 0
52 326 0
53 965 0
54 594 0
55 186 0
56 71 0
56 272 0
56 537 0
56 754 0
57 189 0
57 643 0
57 692 0
57 916 0
58 94 0
59 205 0
60 70 0
60 449 0
60 710 0
61 110 0
61 703 0
61 744 0
61 868 0
61 951 0
62 675 0
63 137 0
64 806 0
66 414 0
66 722 0
66 792 0
66 874 0
68 980 0
69 452 0
70 74 0
70 271 0
70 326 0
70 712 0
70 896 0
71 188 0
71 472 0
71 561 0
72 995 0
73 237 0
74 319 0
74 421 0
74 466 0
75 537 0
76 449 0
76 570 0
76 786 0
77 410 0
78 684 0
79 110 0
79 208 0
79 213 0
79 606 0
80 263 0
81 116 0
81 727 0
81 786 0
82 160 0
82 232 0
82 653 0
82 910 0
83 988 0
84 328 0
84 676 0
84 727 0
84 962 0
85 603 0
85 929 0
85 967 0
85 992 0
86 943 0
87 121 0
87 187 0
87 298 0
87 382 0
88 411 0
89 756 0
90 520 0
91 184 0
91 241 0
91 419 0
91 720 0
92 177 0
92 559 0
92 792 0
93 316 0
93 390 0
93 639 0
93 833 0
94 173 0
94 655 0
94 706 0
95 196 0
96 425 0
97 182 0
97 268 0
97 521 0
97 716 0
97 907 0
98 148 0
98 306 0
98 548 0
98 903 0
99 846 0
100 240 0
101 233 0
103 302 0
103 393 0
103 453 0
104 983 0
105 328 0
105 626 0
105 725 0
105 760 0
105 985 0
106 965 0
107 113 0
108 357 0
108 621 0
108 654 0
108 740 0
109 429 0
109 731 0
109 826 0
109 856 0
110 236 0
110 336 0
111 168 0
111 364 0
111 780 0
112 341 0
112 659 0
112 797 0
112 945 0
113 413 0
113 492 0
113 939 0
114 187 0
114 299 0
114 416 0
114 532 0
115 417 0
116 538 0
116 701 0
116 878 0
116 947 0
117 471 0
117 682 0
117 864 0
117 866 0
118 223 0
118 317 0
118 552 0
118 745 0
119 477 0
120 360 0
122 924 0
123 730 0
124 517 0
125 194 0
125 237 0
125 756 0
125 840 0
126 271 0
127 748 0
128 570 0
129 665 0
130 135 0
131 284 0
132 618 0
133 539 0
134 858 0
135 361 0
135 580 0
135 953 0
136 865 0
137 388 0
137 479 0
137 542 0
137 703 0
138 280 0
138 624 0
138 678 0
138 905 0
139 820 0
140 424 0
141 475 0
142 435 0
142 774 0
142 792 0
142 797 0
142 850 0
143 271 0
144 938 0
145 618 0
146 928 0
147 660 0
149 171 0
150 783 0
151 528 0
152 344 0
152 515 0
152 623 0
153 513 0
154 323 0
154 354 0
154 582 0
154 776 0
155 330 0
155 800 0
155 900 0
155 933 0
156 400 0
156 682 0
156 822 0
157 159 0
158 611 0
159 185 0
159 253 0
159 798 0
159 843 0
160 212 0
160 390 0
160 508 0
161 982 0
163 224 0
163 364 0
163 422 0
163 595 0
163 863 0
164 801 0
165 924 0
166 196 0
166 240 0
166 273 0
166 828 0
167 970 0
168 315 0
168 840 0
169 411 0
170 998 0
171 422 0
171 740 0
171 990 0
172 890 0
172 892 0
172 925 0
173 751 0
173 783 0
173 915 0
174 408 0
175 555 0
176 196 0
177 229 0
177 246 0
177 754 0
179 496 0
180 269 0
181 354 0
181 379 0
181 564 0
182 451 0
182 617 0
183 370 0
183 419 0
183 763 0
183 810 0
184 211 0
184 273 0
184 289 0
184 452 0
186 740 0
186 787 0
187 205 0
187 851 0
189 369 0
189 726 0
190 229 0
190 570 0
190 618 0
190 838 0
191 258 0
191 436 0
191 516 0
191 802 0
192 318 0
193 256 0
194 258 0
194 380 0
194 823 0
195 851 0
196 572 0
196 731 0
197 349 0
198 212 0
199 822 0
200 256 0
200 453 0
201 840 0
202 462 0
203 508 0
204 243 0
204 504 0
204 673 0
204 962 0
204 970 0
205 789 0
205 999 0
206 788 0
207 473 0
208 246 0
208 609 0
208 717 0
209 374 0
210 229 0
210 656 0
210 685 0
210 711 0
210 865 0
211 267 0
211 424 0
212 230 0
212 652 0
214 818 0
215 326 0
216 275 0
217 928 0
218 285 0
218 288 0
218 645 0
218 964 0
219 714 0
220 650 0
221 348 0
221 679 0
221 819 0
221 956 0
222 369 0
223 330 0
223 445 0
223 752 0
223 792 0
223 918 0
225 326 0
226 256 0
227 278 0
227 490 0
227 542 0
227 668 0
228 367 0
228 471 0
228 615 0
228 691 0
228 742 0
229 433 0
231 724 0
233 409 0
233 592 0
233 932 0
233 975 0
234 786 0
235 399 0
236 328 0
236 494 0
236 681 0
236 821 0
237 488 0
237 695 0
238 269 0
238 270 0
238 315 0
238 923 0
239 751 0
240 345 0
240 893 0
240 953 0
241 468 0
241 660 0
241 846 0
242 347 0
243 294 0
243 363 0
243 616 0
243 802 0
244 968 0
245 851 0
246 248 0
246 503 0
246 560 0
247 364 0
247 395 0
247 489 0
247 580 0
248 295 0
248 588 0
248 791 0
249 449 0
250 710 0
251 359 0
252 448 0
253 311 0
253 393 0
253 723 0
253 771 0
254 547 0
254 569 0
254 647 0
254 991 0
255 423 0
255 514 0
255 772 0
255 967 0
256 375 0
257 739 0
258 302 0
258 712 0
259 317 0
260 452 0
261 342 0
261 560 0
261 579 0
262 269 0
263 290 0
263 600 0
263 696 0
264 685 0
265 612 0
266 611 0
266 689 0
266 918 0
267 414 0
267 507 0
267 828 0
267 922 0
269 311 0
269 323 0
269 627 0
270 450 0
270 727 0
270 781 0
271 904 0
272 662 0
272 702 0
272 832 0
273 398 0
273 747 0
274 745 0
275 412 0
275 460 0
275 716 0
276 513 0
277 670 0
277 708 0
277 722 0
277 867 0
279 629 0
281 372 0
282 513 0
283 552 0
284 601 0
284 622 0
284 802 0
284 888 0
286 928 0
287 381 0
287 614 0
287 686 0
289 376 0
289 377 0
289 481 0
289 524 0
291 347 0
292 942 0
293 612 0
295 441 0
295 671 0
295 700 0
296 710 0
296 846 0
296 969 0
297 313 0
297 516 0
297 784 0
297 813 0
299 450 0
299 592 0
299 768 0
300 955 0
301 998 0
302 720 0
303 724 0
304 822 0
305 416 0
305 571 0
305 680 0
306 343 0
306 689 0
306 914 0
307 954 0
308 340 0
308 436 0
308 446 0
308 518 0
308 889 0
308 996 0
309 455 0
309 493 0
309 549 0
309 882 0
310 629 0
311 852 0
312 346 0
314 717 0
315 487 0
315 540 0
315 636 0
316 577 0
316 663 0
316 873 0
317 325 0
317 384 0
318 506 0
318 512 0
318 697 0
320 408 0
321 378 0
321 380 0
321 476 0
322 745 0
323 452 0
324 745 0
327 811 0
329 427 0
330 911 0
331 969 0
332 451 0
333 368 0
333 444 0
333 823 0
333 854 0
334 805 0
335 801 0
336 538 0
336 733 0
336 768 0
337 587 0
338 954 0
340 374 0
340 384 0
340 811 0
343 354 0
343 682 0
343 768 0
344 650 0
344 769 0
346 482 0
346 532 0
346 940 0
347 471 0
347 881 0
349 600 0
349 615 0
349 817 0
350 635 0
352 474 0
353 980 0
354 968 0
355 505 0
356 475 0
358 982 0
359 414 0
359 688 0
360 443 0
360 455 0
360 558 0
362 593 0
364 543 0
365 557 0
366 448 0
369 530 0
369 937 0
372 823 0
372 842 0
372 894 0
373 943 0
374 664 0
374 933 0
379 751 0
379 822 0
380 507 0
380 710 0
380 920 0
383 783 0
384 699 0
385 425 0
387 792 0
387 849 0
389 545 0
389 727 0
389 831 0
389 977 0
390 768 0
390 925 0
392 942 0
393 617 0
393 740 0
394 594 0
396 838 0
397 635 0
399 584 0
399 733 0
400 442 0
400 562 0
401 550 0
401 672 0
401 959 0
402 468 0
403 865 0
404 539 0
405 410 0
406 557 0
407 639 0
408 610 0
408 666 0
409 453 0
409 499 0
409 534 0
410 728 0
410 802 0
411 532 0
411 746 0
413 936 0
414 650 0
415 762 0
416 675 0
416 762 0
417 445 0
417 581 0
417 974 0
419 425 0
419 665 0
420 452 0
422 451 0
424 770 0
424 870 0
424 985 0
425 435 0
425 757 0
426 510 0
426 628 0
426 905 0
427 592 0
427 896 0
427 918 0
427 997 0
428 520 0
430 914 0
431 684 0
432 717 0
433 541 0
433 555 0
433 938 0
434 499 0
435 730 0
436 717 0
436 988 0
437 794 0
438 646 0
438 793 0
438 973 0
439 639 0
445 587 0
445 852 0
446 554 0
446 953 0
447 938 0
448 774 0
448 837 0
449 495 0
449 841 0
449 850 0
450 674 0
453 471 0
454 665 0
455 563 0
455 754 0
456 833 0
457 477 0
458 508 0
458 938 0
458 980 0
459 827 0
462 897 0
462 967 0
462 972 0
463 786 0
464 801 0
465 498 0
467 713 0
468 721 0
468 872 0
469 781 0
470 820 0
473 899 0
473 925 0
474 556 0
474 623 0
475 679 0
475 765 0
475 971 0
477 645 0
477 912 0
478 547 0
478 644 0
478 732 0
478 752 0
478 843 0
480 970 0
483 771 0
484 936 0
485 827 0
491 852 0
496 568 0
496 962 0
497 544 0
497 631 0
497 761 0
497 906 0
498 699 0
498 741 0
498 775 0
498 919 0
499 525 0
499 986 0
500 554 0
501 551 0
501 619 0
501 804 0
501 885 0
502 982 0
503 580 0
503 811 0
503 818 0
503 853 0
504 547 0
504 751 0
505 565 0
505 568 0
505 642 0
506 557 0
506 625 0
506 754 0
507 783 0
508 589 0
508 930 0
509 723 0
511 629 0
513 516 0
516 788 0
517 667 0
517 898 0
517 918 0
519 822 0
520 532 0
520 735 0
522 818 0
523 853 0
524 605 0
524 969 0
526 675 0
527 675 0
528 550 0
528 790 0
528 884 0
529 815 0
531 820 0
533 865 0
534 638 0
534 718 0
534 877 0
535 563 0
536 860 0
537 857 0
538 786 0
539 828 0
539 874 0
541 834 0
541 948 0
542 769 0
542 801 0
543 551 0
543 720 0
543 967 0
546 762 0
547 669 0
547 739 0
550 594 0
551 924 0
552 609 0
552 987 0
553 995 0
554 738 0
554 797 0
555 749 0
555 836 0
557 741 0
557 808 0
559 769 0
559 915 0
559 971 0
560 806 0
560 835 0
560 955 0
566 943 0
567 791 0
568 915 0
570 634 0
573 791 0
574 748 0
575 849 0
576 794 0
578 983 0
583 976 0
585 724 0
586 650 0
587 641 0
587 839 0
588 633 0
588 845 0
590 938 0
591 860 0
593 637 0
593 722 0
593 957 0
594 632 0
596 923 0
597 713 0
598 767 0
598 807 0
599 965 0
600 712 0
600 982 0
601 710 0
601 788 0
602 805 0
604 920 0
605 640 0
605 797 0
605 1000 0
607 639 0
608 923 0
609 669 0
610 769 0
610 943 0
610 980 0
611 617 0
611 707 0
611 862 0
612 918 0
613 713 0
615 713 0
617 820 0
617 942 0
618 715 0
620 838 0
623 684 0
625 785 0
625 825 0
625 934 0
629 699 0
630 924 0
635 953 0
635 958 0
645 712 0
645 805 0
648 679 0
648 703 0
648 830 0
648 879 0
649 739 0
650 971 0
651 685 0
656 743 0
656 750 0
657 755 0
658 755 0
660 661 0
660 765 0
665 909 0
669 720 0
669 911 0
669 929 0
669 985 0
673 823 0
673 994 0
674 719 0
674 761 0
674 905 0
677 876 0
679 915 0
683 846 0
684 814 0
685 966 0
687 838 0
689 766 0
690 968 0
693 849 0
694 781 0
698 739 0
699 849 0
704 833 0
705 860 0
709 914 0
711 733 0
711 858 0
713 850 0
714 933 0
714 935 0
714 989 0
716 858 0
719 794 0
719 876 0
719 954 0
722 983 0
723 752 0
723 883 0
724 774 0
726 737 0
726 861 0
726 896 0
726 929 0
727 795 0
729 748 0
730 731 0
730 944 0
731 867 0
733 755 0
733 969 0
734 755 0
736 983 0
748 850 0
751 891 0
753 756 0
756 812 0
758 806 0
759 840 0
761 965 0
761 976 0
762 847 0
764 846 0
765 943 0
769 933 0
771 927 0
771 960 0
773 805 0
777 976 0
778 827 0
779 815 0
781 843 0
782 833 0
783 895 0
788 963 0
791 859 0
794 875 0
796 936 0
799 853 0
806 961 0
809 852 0
811 848 0
815 874 0
815 978 0
816 970 0
818 829 0
827 874 0
835 929 0
840 949 0
844 998 0
851 921 0
853 917 0
855 923 0
858 984 0
860 925 0
865 867 0
869 954 0
871 968 0
876 886 0
876 979 0
880 969 0
901 920 0
908 988 0
911 928 0
911 970 0
911 998 0
913 976 0
926 955 0
931 995 0
936 985 0
936 993 0
941 988 0
942 950 0
969 981 0
