140 157 0
1 22 0
2 124 0
3 40 0
3 70 0
4 114 0
5 114 0
6 28 0
6 49 0
6 73 0
6 113 0
7 21 0
7 72 0
7 104 0
7 113 0
8 50 0
9 85 0
9 86 0
9 93 0
9 105 0
10 73 0
11 139 0
12 120 0
13 58 0
13 107 0
14 19 0
14 139 0
15 50 0
16 40 0
16 54 0
17 120 0
18 41 0
18 43 0
18 98 0
18 100 0
19 140 0
20 120 0
21 24 0
21 30 0
21 38 0
22 60 0
22 79 0
23 33 0
23 117 0
23 130 0
23 134 0
25 49 0
26 60 0
26 67 0
26 97 0
26 130 0
27 60 0
27 99 0
28 55 0
28 81 0
28 84 0
29 134 0
31 37 0
31 42 0
31 51 0
31 116 0
32 137 0
33 87 0
33 97 0
33 115 0
33 127 0
34 47 0
35 95 0
36 99 0
37 113 0
37 130 0
39 47 0
40 97 0
40 132 0
41 47 0
41 113 0
41 124 0
42 95 0
42 121 0
42 125 0
43 68 0
44 78 0
44 117 0
45 140 0
46 70 0
47 57 0
48 107 0
49 78 0
49 94 0
50 88 0
50 105 0
51 56 0
51 107 0
51 120 0
52 80 0
52 121 0
53 56 0
54 137 0
56 92 0
56 123 0
57 71 0
57 138 0
58 124 0
59 124 0
60 64 0
60 91 0
61 104 0
62 140 0
63 95 0
65 68 0
65 112 0
66 72 0
66 139 0
67 70 0
67 101 0
67 139 0
67 140 0
68 121 0
69 75 0
69 97 0
69 103 0
69 133 0
70 89 0
70 129 0
71 112 0
72 116 0
72 128 0
72 138 0
73 102 0
73 135 0
74 125 0
76 81 0
76 134 0
77 107 0
79 139 0
80 117 0
82 110 0
83 99 0
90 108 0
90 121 0
95 96 0
97 137 0
99 105 0
101 110 0
104 131 0
104 136 0
105 130 0
106 117 0
108 134 0
109 137 0
110 116 0
110 118 0
111 112 0
112 116 0
114 116 0
114 122 0
119 125 0
125 126 0
