900 1079 0
1 327 0
2 690 0
3 657 0
4 101 0
5 336 0
6 8 0
6 33 0
6 424 0
7 862 0
8 132 0
8 157 0
8 868 0
9 49 0
10 453 0
11 79 0
11 421 0
11 555 0
11 881 0
12 366 0
13 848 0
14 385 0
15 548 0
16 35 0
17 162 0
17 211 0
17 453 0
17 578 0
18 212 0
18 237 0
18 328 0
18 672 0
18 867 0
19 621 0
20 202 0
21 154 0
22 740 0
23 603 0
23 615 0
23 740 0
23 743 0
24 450 0
25 531 0
26 444 0
26 601 0
26 820 0
27 105 0
28 388 0
29 149 0
29 420 0
29 571 0
29 818 0
30 102 0
30 521 0
30 672 0
30 705 0
31 457 0
32 106 0
32 350 0
32 751 0
33 114 0
33 368 0
33 700 0
34 57 0
34 153 0
34 422 0
34 742 0
34 830 0
35 484 0
35 488 0
35 723 0
36 556 0
37 95 0
38 708 0
39 170 0
39 428 0
39 562 0
39 774 0
40 354 0
41 498 0
42 183 0
42 485 0
42 829 0
43 824 0
44 463 0
44 634 0
44 707 0
44 804 0
44 852 0
45 137 0
46 686 0
47 319 0
47 512 0
47 600 0
47 717 0
47 754 0
48 592 0
49 200 0
49 219 0
49 382 0
49 424 0
49 532 0
49 689 0
50 446 0
51 239 0
51 265 0
51 476 0
51 582 0
52 212 0
52 405 0
52 803 0
53 607 0
54 711 0
55 271 0
56 709 0
58 372 0
59 83 0
59 824 0
59 895 0
60 168 0
61 493 0
62 296 0
63 217 0
63 312 0
63 639 0
63 693 0
64 354 0
65 825 0
66 301 0
67 352 0
68 450 0
69 556 0
70 748 0
71 381 0
71 400 0
71 512 0
71 694 0
71 730 0
72 597 0
73 450 0
74 105 0
74 724 0
74 882 0
75 702 0
76 807 0
77 178 0
77 330 0
77 510 0
77 571 0
78 275 0
78 332 0
78 579 0
78 595 0
80 106 0
80 630 0
80 637 0
81 350 0
82 480 0
83 374 0
83 402 0
83 509 0
83 828 0
83 883 0
84 616 0
85 633 0
86 391 0
87 197 0
87 208 0
87 407 0
87 811 0
88 140 0
89 307 0
90 201 0
90 331 0
90 508 0
90 815 0
91 93 0
91 176 0
91 368 0
91 495 0
91 517 0
91 749 0
92 278 0
92 643 0
92 665 0
92 829 0
94 183 0
94 288 0
94 451 0
94 788 0
95 134 0
95 574 0
95 744 0
96 797 0
97 669 0
98 820 0
99 264 0
99 416 0
99 642 0
100 633 0
101 113 0
101 486 0
101 569 0
101 863 0
102 344 0
102 482 0
102 769 0
102 835 0
103 776 0
104 519 0
105 284 0
105 499 0
106 196 0
106 263 0
106 582 0
106 714 0
107 174 0
107 495 0
107 748 0
108 162 0
109 453 0
110 548 0
111 869 0
112 218 0
113 250 0
113 458 0
113 851 0
114 162 0
114 525 0
115 771 0
116 250 0
117 670 0
118 475 0
119 769 0
120 769 0
121 592 0
121 636 0
121 657 0
121 820 0
122 301 0
123 444 0
124 234 0
125 563 0
126 148 0
126 324 0
126 345 0
126 485 0
126 541 0
127 557 0
127 747 0
127 853 0
127 881 0
128 773 0
129 227 0
129 608 0
129 641 0
129 758 0
129 782 0
130 174 0
131 232 0
131 504 0
131 756 0
132 238 0
132 333 0
132 477 0
132 741 0
133 391 0
134 338 0
134 457 0
134 612 0
135 141 0
135 189 0
135 370 0
136 264 0
136 356 0
136 623 0
137 148 0
137 228 0
137 349 0
138 835 0
139 330 0
139 447 0
139 539 0
139 731 0
139 809 0
140 187 0
140 342 0
140 626 0
141 288 0
141 379 0
141 607 0
141 812 0
142 563 0
143 214 0
144 360 0
144 527 0
144 602 0
144 887 0
145 250 0
146 805 0
147 784 0
148 582 0
150 269 0
150 321 0
150 611 0
150 786 0
151 882 0
152 440 0
152 583 0
152 673 0
152 775 0
152 856 0
153 780 0
153 796 0
153 896 0
154 219 0
154 403 0
154 618 0
155 423 0
155 444 0
155 451 0
155 645 0
155 646 0
156 348 0
157 201 0
157 305 0
157 334 0
157 435 0
157 447 0
157 606 0
158 413 0
158 584 0
158 845 0
158 861 0
159 806 0
160 504 0
161 288 0
161 488 0
161 601 0
162 274 0
162 634 0
163 703 0
164 807 0
165 736 0
166 536 0
167 201 0
167 244 0
167 365 0
167 448 0
168 195 0
168 386 0
168 438 0
169 383 0
171 212 0
171 279 0
171 472 0
171 685 0
172 548 0
172 668 0
172 746 0
173 210 0
173 300 0
173 763 0
174 376 0
174 640 0
174 861 0
175 193 0
177 189 0
179 252 0
179 525 0
179 884 0
179 895 0
180 674 0
181 268 0
181 372 0
181 708 0
181 846 0
182 250 0
183 356 0
183 357 0
184 812 0
185 851 0
186 812 0
187 298 0
187 324 0
187 553 0
187 681 0
188 817 0
189 298 0
189 678 0
189 719 0
189 810 0
190 341 0
191 456 0
192 637 0
193 273 0
193 342 0
193 433 0
193 559 0
193 687 0
194 851 0
195 307 0
195 329 0
195 546 0
196 544 0
196 581 0
198 445 0
198 588 0
198 692 0
198 715 0
199 345 0
199 496 0
199 504 0
199 630 0
201 584 0
201 748 0
202 311 0
202 410 0
202 533 0
203 316 0
203 597 0
203 637 0
204 359 0
204 513 0
204 704 0
204 828 0
205 661 0
206 465 0
207 496 0
208 375 0
208 702 0
208 724 0
209 862 0
210 302 0
210 588 0
210 795 0
210 899 0
211 214 0
211 405 0
211 553 0
211 672 0
212 405 0
212 561 0
212 846 0
213 882 0
214 558 0
214 745 0
214 765 0
214 883 0
215 429 0
215 627 0
215 678 0
215 700 0
215 877 0
216 869 0
217 354 0
217 396 0
217 460 0
217 793 0
218 225 0
218 299 0
218 311 0
218 503 0
219 889 0
220 552 0
221 632 0
222 735 0
223 607 0
224 784 0
226 327 0
227 347 0
227 621 0
227 695 0
229 536 0
230 245 0
230 250 0
230 353 0
230 604 0
231 670 0
232 500 0
232 618 0
232 660 0
232 683 0
233 848 0
234 284 0
234 373 0
234 651 0
234 721 0
235 657 0
236 600 0
236 661 0
236 773 0
236 788 0
236 851 0
238 498 0
238 788 0
238 862 0
240 630 0
241 350 0
242 385 0
243 332 0
243 426 0
243 443 0
243 586 0
244 324 0
244 428 0
244 584 0
245 487 0
245 560 0
245 606 0
246 790 0
247 336 0
248 837 0
249 594 0
251 748 0
253 735 0
254 862 0
255 405 0
256 869 0
257 787 0
258 304 0
258 478 0
258 495 0
258 534 0
258 718 0
259 285 0
260 790 0
261 496 0
262 268 0
262 324 0
262 659 0
264 322 0
264 468 0
264 756 0
266 488 0
266 699 0
266 768 0
266 854 0
266 876 0
267 416 0
268 313 0
268 892 0
269 345 0
269 790 0
269 869 0
270 483 0
270 503 0
270 610 0
270 679 0
271 316 0
271 859 0
271 871 0
272 709 0
273 356 0
273 838 0
276 669 0
277 456 0
278 531 0
278 771 0
278 797 0
280 301 0
280 366 0
280 467 0
280 604 0
281 762 0
281 842 0
281 850 0
281 897 0
282 409 0
283 746 0
284 338 0
284 465 0
285 722 0
285 737 0
285 870 0
286 674 0
287 306 0
288 315 0
288 445 0
288 756 0
289 848 0
290 563 0
290 665 0
290 812 0
291 329 0
292 783 0
293 837 0
294 803 0
295 690 0
296 680 0
296 765 0
296 802 0
297 792 0
298 710 0
300 374 0
300 394 0
300 624 0
300 663 0
300 898 0
301 392 0
301 699 0
303 480 0
304 396 0
304 732 0
304 787 0
305 377 0
305 485 0
305 546 0
306 376 0
306 427 0
306 643 0
306 659 0
307 335 0
307 535 0
308 601 0
309 646 0
310 701 0
311 551 0
314 825 0
315 480 0
315 776 0
315 827 0
316 451 0
316 537 0
316 824 0
317 766 0
318 594 0
320 520 0
320 585 0
320 794 0
320 880 0
323 803 0
324 634 0
324 765 0
325 808 0
326 642 0
327 330 0
327 349 0
327 511 0
327 578 0
329 380 0
329 613 0
332 388 0
332 627 0
332 724 0
334 350 0
334 442 0
334 456 0
336 587 0
336 850 0
337 645 0
338 695 0
338 881 0
339 396 0
339 519 0
339 712 0
340 355 0
340 525 0
340 730 0
340 749 0
340 799 0
341 370 0
341 479 0
341 671 0
341 886 0
342 350 0
342 530 0
343 543 0
344 353 0
344 633 0
345 426 0
345 550 0
346 792 0
347 708 0
347 709 0
348 470 0
348 602 0
348 739 0
349 736 0
349 757 0
350 373 0
350 526 0
350 584 0
351 366 0
352 516 0
352 559 0
352 600 0
352 857 0
353 524 0
353 627 0
353 638 0
353 878 0
354 855 0
356 396 0
356 654 0
356 742 0
356 860 0
357 636 0
357 846 0
357 896 0
358 807 0
361 621 0
361 632 0
361 653 0
361 779 0
361 882 0
361 896 0
362 480 0
363 621 0
364 372 0
366 789 0
367 837 0
368 512 0
369 504 0
370 377 0
370 409 0
370 453 0
371 681 0
372 677 0
373 537 0
374 467 0
375 514 0
375 734 0
375 843 0
376 792 0
377 521 0
377 880 0
378 382 0
378 414 0
378 432 0
378 469 0
378 739 0
379 404 0
379 599 0
379 791 0
382 476 0
382 615 0
382 712 0
383 567 0
383 571 0
383 753 0
384 675 0
385 425 0
385 567 0
385 578 0
385 888 0
387 630 0
387 657 0
387 808 0
388 572 0
388 866 0
389 519 0
390 675 0
391 569 0
391 777 0
391 890 0
393 773 0
395 675 0
396 617 0
397 732 0
398 661 0
399 556 0
401 523 0
405 864 0
406 537 0
408 820 0
409 625 0
409 772 0
411 658 0
412 686 0
415 446 0
416 490 0
416 665 0
416 698 0
417 465 0
418 548 0
419 805 0
420 525 0
420 531 0
423 670 0
423 803 0
424 481 0
424 712 0
425 479 0
425 546 0
425 556 0
425 783 0
426 567 0
428 701 0
430 889 0
431 806 0
434 674 0
435 446 0
435 567 0
436 658 0
437 766 0
439 616 0
440 825 0
440 835 0
441 702 0
442 713 0
442 785 0
442 813 0
444 518 0
445 637 0
446 895 0
447 493 0
447 889 0
449 630 0
450 550 0
451 583 0
452 796 0
453 495 0
453 682 0
454 531 0
455 701 0
456 620 0
457 580 0
457 874 0
458 567 0
458 592 0
459 561 0
459 656 0
459 684 0
459 719 0
459 725 0
460 573 0
460 847 0
460 900 0
461 711 0
462 740 0
464 824 0
465 545 0
466 736 0
467 489 0
467 605 0
467 631 0
471 750 0
473 750 0
474 645 0
475 517 0
475 643 0
475 873 0
476 805 0
479 646 0
481 696 0
481 719 0
481 726 0
481 841 0
482 584 0
482 769 0
485 695 0
488 757 0
488 792 0
491 773 0
492 536 0
493 565 0
493 814 0
494 703 0
496 547 0
497 619 0
498 516 0
498 738 0
501 544 0
502 808 0
503 604 0
503 837 0
505 531 0
506 632 0
507 519 0
511 531 0
511 710 0
512 724 0
512 751 0
515 766 0
516 543 0
517 788 0
519 643 0
521 548 0
521 709 0
521 777 0
522 776 0
523 575 0
523 617 0
523 687 0
523 875 0
525 763 0
528 601 0
528 616 0
528 654 0
528 825 0
529 601 0
530 533 0
530 612 0
531 885 0
532 616 0
532 702 0
533 703 0
533 788 0
533 806 0
536 861 0
537 589 0
538 603 0
540 616 0
541 700 0
541 850 0
541 895 0
542 681 0
543 663 0
543 826 0
543 872 0
544 614 0
544 760 0
544 765 0
546 602 0
549 889 0
550 701 0
550 784 0
551 604 0
551 615 0
551 774 0
551 829 0
552 647 0
552 700 0
552 779 0
553 622 0
553 644 0
554 735 0
559 654 0
559 675 0
561 868 0
563 881 0
564 797 0
566 812 0
567 812 0
568 780 0
569 636 0
569 690 0
569 739 0
570 632 0
571 623 0
571 636 0
576 783 0
577 637 0
581 637 0
581 668 0
581 757 0
581 807 0
582 594 0
582 860 0
583 735 0
583 805 0
588 615 0
588 868 0
590 792 0
591 607 0
592 609 0
593 838 0
594 816 0
595 690 0
595 882 0
596 783 0
597 653 0
597 852 0
597 880 0
598 712 0
600 629 0
602 835 0
603 628 0
603 801 0
606 732 0
608 654 0
608 710 0
608 848 0
612 832 0
612 836 0
617 619 0
617 803 0
618 763 0
618 860 0
619 664 0
619 770 0
623 732 0
623 824 0
629 790 0
629 869 0
630 706 0
633 828 0
634 746 0
635 882 0
642 676 0
642 687 0
642 756 0
645 688 0
646 767 0
648 838 0
649 796 0
650 686 0
652 868 0
653 709 0
655 732 0
657 778 0
658 722 0
658 821 0
659 665 0
659 774 0
661 691 0
661 885 0
662 889 0
663 750 0
663 860 0
665 674 0
665 686 0
665 759 0
665 871 0
666 776 0
667 780 0
668 729 0
668 752 0
668 798 0
669 756 0
669 844 0
670 895 0
674 759 0
678 732 0
681 834 0
690 716 0
695 757 0
695 819 0
697 803 0
699 736 0
701 742 0
703 831 0
708 727 0
710 885 0
711 749 0
711 823 0
719 819 0
720 820 0
722 838 0
722 846 0
722 877 0
724 829 0
724 849 0
728 746 0
730 787 0
733 780 0
749 896 0
750 793 0
750 839 0
751 800 0
751 822 0
755 796 0
759 817 0
761 763 0
763 777 0
764 835 0
766 850 0
769 774 0
771 879 0
771 894 0
774 817 0
779 835 0
781 787 0
784 858 0
787 833 0
793 805 0
797 840 0
806 891 0
808 880 0
817 883 0
819 828 0
819 861 0
827 849 0
827 865 0
827 877 0
835 893 0
846 852 0
849 851 0
871 877 0
