File Branch_Vertices Time Verification Média_Grau_BV Branch_Vertices2 Time2 Verification2 Média_Grau_BV2 Branch_Vertices3 Time3 Verification3 Média_Grau_BV3 
Instancias\Spd_RF2_1000_1047_6011.txt	 314	 0,0150000000	 True	 4,0414013863	 314	 0,0000000000	 True	 4,0414013863	 314	 0,0160000000	 True	 4,0414013863
Instancias\Spd_RF2_1000_1047_6019.txt	 317	 0,0160000000	 True	 4,0220818520	 317	 0,0000000000	 True	 4,0220818520	 315	 0,0000000000	 True	 4,0349206924
Instancias\Spd_RF2_1000_1047_6027.txt	 316	 0,0000000000	 True	 4,0316457748	 316	 0,0160000000	 True	 4,0316457748	 315	 0,0000000000	 True	 4,0349206924
Instancias\Spd_RF2_1000_1047_6035.txt	 317	 0,0000000000	 True	 4,0252366066	 317	 0,0000000000	 True	 4,0252366066	 315	 0,0160000000	 True	 4,0349206924
Instancias\Spd_RF2_1000_1047_6043.txt	 316	 0,0150000000	 True	 4,0284810066	 316	 0,0000000000	 True	 4,0284810066	 314	 0,0000000000	 True	 4,0414013863
Instancias\Spd_RF2_1000_1095_6051.txt	 297	 0,0000000000	 True	 4,0841751099	 297	 0,0160000000	 True	 4,0841751099	 297	 0,0000000000	 True	 4,0841751099
Instancias\Spd_RF2_1000_1095_6059.txt	 298	 0,0000000000	 True	 4,0771813393	 298	 0,0160000000	 True	 4,0771813393	 298	 0,0000000000	 True	 4,0805368423
Instancias\Spd_RF2_1000_1095_6067.txt	 296	 0,0000000000	 True	 4,0844593048	 296	 0,0160000000	 True	 4,0844593048	 296	 0,0000000000	 True	 4,0844593048
Instancias\Spd_RF2_1000_1095_6075.txt	 294	 0,0000000000	 True	 4,0986394882	 294	 0,0160000000	 True	 4,0986394882	 295	 0,0150000000	 True	 4,0915255547
Instancias\Spd_RF2_1000_1095_6083.txt	 295	 0,0000000000	 True	 4,0949153900	 295	 0,0160000000	 True	 4,0949153900	 294	 0,0000000000	 True	 4,1020407677
Instancias\Spd_RF2_1000_1143_6091.txt	 279	 0,0000000000	 True	 4,1362009048	 279	 0,0160000000	 True	 4,1362009048	 281	 0,0000000000	 True	 4,1209964752
Instancias\Spd_RF2_1000_1143_6099.txt	 278	 0,0000000000	 True	 4,1474819183	 278	 0,0160000000	 True	 4,1474819183	 276	 0,0000000000	 True	 4,1594204903
Instancias\Spd_RF2_1000_1143_6107.txt	 279	 0,0000000000	 True	 4,1326165199	 279	 0,0160000000	 True	 4,1326165199	 279	 0,0000000000	 True	 4,1326165199
Instancias\Spd_RF2_1000_1143_6115.txt	 282	 0,0000000000	 True	 4,1276597977	 282	 0,0160000000	 True	 4,1276597977	 280	 0,0000000000	 True	 4,1321430206
Instancias\Spd_RF2_1000_1143_6123.txt	 274	 0,0000000000	 True	 4,1751823425	 274	 0,0160000000	 True	 4,1751823425	 276	 0,0000000000	 True	 4,1666665077
Instancias\Spd_RF2_1000_1191_6131.txt	 258	 0,0000000000	 True	 4,2480621338	 258	 0,0160000000	 True	 4,2480621338	 257	 0,0000000000	 True	 4,2529182434
Instancias\Spd_RF2_1000_1191_6139.txt	 258	 0,0000000000	 True	 4,2248063087	 258	 0,0160000000	 True	 4,2209300995	 259	 0,0000000000	 True	 4,2200770378
Instancias\Spd_RF2_1000_1191_6147.txt	 260	 0,0160000000	 True	 4,2076921463	 260	 0,0000000000	 True	 4,2076921463	 259	 0,0150000000	 True	 4,2277994156
Instancias\Spd_RF2_1000_1191_6155.txt	 262	 0,0000000000	 True	 4,1946563721	 262	 0,0160000000	 True	 4,1946563721	 260	 0,0000000000	 True	 4,2038459778
Instancias\Spd_RF2_1000_1191_6163.txt	 263	 0,0150000000	 True	 4,1901140213	 263	 0,0000000000	 True	 4,1901140213	 262	 0,0160000000	 True	 4,2022900581
Instancias\Spd_RF2_1000_1239_6171.txt	 239	 0,0000000000	 True	 4,3305439949	 239	 0,0160000000	 True	 4,3305439949	 239	 0,0000000000	 True	 4,3389120102
Instancias\Spd_RF2_1000_1239_6179.txt	 245	 0,0000000000	 True	 4,2775511742	 245	 0,0000000000	 True	 4,2775511742	 245	 0,0160000000	 True	 4,2775511742
Instancias\Spd_RF2_1000_1239_6187.txt	 243	 0,0160000000	 True	 4,3127570152	 243	 0,0000000000	 True	 4,3086419106	 243	 0,0150000000	 True	 4,3086419106
Instancias\Spd_RF2_1000_1239_6195.txt	 248	 0,0000000000	 True	 4,2500000000	 248	 0,0160000000	 True	 4,2540321350	 249	 0,0000000000	 True	 4,2489957809
Instancias\Spd_RF2_1000_1239_6203.txt	 247	 0,0150000000	 True	 4,2550606728	 247	 0,0160000000	 True	 4,2469635010	 246	 0,0000000000	 True	 4,2479672432
Instancias\Spd_RF2_100_114_1811.txt	 27	 0,0000000000	 True	 4,0740742683	 27	 0,0000000000	 True	 4,0740742683	 27	 0,0000000000	 True	 4,0740742683
Instancias\Spd_RF2_100_114_1819.txt	 24	 0,0000000000	 True	 4,1666665077	 24	 0,0000000000	 True	 4,1666665077	 24	 0,0000000000	 True	 4,2083334923
Instancias\Spd_RF2_100_114_1827.txt	 23	 0,0000000000	 True	 4,3043479919	 23	 0,0000000000	 True	 4,3043479919	 23	 0,0000000000	 True	 4,3043479919
Instancias\Spd_RF2_100_114_1835.txt	 23	 0,0150000000	 True	 4,1739130020	 23	 0,0000000000	 True	 4,1739130020	 23	 0,0000000000	 True	 4,1739130020
Instancias\Spd_RF2_100_114_1843.txt	 25	 0,0000000000	 True	 3,9200000763	 25	 0,0000000000	 True	 3,9200000763	 25	 0,0000000000	 True	 3,9200000763
Instancias\Spd_RF2_100_129_1851.txt	 20	 0,0000000000	 True	 3,9500000477	 20	 0,0000000000	 True	 3,9500000477	 18	 0,0000000000	 True	 4,2222223282
Instancias\Spd_RF2_100_129_1859.txt	 18	 0,0000000000	 True	 4,0000000000	 18	 0,0000000000	 True	 4,0000000000	 18	 0,0000000000	 True	 3,9444444180
Instancias\Spd_RF2_100_129_1867.txt	 21	 0,0000000000	 True	 4,0476188660	 21	 0,0000000000	 True	 4,0476188660	 18	 0,0000000000	 True	 4,2222223282
Instancias\Spd_RF2_100_129_1875.txt	 18	 0,0000000000	 True	 4,3888888359	 18	 0,0000000000	 True	 4,3888888359	 17	 0,0000000000	 True	 4,2941174507
Instancias\Spd_RF2_100_129_1883.txt	 17	 0,0000000000	 True	 4,4117646217	 17	 0,0000000000	 True	 4,4117646217	 15	 0,0000000000	 True	 4,5333333015
Instancias\Spd_RF2_100_144_1891.txt	 14	 0,0000000000	 True	 4,5714287758	 14	 0,0000000000	 True	 4,5714287758	 15	 0,0000000000	 True	 4,3333334923
Instancias\Spd_RF2_100_144_1899.txt	 14	 0,0000000000	 True	 4,0714287758	 14	 0,0000000000	 True	 4,0714287758	 12	 0,0000000000	 True	 4,3333334923
Instancias\Spd_RF2_100_144_1907.txt	 15	 0,0150000000	 True	 4,6666665077	 15	 0,0000000000	 True	 4,6666665077	 15	 0,0000000000	 True	 4,6666665077
Instancias\Spd_RF2_100_144_1915.txt	 12	 0,0000000000	 True	 4,4166665077	 12	 0,0000000000	 True	 4,3333334923	 11	 0,0000000000	 True	 4,4545454979
Instancias\Spd_RF2_100_144_1923.txt	 14	 0,0000000000	 True	 4,4285712242	 14	 0,0000000000	 True	 4,4285712242	 15	 0,0000000000	 True	 4,2666668892
Instancias\Spd_RF2_100_159_1931.txt	 14	 0,0000000000	 True	 4,1428570747	 14	 0,0000000000	 True	 4,1428570747	 11	 0,0000000000	 True	 4,3636364937
Instancias\Spd_RF2_100_159_1939.txt	 12	 0,0000000000	 True	 4,5833334923	 12	 0,0000000000	 True	 4,5833334923	 11	 0,0000000000	 True	 4,4545454979
Instancias\Spd_RF2_100_159_1947.txt	 12	 0,0150000000	 True	 4,1666665077	 12	 0,0000000000	 True	 4,1666665077	 8	 0,0000000000	 True	 4,6250000000
Instancias\Spd_RF2_100_159_1955.txt	 10	 0,0000000000	 True	 4,9000000954	 10	 0,0000000000	 True	 4,9000000954	 9	 0,0000000000	 True	 4,7777776718
Instancias\Spd_RF2_100_159_1963.txt	 13	 0,0000000000	 True	 4,3846154213	 13	 0,0000000000	 True	 4,3076925278	 12	 0,0000000000	 True	 4,5833334923
Instancias\Spd_RF2_100_174_1971.txt	 11	 0,0000000000	 True	 4,4545454979	 11	 0,0000000000	 True	 4,4545454979	 8	 0,0150000000	 True	 4,6250000000
Instancias\Spd_RF2_100_174_1979.txt	 11	 0,0000000000	 True	 3,9090909958	 11	 0,0000000000	 True	 3,9090909958	 9	 0,0000000000	 True	 4,2222223282
Instancias\Spd_RF2_100_174_1987.txt	 12	 0,0000000000	 True	 4,6666665077	 12	 0,0150000000	 True	 4,6666665077	 11	 0,0000000000	 True	 4,4545454979
Instancias\Spd_RF2_100_174_1995.txt	 11	 0,0000000000	 True	 5,0000000000	 11	 0,0000000000	 True	 4,9090909958	 9	 0,0000000000	 True	 5,2222223282
Instancias\Spd_RF2_100_174_2003.txt	 8	 0,0000000000	 True	 4,7500000000	 8	 0,0000000000	 True	 4,6250000000	 7	 0,0000000000	 True	 4,8571429253
Instancias\Spd_RF2_120_136_2211.txt	 31	 0,0000000000	 True	 4,0645160675	 31	 0,0000000000	 True	 4,0645160675	 31	 0,0000000000	 True	 4,0645160675
Instancias\Spd_RF2_120_136_2219.txt	 29	 0,0000000000	 True	 4,1379308701	 29	 0,0000000000	 True	 4,1379308701	 29	 0,0000000000	 True	 4,1379308701
Instancias\Spd_RF2_120_136_2227.txt	 30	 0,0000000000	 True	 4,1666665077	 30	 0,0000000000	 True	 4,1666665077	 30	 0,0000000000	 True	 4,1666665077
Instancias\Spd_RF2_120_136_2235.txt	 30	 0,0000000000	 True	 4,0333333015	 30	 0,0000000000	 True	 4,0333333015	 30	 0,0000000000	 True	 4,0333333015
Instancias\Spd_RF2_120_136_2243.txt	 31	 0,0000000000	 True	 3,9677419662	 31	 0,0000000000	 True	 3,9677419662	 31	 0,0000000000	 True	 3,9677419662
Instancias\Spd_RF2_120_152_2251.txt	 25	 0,0000000000	 True	 4,0000000000	 25	 0,0000000000	 True	 4,0000000000	 22	 0,0000000000	 True	 4,1363635063
Instancias\Spd_RF2_120_152_2259.txt	 24	 0,0000000000	 True	 4,2083334923	 24	 0,0000000000	 True	 4,2083334923	 23	 0,0000000000	 True	 4,1739130020
Instancias\Spd_RF2_120_152_2267.txt	 26	 0,0000000000	 True	 4,1923074722	 26	 0,0150000000	 True	 4,1923074722	 24	 0,0000000000	 True	 4,3750000000
Instancias\Spd_RF2_120_152_2275.txt	 24	 0,0000000000	 True	 4,1250000000	 24	 0,0000000000	 True	 4,1250000000	 23	 0,0000000000	 True	 4,2173914909
Instancias\Spd_RF2_120_152_2283.txt	 24	 0,0150000000	 True	 4,4166665077	 24	 0,0000000000	 True	 4,4166665077	 24	 0,0000000000	 True	 4,4583334923
Instancias\Spd_RF2_120_169_2291.txt	 19	 0,0000000000	 True	 4,3684210777	 19	 0,0000000000	 True	 4,3684210777	 19	 0,0000000000	 True	 4,4736843109
Instancias\Spd_RF2_120_169_2299.txt	 18	 0,0000000000	 True	 4,5555553436	 18	 0,0000000000	 True	 4,5555553436	 16	 0,0000000000	 True	 4,8125000000
Instancias\Spd_RF2_120_169_2307.txt	 17	 0,0000000000	 True	 4,5294117928	 17	 0,0000000000	 True	 4,5294117928	 17	 0,0150000000	 True	 4,3529410362
Instancias\Spd_RF2_120_169_2315.txt	 22	 0,0000000000	 True	 4,0454545021	 22	 0,0000000000	 True	 4,0000000000	 19	 0,0000000000	 True	 4,1578946114
Instancias\Spd_RF2_120_169_2323.txt	 21	 0,0000000000	 True	 4,3809523582	 21	 0,0000000000	 True	 4,3809523582	 17	 0,0000000000	 True	 4,7647056580
Instancias\Spd_RF2_120_185_2331.txt	 13	 0,0150000000	 True	 4,6923074722	 13	 0,0000000000	 True	 4,6153845787	 14	 0,0000000000	 True	 4,4285712242
Instancias\Spd_RF2_120_185_2339.txt	 15	 0,0000000000	 True	 4,4000000954	 15	 0,0000000000	 True	 4,4000000954	 13	 0,0000000000	 True	 4,6153845787
Instancias\Spd_RF2_120_185_2347.txt	 15	 0,0000000000	 True	 4,5333333015	 15	 0,0150000000	 True	 4,5333333015	 14	 0,0000000000	 True	 4,5000000000
Instancias\Spd_RF2_120_185_2355.txt	 13	 0,0000000000	 True	 4,5384616852	 13	 0,0000000000	 True	 4,4615383148	 11	 0,0000000000	 True	 4,7272725105
Instancias\Spd_RF2_120_185_2363.txt	 15	 0,0000000000	 True	 4,4000000954	 15	 0,0000000000	 True	 4,4000000954	 13	 0,0000000000	 True	 4,6923074722
Instancias\Spd_RF2_120_202_2371.txt	 11	 0,0000000000	 True	 4,4545454979	 11	 0,0000000000	 True	 4,4545454979	 11	 0,0000000000	 True	 3,9090909958
Instancias\Spd_RF2_120_202_2379.txt	 17	 0,0000000000	 True	 4,2941174507	 17	 0,0000000000	 True	 4,2941174507	 15	 0,0000000000	 True	 4,3333334923
Instancias\Spd_RF2_120_202_2387.txt	 13	 0,0000000000	 True	 4,4615383148	 13	 0,0150000000	 True	 4,4615383148	 11	 0,0000000000	 True	 4,5454545021
Instancias\Spd_RF2_120_202_2395.txt	 12	 0,0000000000	 True	 4,2500000000	 12	 0,0000000000	 True	 4,2500000000	 9	 0,0000000000	 True	 5,1111111641
Instancias\Spd_RF2_120_202_2403.txt	 14	 0,0000000000	 True	 4,5714287758	 14	 0,0150000000	 True	 4,5714287758	 10	 0,0000000000	 True	 5,0999999046
Instancias\Spd_RF2_140_157_2611.txt	 35	 0,0000000000	 True	 4,0857143402	 35	 0,0000000000	 True	 4,0857143402	 36	 0,0000000000	 True	 4,0555553436
Instancias\Spd_RF2_140_157_2619.txt	 34	 0,0000000000	 True	 4,0882353783	 34	 0,0000000000	 True	 4,0882353783	 34	 0,0000000000	 True	 4,0882353783
Instancias\Spd_RF2_140_157_2627.txt	 37	 0,0000000000	 True	 3,9189188480	 37	 0,0000000000	 True	 3,9189188480	 36	 0,0000000000	 True	 3,9722223282
Instancias\Spd_RF2_140_157_2635.txt	 34	 0,0000000000	 True	 4,1176471710	 34	 0,0000000000	 True	 4,1176471710	 34	 0,0000000000	 True	 4,1176471710
Instancias\Spd_RF2_140_157_2643.txt	 34	 0,0000000000	 True	 4,1470589638	 34	 0,0150000000	 True	 4,1176471710	 34	 0,0000000000	 True	 4,1470589638
Instancias\Spd_RF2_140_175_2651.txt	 26	 0,0000000000	 True	 4,3461537361	 26	 0,0000000000	 True	 4,3461537361	 25	 0,0000000000	 True	 4,3200001717
Instancias\Spd_RF2_140_175_2659.txt	 29	 0,0000000000	 True	 4,1379308701	 29	 0,0000000000	 True	 4,1379308701	 30	 0,0000000000	 True	 4,0333333015
Instancias\Spd_RF2_140_175_2667.txt	 26	 0,0000000000	 True	 4,2307691574	 26	 0,0000000000	 True	 4,2307691574	 26	 0,0000000000	 True	 4,1153845787
Instancias\Spd_RF2_140_175_2675.txt	 27	 0,0000000000	 True	 4,2592592239	 27	 0,0000000000	 True	 4,2592592239	 26	 0,0000000000	 True	 4,3076925278
Instancias\Spd_RF2_140_175_2683.txt	 30	 0,0000000000	 True	 4,0666666031	 30	 0,0000000000	 True	 4,0666666031	 29	 0,0000000000	 True	 4,1034483910
Instancias\Spd_RF2_140_193_2691.txt	 24	 0,0150000000	 True	 4,4583334923	 24	 0,0000000000	 True	 4,4583334923	 20	 0,0000000000	 True	 4,7500000000
Instancias\Spd_RF2_140_193_2699.txt	 22	 0,0000000000	 True	 4,0454545021	 22	 0,0000000000	 True	 4,0454545021	 21	 0,0150000000	 True	 3,9047617912
Instancias\Spd_RF2_140_193_2707.txt	 24	 0,0000000000	 True	 4,3750000000	 24	 0,0000000000	 True	 4,3750000000	 21	 0,0000000000	 True	 4,6190476418
Instancias\Spd_RF2_140_193_2715.txt	 25	 0,0000000000	 True	 4,0399999619	 25	 0,0000000000	 True	 4,0399999619	 22	 0,0000000000	 True	 4,2727274895
Instancias\Spd_RF2_140_193_2723.txt	 21	 0,0000000000	 True	 4,1428570747	 21	 0,0150000000	 True	 4,1428570747	 21	 0,0000000000	 True	 4,0952382088
Instancias\Spd_RF2_140_211_2731.txt	 19	 0,0000000000	 True	 4,6315789223	 19	 0,0000000000	 True	 4,6315789223	 16	 0,0000000000	 True	 4,8125000000
Instancias\Spd_RF2_140_211_2739.txt	 21	 0,0000000000	 True	 4,3333334923	 21	 0,0000000000	 True	 4,3333334923	 21	 0,0000000000	 True	 4,1904764175
Instancias\Spd_RF2_140_211_2747.txt	 22	 0,0000000000	 True	 4,4090909958	 22	 0,0000000000	 True	 4,4090909958	 17	 0,0000000000	 True	 4,6470589638
Instancias\Spd_RF2_140_211_2755.txt	 19	 0,0000000000	 True	 4,6842103004	 19	 0,0000000000	 True	 4,6315789223	 16	 0,0150000000	 True	 5,0000000000
Instancias\Spd_RF2_140_211_2763.txt	 19	 0,0000000000	 True	 4,3684210777	 19	 0,0000000000	 True	 4,3684210777	 17	 0,0000000000	 True	 4,4117646217
Instancias\Spd_RF2_140_229_2771.txt	 16	 0,0000000000	 True	 4,2500000000	 16	 0,0150000000	 True	 4,2500000000	 13	 0,0000000000	 True	 4,6923074722
Instancias\Spd_RF2_140_229_2779.txt	 13	 0,0000000000	 True	 4,6153845787	 14	 0,0000000000	 True	 4,3571429253	 13	 0,0000000000	 True	 4,4615383148
Instancias\Spd_RF2_140_229_2787.txt	 15	 0,0150000000	 True	 4,3333334923	 15	 0,0000000000	 True	 4,2666668892	 14	 0,0000000000	 True	 4,4285712242
Instancias\Spd_RF2_140_229_2795.txt	 17	 0,0000000000	 True	 4,2941174507	 17	 0,0000000000	 True	 4,2941174507	 16	 0,0000000000	 True	 4,5000000000
Instancias\Spd_RF2_140_229_2803.txt	 18	 0,0000000000	 True	 4,4444446564	 18	 0,0000000000	 True	 4,4444446564	 16	 0,0000000000	 True	 4,3750000000
Instancias\Spd_RF2_160_179_3011.txt	 39	 0,0000000000	 True	 4,0769228935	 39	 0,0000000000	 True	 4,0769228935	 40	 0,0000000000	 True	 4,0999999046
Instancias\Spd_RF2_160_179_3019.txt	 40	 0,0000000000	 True	 4,1250000000	 40	 0,0000000000	 True	 4,1250000000	 40	 0,0000000000	 True	 4,1250000000
Instancias\Spd_RF2_160_179_3027.txt	 43	 0,0000000000	 True	 3,9302325249	 43	 0,0000000000	 True	 3,9302325249	 43	 0,0000000000	 True	 3,9069766998
Instancias\Spd_RF2_160_179_3035.txt	 40	 0,0000000000	 True	 4,0000000000	 40	 0,0000000000	 True	 4,0000000000	 40	 0,0000000000	 True	 4,0250000954
Instancias\Spd_RF2_160_179_3043.txt	 40	 0,0000000000	 True	 4,1250000000	 40	 0,0000000000	 True	 4,1250000000	 41	 0,0000000000	 True	 4,0731706619
Instancias\Spd_RF2_160_198_3051.txt	 34	 0,0000000000	 True	 4,3235292435	 34	 0,0000000000	 True	 4,3235292435	 35	 0,0000000000	 True	 4,2857141495
Instancias\Spd_RF2_160_198_3059.txt	 30	 0,0000000000	 True	 4,1999998093	 30	 0,0000000000	 True	 4,1999998093	 30	 0,0000000000	 True	 4,1666665077
Instancias\Spd_RF2_160_198_3067.txt	 34	 0,0000000000	 True	 4,3529410362	 34	 0,0000000000	 True	 4,3529410362	 33	 0,0000000000	 True	 4,4545454979
Instancias\Spd_RF2_160_198_3075.txt	 33	 0,0000000000	 True	 4,1515150070	 33	 0,0000000000	 True	 4,1212120056	 32	 0,0000000000	 True	 4,2187500000
Instancias\Spd_RF2_160_198_3083.txt	 35	 0,0000000000	 True	 4,2285714149	 35	 0,0000000000	 True	 4,2285714149	 34	 0,0000000000	 True	 4,2941174507
Instancias\Spd_RF2_160_218_3091.txt	 25	 0,0150000000	 True	 4,3200001717	 25	 0,0000000000	 True	 4,3200001717	 24	 0,0000000000	 True	 4,4166665077
Instancias\Spd_RF2_160_218_3099.txt	 30	 0,0000000000	 True	 4,3666667938	 30	 0,0000000000	 True	 4,3666667938	 27	 0,0000000000	 True	 4,4444446564
Instancias\Spd_RF2_160_218_3107.txt	 25	 0,0150000000	 True	 4,1199998856	 25	 0,0000000000	 True	 4,1199998856	 24	 0,0000000000	 True	 4,1666665077
Instancias\Spd_RF2_160_218_3115.txt	 26	 0,0000000000	 True	 4,5384616852	 26	 0,0000000000	 True	 4,5384616852	 26	 0,0000000000	 True	 4,4230771065
Instancias\Spd_RF2_160_218_3123.txt	 28	 0,0000000000	 True	 4,2500000000	 28	 0,0150000000	 True	 4,2500000000	 27	 0,0000000000	 True	 4,3703703880
Instancias\Spd_RF2_160_237_3131.txt	 25	 0,0000000000	 True	 4,4000000954	 25	 0,0000000000	 True	 4,4000000954	 24	 0,0000000000	 True	 4,2500000000
Instancias\Spd_RF2_160_237_3139.txt	 22	 0,0000000000	 True	 4,3636364937	 22	 0,0150000000	 True	 4,3636364937	 20	 0,0000000000	 True	 4,3499999046
Instancias\Spd_RF2_160_237_3147.txt	 25	 0,0000000000	 True	 4,0799999237	 25	 0,0000000000	 True	 4,0399999619	 21	 0,0000000000	 True	 4,1904764175
Instancias\Spd_RF2_160_237_3155.txt	 24	 0,0000000000	 True	 4,0833334923	 24	 0,0000000000	 True	 4,1250000000	 21	 0,0000000000	 True	 4,1428570747
Instancias\Spd_RF2_160_237_3163.txt	 24	 0,0000000000	 True	 4,2083334923	 24	 0,0000000000	 True	 4,2083334923	 20	 0,0000000000	 True	 4,5000000000
Instancias\Spd_RF2_160_257_3171.txt	 22	 0,0000000000	 True	 4,4090909958	 22	 0,0000000000	 True	 4,4090909958	 21	 0,0000000000	 True	 4,2857141495
Instancias\Spd_RF2_160_257_3179.txt	 19	 0,0000000000	 True	 4,4736843109	 19	 0,0150000000	 True	 4,4736843109	 17	 0,0000000000	 True	 4,5294117928
Instancias\Spd_RF2_160_257_3187.txt	 23	 0,0000000000	 True	 3,9565217495	 23	 0,0000000000	 True	 3,9130434990	 17	 0,0000000000	 True	 4,1764707565
Instancias\Spd_RF2_160_257_3195.txt	 19	 0,0000000000	 True	 4,3684210777	 19	 0,0000000000	 True	 4,3684210777	 19	 0,0000000000	 True	 4,4210524559
Instancias\Spd_RF2_160_257_3203.txt	 19	 0,0000000000	 True	 4,6842103004	 19	 0,0000000000	 True	 4,6315789223	 14	 0,0000000000	 True	 5,1428570747
Instancias\Spd_RF2_180_200_3411.txt	 48	 0,0000000000	 True	 4,1250000000	 48	 0,0000000000	 True	 4,1041665077	 48	 0,0000000000	 True	 4,1041665077
Instancias\Spd_RF2_180_200_3419.txt	 50	 0,0000000000	 True	 3,9600000381	 50	 0,0000000000	 True	 3,9600000381	 49	 0,0000000000	 True	 4,0000000000
Instancias\Spd_RF2_180_200_3427.txt	 48	 0,0150000000	 True	 4,1041665077	 48	 0,0000000000	 True	 4,0833334923	 47	 0,0000000000	 True	 4,0851063728
Instancias\Spd_RF2_180_200_3435.txt	 47	 0,0000000000	 True	 4,0851063728	 47	 0,0000000000	 True	 4,0851063728	 47	 0,0000000000	 True	 4,1063828468
Instancias\Spd_RF2_180_200_3443.txt	 45	 0,0000000000	 True	 4,0444445610	 45	 0,0000000000	 True	 4,0444445610	 45	 0,0000000000	 True	 4,0444445610
Instancias\Spd_RF2_180_221_3451.txt	 36	 0,0000000000	 True	 4,1666665077	 36	 0,0000000000	 True	 4,1666665077	 34	 0,0000000000	 True	 4,2647056580
Instancias\Spd_RF2_180_221_3459.txt	 41	 0,0000000000	 True	 3,9756097794	 41	 0,0150000000	 True	 3,9756097794	 39	 0,0000000000	 True	 4,0000000000
Instancias\Spd_RF2_180_221_3467.txt	 37	 0,0000000000	 True	 4,2432432175	 37	 0,0000000000	 True	 4,2432432175	 35	 0,0000000000	 True	 4,3142857552
Instancias\Spd_RF2_180_221_3475.txt	 37	 0,0000000000	 True	 4,1081080437	 37	 0,0150000000	 True	 4,1081080437	 36	 0,0000000000	 True	 4,1666665077
Instancias\Spd_RF2_180_221_3483.txt	 40	 0,0000000000	 True	 4,3000001907	 40	 0,0000000000	 True	 4,3000001907	 40	 0,0000000000	 True	 4,3000001907
Instancias\Spd_RF2_180_242_3491.txt	 29	 0,0000000000	 True	 4,2413792610	 29	 0,0000000000	 True	 4,2413792610	 27	 0,0150000000	 True	 4,2222223282
Instancias\Spd_RF2_180_242_3499.txt	 32	 0,0000000000	 True	 4,1562500000	 32	 0,0000000000	 True	 4,1562500000	 29	 0,0000000000	 True	 4,2413792610
Instancias\Spd_RF2_180_242_3507.txt	 30	 0,0000000000	 True	 4,3333334923	 30	 0,0150000000	 True	 4,3333334923	 27	 0,0000000000	 True	 4,5925927162
Instancias\Spd_RF2_180_242_3515.txt	 29	 0,0000000000	 True	 4,4482760429	 29	 0,0000000000	 True	 4,4137930870	 28	 0,0000000000	 True	 4,4285712242
Instancias\Spd_RF2_180_242_3523.txt	 30	 0,0150000000	 True	 4,3666667938	 30	 0,0000000000	 True	 4,3333334923	 27	 0,0000000000	 True	 4,4074072838
Instancias\Spd_RF2_180_263_3531.txt	 24	 0,0000000000	 True	 4,2916665077	 24	 0,0150000000	 True	 4,2916665077	 22	 0,0000000000	 True	 4,5000000000
Instancias\Spd_RF2_180_263_3539.txt	 28	 0,0000000000	 True	 4,5000000000	 28	 0,0000000000	 True	 4,5000000000	 23	 0,0000000000	 True	 4,9565215111
Instancias\Spd_RF2_180_263_3547.txt	 25	 0,0150000000	 True	 4,5999999046	 25	 0,0000000000	 True	 4,5199999809	 23	 0,0000000000	 True	 4,6956520081
Instancias\Spd_RF2_180_263_3555.txt	 29	 0,0000000000	 True	 4,1379308701	 29	 0,0000000000	 True	 4,1379308701	 25	 0,0000000000	 True	 4,4000000954
Instancias\Spd_RF2_180_263_3563.txt	 29	 0,0000000000	 True	 4,4137930870	 29	 0,0000000000	 True	 4,4137930870	 24	 0,0000000000	 True	 4,6250000000
Instancias\Spd_RF2_180_284_3571.txt	 25	 0,0000000000	 True	 4,1199998856	 25	 0,0150000000	 True	 4,1199998856	 22	 0,0000000000	 True	 3,9545454979
Instancias\Spd_RF2_180_284_3579.txt	 23	 0,0000000000	 True	 4,3913044930	 23	 0,0000000000	 True	 4,3478260040	 21	 0,0000000000	 True	 4,2857141495
Instancias\Spd_RF2_180_284_3587.txt	 25	 0,0000000000	 True	 3,9600000381	 26	 0,0000000000	 True	 3,8461537361	 19	 0,0000000000	 True	 4,2105264664
Instancias\Spd_RF2_180_284_3595.txt	 25	 0,0000000000	 True	 4,6799998283	 25	 0,0150000000	 True	 4,6799998283	 22	 0,0000000000	 True	 4,8636364937
Instancias\Spd_RF2_180_284_3603.txt	 27	 0,0000000000	 True	 4,6666665077	 27	 0,0150000000	 True	 4,6666665077	 23	 0,0000000000	 True	 4,9130434990
Instancias\Spd_RF2_200_222_3811.txt	 51	 0,0000000000	 True	 4,2156863213	 51	 0,0000000000	 True	 4,2156863213	 51	 0,0000000000	 True	 4,2156863213
Instancias\Spd_RF2_200_222_3819.txt	 53	 0,0000000000	 True	 4,1132073402	 53	 0,0000000000	 True	 4,1132073402	 52	 0,0000000000	 True	 4,1538462639
Instancias\Spd_RF2_200_222_3827.txt	 52	 0,0000000000	 True	 4,0961537361	 52	 0,0000000000	 True	 4,0961537361	 51	 0,0000000000	 True	 4,1372547150
Instancias\Spd_RF2_200_222_3835.txt	 52	 0,0000000000	 True	 4,0961537361	 52	 0,0000000000	 True	 4,0961537361	 52	 0,0000000000	 True	 4,0769228935
Instancias\Spd_RF2_200_222_3843.txt	 53	 0,0000000000	 True	 4,1320753098	 53	 0,0000000000	 True	 4,1320753098	 52	 0,0000000000	 True	 4,1538462639
Instancias\Spd_RF2_200_244_3851.txt	 42	 0,0000000000	 True	 4,2857141495	 42	 0,0000000000	 True	 4,2857141495	 41	 0,0000000000	 True	 4,2926831245
Instancias\Spd_RF2_200_244_3859.txt	 43	 0,0150000000	 True	 4,2790699005	 43	 0,0000000000	 True	 4,2790699005	 44	 0,0000000000	 True	 4,2045454979
Instancias\Spd_RF2_200_244_3867.txt	 41	 0,0000000000	 True	 4,2682929039	 41	 0,0000000000	 True	 4,2682929039	 40	 0,0000000000	 True	 4,2750000954
Instancias\Spd_RF2_200_244_3875.txt	 43	 0,0000000000	 True	 4,1860466003	 43	 0,0150000000	 True	 4,1860466003	 40	 0,0000000000	 True	 4,2500000000
Instancias\Spd_RF2_200_244_3883.txt	 41	 0,0000000000	 True	 4,2926831245	 41	 0,0000000000	 True	 4,2926831245	 40	 0,0000000000	 True	 4,3249998093
Instancias\Spd_RF2_200_267_3891.txt	 36	 0,0000000000	 True	 4,4166665077	 36	 0,0000000000	 True	 4,3888888359	 35	 0,0000000000	 True	 4,4000000954
Instancias\Spd_RF2_200_267_3899.txt	 36	 0,0000000000	 True	 4,2500000000	 36	 0,0000000000	 True	 4,2500000000	 31	 0,0000000000	 True	 4,5161290169
Instancias\Spd_RF2_200_267_3907.txt	 32	 0,0000000000	 True	 4,4687500000	 32	 0,0000000000	 True	 4,4687500000	 31	 0,0000000000	 True	 4,5483870506
Instancias\Spd_RF2_200_267_3915.txt	 36	 0,0000000000	 True	 4,2500000000	 36	 0,0000000000	 True	 4,2500000000	 33	 0,0000000000	 True	 4,3636364937
Instancias\Spd_RF2_200_267_3923.txt	 33	 0,0000000000	 True	 4,5454545021	 33	 0,0000000000	 True	 4,5454545021	 32	 0,0000000000	 True	 4,5625000000
Instancias\Spd_RF2_200_289_3931.txt	 29	 0,0150000000	 True	 4,4827585220	 29	 0,0000000000	 True	 4,4827585220	 24	 0,0000000000	 True	 4,7083334923
Instancias\Spd_RF2_200_289_3939.txt	 31	 0,0000000000	 True	 4,4193549156	 31	 0,0000000000	 True	 4,3870968819	 30	 0,0150000000	 True	 4,3333334923
Instancias\Spd_RF2_200_289_3947.txt	 32	 0,0000000000	 True	 4,4375000000	 32	 0,0000000000	 True	 4,4062500000	 30	 0,0000000000	 True	 4,4666666985
Instancias\Spd_RF2_200_289_3955.txt	 31	 0,0000000000	 True	 4,4193549156	 31	 0,0000000000	 True	 4,4193549156	 30	 0,0000000000	 True	 4,3666667938
Instancias\Spd_RF2_200_289_3963.txt	 30	 0,0150000000	 True	 4,4000000954	 30	 0,0000000000	 True	 4,4000000954	 28	 0,0000000000	 True	 4,4642858505
Instancias\Spd_RF2_200_312_3971.txt	 26	 0,0000000000	 True	 4,3461537361	 26	 0,0150000000	 True	 4,3461537361	 25	 0,0000000000	 True	 4,2399997711
Instancias\Spd_RF2_200_312_3979.txt	 24	 0,0150000000	 True	 4,1666665077	 24	 0,0000000000	 True	 4,1666665077	 22	 0,0000000000	 True	 4,1818180084
Instancias\Spd_RF2_200_312_3987.txt	 25	 0,0000000000	 True	 4,4000000954	 25	 0,0000000000	 True	 4,4000000954	 23	 0,0150000000	 True	 4,4347825050
Instancias\Spd_RF2_200_312_3995.txt	 28	 0,0000000000	 True	 4,1785712242	 28	 0,0000000000	 True	 4,1428570747	 20	 0,0000000000	 True	 4,5000000000
Instancias\Spd_RF2_200_312_4003.txt	 27	 0,0000000000	 True	 4,2592592239	 27	 0,0000000000	 True	 4,2222223282	 23	 0,0000000000	 True	 4,4782609940
Instancias\Spd_RF2_20_27_211.txt	 2	 0,0000000000	 True	 5,0000000000	 2	 0,0000000000	 True	 4,5000000000	 1	 0,0000000000	 True	 6,0000000000
Instancias\Spd_RF2_20_27_219.txt	 3	 0,0000000000	 True	 4,3333334923	 3	 0,0000000000	 True	 4,3333334923	 2	 0,0000000000	 True	 5,5000000000
Instancias\Spd_RF2_20_27_227.txt	 3	 0,0000000000	 True	 3,6666667461	 3	 0,0000000000	 True	 3,6666667461	 2	 0,0000000000	 True	 4,5000000000
Instancias\Spd_RF2_20_27_235.txt	 3	 0,0000000000	 True	 5,0000000000	 3	 0,0000000000	 True	 5,0000000000	 3	 0,0000000000	 True	 5,0000000000
Instancias\Spd_RF2_20_27_243.txt	 4	 0,0000000000	 True	 4,7500000000	 4	 0,0000000000	 True	 4,7500000000	 4	 0,0000000000	 True	 4,7500000000
Instancias\Spd_RF2_20_34_251.txt	 2	 0,0000000000	 True	 4,0000000000	 2	 0,0000000000	 True	 3,5000000000	 1	 0,0000000000	 True	 5,0000000000
Instancias\Spd_RF2_20_34_259.txt	 2	 0,0000000000	 True	 4,0000000000	 2	 0,0000000000	 True	 3,5000000000	 1	 0,0000000000	 True	 3,0000000000
Instancias\Spd_RF2_20_34_267.txt	 2	 0,0000000000	 True	 4,5000000000	 3	 0,0000000000	 True	 3,3333332539	 2	 0,0000000000	 True	 4,5000000000
Instancias\Spd_RF2_20_34_275.txt	 2	 0,0000000000	 True	 4,5000000000	 3	 0,0000000000	 True	 3,3333332539	 2	 0,0000000000	 True	 4,0000000000
Instancias\Spd_RF2_20_34_283.txt	 2	 0,0000000000	 True	 3,5000000000	 2	 0,0000000000	 True	 3,5000000000	 2	 0,0000000000	 True	 3,5000000000
Instancias\Spd_RF2_20_42_291.txt	 1	 0,0000000000	 True	 8,0000000000	 1	 0,0000000000	 True	 5,0000000000	 1	 0,0000000000	 True	 8,0000000000
Instancias\Spd_RF2_20_42_299.txt	 1	 0,0000000000	 True	 8,0000000000	 2	 0,0000000000	 True	 3,5000000000	 1	 0,0000000000	 True	 4,0000000000
Instancias\Spd_RF2_20_42_307.txt	 2	 0,0000000000	 True	 3,0000000000	 2	 0,0000000000	 True	 3,0000000000	 1	 0,0000000000	 True	 5,0000000000
Instancias\Spd_RF2_20_42_315.txt	 1	 0,0000000000	 True	 7,0000000000	 1	 0,0000000000	 True	 5,0000000000	 0	 0,0000000000	 True	 0
Instancias\Spd_RF2_20_42_323.txt	 0	 0,0000000000	 True	 0	 0	 0,0000000000	 True	 0	 1	 0,0000000000	 True	 3,0000000000
Instancias\Spd_RF2_20_49_331.txt	 0	 0,0150000000	 True	 0	 0	 0,0000000000	 True	 0	 0	 0,0000000000	 True	 0
Instancias\Spd_RF2_20_49_339.txt	 0	 0,0000000000	 True	 0	 0	 0,0000000000	 True	 0	 0	 0,0000000000	 True	 0
Instancias\Spd_RF2_20_49_347.txt	 0	 0,0000000000	 True	 0	 0	 0,0000000000	 True	 0	 0	 0,0000000000	 True	 0
Instancias\Spd_RF2_20_49_355.txt	 0	 0,0000000000	 True	 0	 0	 0,0000000000	 True	 0	 1	 0,0000000000	 True	 3,0000000000
Instancias\Spd_RF2_20_49_363.txt	 0	 0,0000000000	 True	 0	 0	 0,0000000000	 True	 0	 0	 0,0000000000	 True	 0
Instancias\Spd_RF2_20_57_371.txt	 0	 0,0000000000	 True	 0	 0	 0,0150000000	 True	 0	 0	 0,0000000000	 True	 0
Instancias\Spd_RF2_20_57_379.txt	 1	 0,0000000000	 True	 4,0000000000	 1	 0,0000000000	 True	 4,0000000000	 0	 0,0000000000	 True	 0
Instancias\Spd_RF2_20_57_387.txt	 1	 0,0000000000	 True	 7,0000000000	 1	 0,0000000000	 True	 3,0000000000	 1	 0,0000000000	 True	 3,0000000000
Instancias\Spd_RF2_20_57_395.txt	 0	 0,0000000000	 True	 0	 0	 0,0000000000	 True	 0	 0	 0,0000000000	 True	 0
Instancias\Spd_RF2_20_57_403.txt	 0	 0,0000000000	 True	 0	 0	 0,0000000000	 True	 0	 0	 0,0000000000	 True	 0
Instancias\Spd_RF2_250_273_4011.txt	 69	 0,0000000000	 True	 4,1014494896	 69	 0,0000000000	 True	 4,1014494896	 68	 0,0000000000	 True	 4,1029410362
Instancias\Spd_RF2_250_273_4019.txt	 67	 0,0000000000	 True	 4,0895524025	 67	 0,0150000000	 True	 4,0895524025	 66	 0,0000000000	 True	 4,1363635063
Instancias\Spd_RF2_250_273_4027.txt	 67	 0,0000000000	 True	 4,0597014427	 67	 0,0000000000	 True	 4,0597014427	 67	 0,0000000000	 True	 4,0597014427
Instancias\Spd_RF2_250_273_4035.txt	 68	 0,0000000000	 True	 4,0000000000	 68	 0,0000000000	 True	 3,9852941036	 68	 0,0000000000	 True	 4,0000000000
Instancias\Spd_RF2_250_273_4043.txt	 68	 0,0000000000	 True	 4,0735292435	 68	 0,0000000000	 True	 4,0735292435	 67	 0,0000000000	 True	 4,1194028854
Instancias\Spd_RF2_250_297_4051.txt	 53	 0,0000000000	 True	 4,3207545280	 53	 0,0000000000	 True	 4,3207545280	 53	 0,0000000000	 True	 4,3018865585
Instancias\Spd_RF2_250_297_4059.txt	 60	 0,0000000000	 True	 4,0833334923	 60	 0,0000000000	 True	 4,0833334923	 59	 0,0000000000	 True	 4,0847458839
Instancias\Spd_RF2_250_297_4067.txt	 53	 0,0000000000	 True	 4,2264151573	 53	 0,0000000000	 True	 4,2264151573	 53	 0,0000000000	 True	 4,2641510963
Instancias\Spd_RF2_250_297_4075.txt	 58	 0,0000000000	 True	 4,1724138260	 58	 0,0000000000	 True	 4,1724138260	 57	 0,0000000000	 True	 4,1052632332
Instancias\Spd_RF2_250_297_4083.txt	 55	 0,0000000000	 True	 4,2181816101	 55	 0,0000000000	 True	 4,2181816101	 56	 0,0000000000	 True	 4,1785712242
Instancias\Spd_RF2_250_321_4091.txt	 48	 0,0000000000	 True	 4,4166665077	 48	 0,0000000000	 True	 4,4166665077	 47	 0,0000000000	 True	 4,4255318642
Instancias\Spd_RF2_250_321_4099.txt	 46	 0,0000000000	 True	 4,2608695030	 46	 0,0000000000	 True	 4,2608695030	 45	 0,0000000000	 True	 4,3111109734
Instancias\Spd_RF2_250_321_4107.txt	 47	 0,0000000000	 True	 4,2765955925	 47	 0,0000000000	 True	 4,2765955925	 46	 0,0000000000	 True	 4,2608695030
Instancias\Spd_RF2_250_321_4115.txt	 50	 0,0150000000	 True	 4,2399997711	 50	 0,0000000000	 True	 4,2399997711	 46	 0,0000000000	 True	 4,3913044930
Instancias\Spd_RF2_250_321_4123.txt	 49	 0,0000000000	 True	 4,3469386101	 49	 0,0000000000	 True	 4,3469386101	 48	 0,0000000000	 True	 4,4375000000
Instancias\Spd_RF2_250_345_4131.txt	 38	 0,0000000000	 True	 4,1578946114	 38	 0,0000000000	 True	 4,1578946114	 36	 0,0000000000	 True	 4,2222223282
Instancias\Spd_RF2_250_345_4139.txt	 44	 0,0000000000	 True	 4,2272725105	 44	 0,0000000000	 True	 4,2272725105	 40	 0,0000000000	 True	 4,3249998093
Instancias\Spd_RF2_250_345_4147.txt	 40	 0,0000000000	 True	 4,4749999046	 40	 0,0000000000	 True	 4,4749999046	 40	 0,0000000000	 True	 4,4250001907
Instancias\Spd_RF2_250_345_4155.txt	 37	 0,0150000000	 True	 4,3513512611	 37	 0,0000000000	 True	 4,3513512611	 36	 0,0000000000	 True	 4,2500000000
Instancias\Spd_RF2_250_345_4163.txt	 41	 0,0000000000	 True	 4,5609755516	 41	 0,0000000000	 True	 4,5609755516	 42	 0,0150000000	 True	 4,5476188660
Instancias\Spd_RF2_250_369_4171.txt	 35	 0,0000000000	 True	 4,3428573608	 35	 0,0000000000	 True	 4,3428573608	 31	 0,0000000000	 True	 4,4516129494
Instancias\Spd_RF2_250_369_4179.txt	 35	 0,0000000000	 True	 4,1999998093	 35	 0,0000000000	 True	 4,1999998093	 31	 0,0000000000	 True	 4,5161290169
Instancias\Spd_RF2_250_369_4187.txt	 34	 0,0000000000	 True	 4,5294117928	 34	 0,0000000000	 True	 4,5294117928	 29	 0,0000000000	 True	 4,7586207390
Instancias\Spd_RF2_250_369_4195.txt	 34	 0,0150000000	 True	 4,4411764145	 34	 0,0000000000	 True	 4,4411764145	 30	 0,0000000000	 True	 4,5333333015
Instancias\Spd_RF2_250_369_4203.txt	 35	 0,0000000000	 True	 4,1714286804	 35	 0,0150000000	 True	 4,1714286804	 33	 0,0000000000	 True	 4,0909090042
Instancias\Spd_RF2_300_326_4211.txt	 83	 0,0000000000	 True	 4,0722889900	 83	 0,0000000000	 True	 4,0722889900	 84	 0,0000000000	 True	 4,0595235825
Instancias\Spd_RF2_300_326_4219.txt	 82	 0,0000000000	 True	 4,0975608826	 82	 0,0000000000	 True	 4,0975608826	 82	 0,0000000000	 True	 4,0975608826
Instancias\Spd_RF2_300_326_4227.txt	 83	 0,0000000000	 True	 4,0602407455	 83	 0,0000000000	 True	 4,0602407455	 82	 0,0000000000	 True	 4,0975608826
Instancias\Spd_RF2_300_326_4235.txt	 81	 0,0000000000	 True	 4,0493826866	 81	 0,0000000000	 True	 4,0493826866	 81	 0,0000000000	 True	 4,0493826866
Instancias\Spd_RF2_300_326_4243.txt	 82	 0,0000000000	 True	 4,1219511032	 82	 0,0000000000	 True	 4,1219511032	 83	 0,0000000000	 True	 4,0963854790
Instancias\Spd_RF2_300_353_4251.txt	 68	 0,0000000000	 True	 4,2647056580	 68	 0,0000000000	 True	 4,2647056580	 68	 0,0000000000	 True	 4,2647056580
Instancias\Spd_RF2_300_353_4259.txt	 68	 0,0000000000	 True	 4,2205882072	 68	 0,0150000000	 True	 4,2205882072	 68	 0,0000000000	 True	 4,2205882072
Instancias\Spd_RF2_300_353_4267.txt	 73	 0,0000000000	 True	 4,0821919441	 73	 0,0000000000	 True	 4,0684933662	 72	 0,0000000000	 True	 4,1250000000
Instancias\Spd_RF2_300_353_4275.txt	 73	 0,0000000000	 True	 4,0684933662	 73	 0,0000000000	 True	 4,0684933662	 71	 0,0000000000	 True	 4,1267604828
Instancias\Spd_RF2_300_353_4283.txt	 71	 0,0000000000	 True	 4,1830987930	 71	 0,0150000000	 True	 4,1830987930	 70	 0,0000000000	 True	 4,2142858505
Instancias\Spd_RF2_300_380_4291.txt	 62	 0,0000000000	 True	 4,2903227806	 62	 0,0000000000	 True	 4,2903227806	 62	 0,0000000000	 True	 4,2903227806
Instancias\Spd_RF2_300_380_4299.txt	 60	 0,0000000000	 True	 4,3333334923	 60	 0,0000000000	 True	 4,3166666031	 58	 0,0150000000	 True	 4,3793101311
Instancias\Spd_RF2_300_380_4307.txt	 58	 0,0000000000	 True	 4,2241377831	 58	 0,0150000000	 True	 4,2241377831	 57	 0,0000000000	 True	 4,2280702591
Instancias\Spd_RF2_300_380_4315.txt	 58	 0,0000000000	 True	 4,1206898689	 58	 0,0000000000	 True	 4,1206898689	 55	 0,0150000000	 True	 4,1636362076
Instancias\Spd_RF2_300_380_4323.txt	 60	 0,0000000000	 True	 4,2333331108	 60	 0,0000000000	 True	 4,2333331108	 58	 0,0000000000	 True	 4,2931032181
Instancias\Spd_RF2_300_407_4331.txt	 52	 0,0000000000	 True	 4,5384616852	 52	 0,0000000000	 True	 4,5384616852	 52	 0,0000000000	 True	 4,5384616852
Instancias\Spd_RF2_300_407_4339.txt	 55	 0,0150000000	 True	 4,2545456886	 55	 0,0000000000	 True	 4,2727274895	 51	 0,0000000000	 True	 4,3137254715
Instancias\Spd_RF2_300_407_4347.txt	 54	 0,0000000000	 True	 4,3333334923	 54	 0,0150000000	 True	 4,3333334923	 54	 0,0000000000	 True	 4,2777776718
Instancias\Spd_RF2_300_407_4355.txt	 50	 0,0000000000	 True	 4,3000001907	 50	 0,0150000000	 True	 4,3000001907	 47	 0,0000000000	 True	 4,4042553902
Instancias\Spd_RF2_300_407_4363.txt	 55	 0,0000000000	 True	 4,1818180084	 55	 0,0000000000	 True	 4,1818180084	 50	 0,0150000000	 True	 4,2800002098
Instancias\Spd_RF2_300_434_4371.txt	 45	 0,0000000000	 True	 4,3333334923	 45	 0,0000000000	 True	 4,3333334923	 44	 0,0000000000	 True	 4,2954545021
Instancias\Spd_RF2_300_434_4379.txt	 47	 0,0000000000	 True	 4,4468083382	 47	 0,0000000000	 True	 4,4468083382	 42	 0,0000000000	 True	 4,5476188660
Instancias\Spd_RF2_300_434_4387.txt	 48	 0,0000000000	 True	 4,2083334923	 48	 0,0000000000	 True	 4,2083334923	 42	 0,0160000000	 True	 4,3809523582
Instancias\Spd_RF2_300_434_4395.txt	 45	 0,0000000000	 True	 4,4000000954	 45	 0,0000000000	 True	 4,4000000954	 44	 0,0150000000	 True	 4,4545454979
Instancias\Spd_RF2_300_434_4403.txt	 47	 0,0000000000	 True	 4,5319147110	 47	 0,0000000000	 True	 4,5319147110	 44	 0,0150000000	 True	 4,5681819916
Instancias\Spd_RF2_350_378_4411.txt	 97	 0,0000000000	 True	 4,0927834511	 97	 0,0000000000	 True	 4,0927834511	 98	 0,0000000000	 True	 4,0816326141
Instancias\Spd_RF2_350_378_4419.txt	 95	 0,0150000000	 True	 4,0315790176	 95	 0,0000000000	 True	 4,0315790176	 94	 0,0000000000	 True	 4,0531916618
Instancias\Spd_RF2_350_378_4427.txt	 97	 0,0000000000	 True	 4,0515465736	 97	 0,0000000000	 True	 4,0515465736	 97	 0,0000000000	 True	 4,0515465736
Instancias\Spd_RF2_350_378_4435.txt	 95	 0,0000000000	 True	 4,1368422508	 95	 0,0000000000	 True	 4,1368422508	 94	 0,0000000000	 True	 4,1382980347
Instancias\Spd_RF2_350_378_4443.txt	 97	 0,0000000000	 True	 4,0412368774	 97	 0,0000000000	 True	 4,0309276581	 95	 0,0000000000	 True	 4,0842103958
Instancias\Spd_RF2_350_406_4451.txt	 83	 0,0150000000	 True	 4,1445784569	 83	 0,0000000000	 True	 4,1445784569	 82	 0,0000000000	 True	 4,1585364342
Instancias\Spd_RF2_350_406_4459.txt	 84	 0,0000000000	 True	 4,1666665077	 84	 0,0000000000	 True	 4,1666665077	 83	 0,0150000000	 True	 4,2048192024
Instancias\Spd_RF2_350_406_4467.txt	 84	 0,0000000000	 True	 4,1309523582	 84	 0,0000000000	 True	 4,1309523582	 84	 0,0000000000	 True	 4,1547617912
Instancias\Spd_RF2_350_406_4475.txt	 83	 0,0000000000	 True	 4,1084337234	 83	 0,0000000000	 True	 4,0843372345	 82	 0,0000000000	 True	 4,1219511032
Instancias\Spd_RF2_350_406_4483.txt	 83	 0,0150000000	 True	 4,0481929779	 83	 0,0000000000	 True	 4,0481929779	 83	 0,0000000000	 True	 4,0361447334
Instancias\Spd_RF2_350_435_4491.txt	 69	 0,0150000000	 True	 4,2173914909	 69	 0,0000000000	 True	 4,2173914909	 68	 0,0000000000	 True	 4,2205882072
Instancias\Spd_RF2_350_435_4499.txt	 71	 0,0150000000	 True	 4,1126761436	 71	 0,0000000000	 True	 4,1126761436	 70	 0,0000000000	 True	 4,0999999046
Instancias\Spd_RF2_350_435_4507.txt	 72	 0,0150000000	 True	 4,2916665077	 72	 0,0000000000	 True	 4,2916665077	 69	 0,0000000000	 True	 4,3188405037
Instancias\Spd_RF2_350_435_4515.txt	 73	 0,0150000000	 True	 4,1917810440	 73	 0,0000000000	 True	 4,1917810440	 72	 0,0000000000	 True	 4,2222223282
Instancias\Spd_RF2_350_435_4523.txt	 72	 0,0000000000	 True	 4,1944446564	 72	 0,0150000000	 True	 4,1944446564	 72	 0,0000000000	 True	 4,1527776718
Instancias\Spd_RF2_350_463_4531.txt	 70	 0,0000000000	 True	 4,3285713196	 70	 0,0150000000	 True	 4,3285713196	 67	 0,0000000000	 True	 4,4179105759
Instancias\Spd_RF2_350_463_4539.txt	 66	 0,0150000000	 True	 4,2121210098	 66	 0,0000000000	 True	 4,1969695091	 60	 0,0000000000	 True	 4,3000001907
Instancias\Spd_RF2_350_463_4547.txt	 64	 0,0150000000	 True	 4,2343750000	 64	 0,0000000000	 True	 4,2343750000	 63	 0,0000000000	 True	 4,2063493729
Instancias\Spd_RF2_350_463_4555.txt	 66	 0,0000000000	 True	 4,0606060028	 66	 0,0000000000	 True	 4,0606060028	 61	 0,0000000000	 True	 4,1639342308
Instancias\Spd_RF2_350_463_4563.txt	 65	 0,0000000000	 True	 4,2615385056	 65	 0,0000000000	 True	 4,2461538315	 62	 0,0160000000	 True	 4,2258062363
Instancias\Spd_RF2_350_492_4571.txt	 57	 0,0000000000	 True	 4,3684210777	 57	 0,0150000000	 True	 4,3684210777	 50	 0,0000000000	 True	 4,5000000000
Instancias\Spd_RF2_350_492_4579.txt	 61	 0,0000000000	 True	 4,2131147385	 61	 0,0000000000	 True	 4,1967210770	 58	 0,0160000000	 True	 4,2931032181
Instancias\Spd_RF2_350_492_4587.txt	 52	 0,0000000000	 True	 4,2692308426	 52	 0,0150000000	 True	 4,2692308426	 51	 0,0000000000	 True	 4,2941174507
Instancias\Spd_RF2_350_492_4595.txt	 52	 0,0000000000	 True	 4,2692308426	 52	 0,0150000000	 True	 4,2692308426	 46	 0,0000000000	 True	 4,3913044930
Instancias\Spd_RF2_350_492_4603.txt	 62	 0,0150000000	 True	 4,1612901688	 62	 0,0000000000	 True	 4,1774191856	 56	 0,0000000000	 True	 4,3214287758
Instancias\Spd_RF2_400_429_4611.txt	 114	 0,0000000000	 True	 4,0263156891	 114	 0,0000000000	 True	 4,0263156891	 114	 0,0000000000	 True	 4,0263156891
Instancias\Spd_RF2_400_429_4619.txt	 113	 0,0150000000	 True	 4,0707964897	 113	 0,0000000000	 True	 4,0707964897	 114	 0,0000000000	 True	 4,0614032745
Instancias\Spd_RF2_400_429_4627.txt	 113	 0,0000000000	 True	 4,0265488625	 113	 0,0000000000	 True	 4,0265488625	 113	 0,0000000000	 True	 4,0265488625
Instancias\Spd_RF2_400_429_4635.txt	 112	 0,0000000000	 True	 4,0535712242	 112	 0,0000000000	 True	 4,0535712242	 112	 0,0000000000	 True	 4,0535712242
Instancias\Spd_RF2_400_429_4643.txt	 116	 0,0000000000	 True	 4,0603446960	 116	 0,0000000000	 True	 4,0603446960	 116	 0,0000000000	 True	 4,0603446960
Instancias\Spd_RF2_400_459_4651.txt	 99	 0,0000000000	 True	 4,1212120056	 99	 0,0150000000	 True	 4,1212120056	 98	 0,0000000000	 True	 4,1326532364
Instancias\Spd_RF2_400_459_4659.txt	 95	 0,0000000000	 True	 4,2210526466	 95	 0,0000000000	 True	 4,2210526466	 96	 0,0150000000	 True	 4,2083334923
Instancias\Spd_RF2_400_459_4667.txt	 98	 0,0000000000	 True	 4,1020407677	 98	 0,0000000000	 True	 4,1020407677	 98	 0,0150000000	 True	 4,0918369293
Instancias\Spd_RF2_400_459_4675.txt	 100	 0,0000000000	 True	 4,0500001907	 100	 0,0000000000	 True	 4,0500001907	 99	 0,0000000000	 True	 4,0606060028
Instancias\Spd_RF2_400_459_4683.txt	 96	 0,0000000000	 True	 4,1458334923	 96	 0,0000000000	 True	 4,1354165077	 96	 0,0000000000	 True	 4,1250000000
Instancias\Spd_RF2_400_489_4691.txt	 83	 0,0000000000	 True	 4,1807227135	 83	 0,0000000000	 True	 4,1807227135	 80	 0,0000000000	 True	 4,2624998093
Instancias\Spd_RF2_400_489_4699.txt	 84	 0,0000000000	 True	 4,1547617912	 84	 0,0000000000	 True	 4,1547617912	 83	 0,0000000000	 True	 4,1927709579
Instancias\Spd_RF2_400_489_4707.txt	 87	 0,0150000000	 True	 4,1609196663	 87	 0,0000000000	 True	 4,1609196663	 85	 0,0000000000	 True	 4,1882352829
Instancias\Spd_RF2_400_489_4715.txt	 84	 0,0150000000	 True	 4,1666665077	 85	 0,0000000000	 True	 4,1411767006	 83	 0,0000000000	 True	 4,2168674469
Instancias\Spd_RF2_400_489_4723.txt	 88	 0,0150000000	 True	 4,1022725105	 88	 0,0000000000	 True	 4,1022725105	 88	 0,0000000000	 True	 4,1250000000
Instancias\Spd_RF2_400_519_4731.txt	 77	 0,0150000000	 True	 4,1818180084	 77	 0,0000000000	 True	 4,1688313484	 76	 0,0000000000	 True	 4,1578946114
Instancias\Spd_RF2_400_519_4739.txt	 76	 0,0000000000	 True	 4,2236843109	 76	 0,0000000000	 True	 4,2236843109	 71	 0,0160000000	 True	 4,2816901207
Instancias\Spd_RF2_400_519_4747.txt	 80	 0,0000000000	 True	 4,2375001907	 80	 0,0150000000	 True	 4,2249999046	 77	 0,0000000000	 True	 4,2337660789
Instancias\Spd_RF2_400_519_4755.txt	 79	 0,0000000000	 True	 4,1392407417	 79	 0,0150000000	 True	 4,1392407417	 76	 0,0000000000	 True	 4,1710524559
Instancias\Spd_RF2_400_519_4763.txt	 77	 0,0150000000	 True	 4,2857141495	 77	 0,0000000000	 True	 4,2857141495	 72	 0,0000000000	 True	 4,3888888359
Instancias\Spd_RF2_400_549_4771.txt	 65	 0,0150000000	 True	 4,4615383148	 65	 0,0000000000	 True	 4,4615383148	 66	 0,0000000000	 True	 4,2878789902
Instancias\Spd_RF2_400_549_4779.txt	 65	 0,0000000000	 True	 4,2923078537	 65	 0,0000000000	 True	 4,2923078537	 61	 0,0160000000	 True	 4,3770489693
Instancias\Spd_RF2_400_549_4787.txt	 62	 0,0000000000	 True	 4,5322580338	 62	 0,0150000000	 True	 4,5322580338	 61	 0,0000000000	 True	 4,4918031693
Instancias\Spd_RF2_400_549_4795.txt	 66	 0,0150000000	 True	 4,3333334923	 66	 0,0000000000	 True	 4,3333334923	 62	 0,0000000000	 True	 4,3548388481
Instancias\Spd_RF2_400_549_4803.txt	 69	 0,0000000000	 True	 4,4492754936	 69	 0,0150000000	 True	 4,4492754936	 66	 0,0000000000	 True	 4,5000000000
Instancias\Spd_RF2_40_50_611.txt	 10	 0,0000000000	 True	 3,9000000954	 10	 0,0000000000	 True	 3,9000000954	 9	 0,0000000000	 True	 3,8888888359
Instancias\Spd_RF2_40_50_619.txt	 7	 0,0000000000	 True	 4,2857141495	 7	 0,0000000000	 True	 4,2857141495	 7	 0,0000000000	 True	 4,2857141495
Instancias\Spd_RF2_40_50_627.txt	 7	 0,0000000000	 True	 4,4285712242	 7	 0,0000000000	 True	 4,4285712242	 7	 0,0000000000	 True	 4,4285712242
Instancias\Spd_RF2_40_50_635.txt	 9	 0,0000000000	 True	 3,7777776718	 9	 0,0000000000	 True	 3,7777776718	 8	 0,0000000000	 True	 4,1250000000
Instancias\Spd_RF2_40_50_643.txt	 8	 0,0000000000	 True	 3,7500000000	 8	 0,0000000000	 True	 3,7500000000	 8	 0,0000000000	 True	 3,7500000000
Instancias\Spd_RF2_40_60_651.txt	 4	 0,0000000000	 True	 4,5000000000	 4	 0,0000000000	 True	 4,5000000000	 4	 0,0000000000	 True	 4,2500000000
Instancias\Spd_RF2_40_60_659.txt	 3	 0,0000000000	 True	 5,6666665077	 3	 0,0000000000	 True	 5,3333334923	 3	 0,0000000000	 True	 5,6666665077
Instancias\Spd_RF2_40_60_667.txt	 5	 0,0000000000	 True	 4,4000000954	 6	 0,0000000000	 True	 4,0000000000	 5	 0,0000000000	 True	 4,0000000000
Instancias\Spd_RF2_40_60_675.txt	 5	 0,0000000000	 True	 4,0000000000	 5	 0,0000000000	 True	 4,0000000000	 4	 0,0000000000	 True	 4,7500000000
Instancias\Spd_RF2_40_60_683.txt	 6	 0,0000000000	 True	 4,3333334923	 6	 0,0000000000	 True	 4,3333334923	 5	 0,0000000000	 True	 4,5999999046
Instancias\Spd_RF2_40_71_691.txt	 3	 0,0000000000	 True	 4,0000000000	 3	 0,0000000000	 True	 4,0000000000	 2	 0,0000000000	 True	 4,5000000000
Instancias\Spd_RF2_40_71_699.txt	 4	 0,0000000000	 True	 3,7500000000	 4	 0,0000000000	 True	 3,7500000000	 3	 0,0000000000	 True	 4,3333334923
Instancias\Spd_RF2_40_71_707.txt	 4	 0,0000000000	 True	 5,0000000000	 4	 0,0000000000	 True	 5,0000000000	 3	 0,0000000000	 True	 4,3333334923
Instancias\Spd_RF2_40_71_715.txt	 5	 0,0000000000	 True	 3,7999999523	 5	 0,0000000000	 True	 3,7999999523	 4	 0,0000000000	 True	 4,0000000000
Instancias\Spd_RF2_40_71_723.txt	 3	 0,0150000000	 True	 4,6666665077	 3	 0,0000000000	 True	 4,3333334923	 3	 0,0000000000	 True	 3,6666667461
Instancias\Spd_RF2_40_81_731.txt	 2	 0,0000000000	 True	 5,0000000000	 2	 0,0000000000	 True	 4,5000000000	 2	 0,0000000000	 True	 3,5000000000
Instancias\Spd_RF2_40_81_739.txt	 2	 0,0000000000	 True	 5,0000000000	 2	 0,0000000000	 True	 4,0000000000	 2	 0,0000000000	 True	 4,5000000000
Instancias\Spd_RF2_40_81_747.txt	 2	 0,0000000000	 True	 5,0000000000	 3	 0,0150000000	 True	 4,0000000000	 3	 0,0000000000	 True	 4,0000000000
Instancias\Spd_RF2_40_81_755.txt	 3	 0,0000000000	 True	 5,3333334923	 4	 0,0000000000	 True	 4,2500000000	 1	 0,0000000000	 True	 6,0000000000
Instancias\Spd_RF2_40_81_763.txt	 2	 0,0000000000	 True	 3,5000000000	 2	 0,0000000000	 True	 3,5000000000	 2	 0,0000000000	 True	 4,5000000000
Instancias\Spd_RF2_40_92_771.txt	 2	 0,0000000000	 True	 5,5000000000	 2	 0,0000000000	 True	 4,0000000000	 1	 0,0000000000	 True	 5,0000000000
Instancias\Spd_RF2_40_92_779.txt	 2	 0,0150000000	 True	 4,5000000000	 2	 0,0000000000	 True	 4,0000000000	 1	 0,0000000000	 True	 5,0000000000
Instancias\Spd_RF2_40_92_787.txt	 4	 0,0000000000	 True	 3,7500000000	 4	 0,0000000000	 True	 3,5000000000	 1	 0,0000000000	 True	 5,0000000000
Instancias\Spd_RF2_40_92_795.txt	 1	 0,0000000000	 True	 7,0000000000	 1	 0,0000000000	 True	 6,0000000000	 2	 0,0000000000	 True	 4,0000000000
Instancias\Spd_RF2_40_92_803.txt	 2	 0,0000000000	 True	 5,0000000000	 3	 0,0000000000	 True	 4,0000000000	 2	 0,0000000000	 True	 4,0000000000
Instancias\Spd_RF2_450_482_4811.txt	 126	 0,0000000000	 True	 4,0714287758	 126	 0,0000000000	 True	 4,0714287758	 127	 0,0000000000	 True	 4,0551180840
Instancias\Spd_RF2_450_482_4819.txt	 126	 0,0150000000	 True	 4,0714287758	 126	 0,0000000000	 True	 4,0634922981	 127	 0,0000000000	 True	 4,0472440720
Instancias\Spd_RF2_450_482_4827.txt	 129	 0,0000000000	 True	 3,9922480583	 129	 0,0000000000	 True	 3,9922480583	 129	 0,0000000000	 True	 3,9922480583
Instancias\Spd_RF2_450_482_4835.txt	 129	 0,0000000000	 True	 4,0310077667	 129	 0,0000000000	 True	 4,0232558250	 128	 0,0000000000	 True	 4,0312500000
Instancias\Spd_RF2_450_482_4843.txt	 127	 0,0000000000	 True	 4,0708661079	 127	 0,0000000000	 True	 4,0708661079	 127	 0,0000000000	 True	 4,0708661079
Instancias\Spd_RF2_450_515_4851.txt	 110	 0,0150000000	 True	 4,1181817055	 110	 0,0000000000	 True	 4,1090908051	 111	 0,0000000000	 True	 4,1171169281
Instancias\Spd_RF2_450_515_4859.txt	 114	 0,0000000000	 True	 4,0701756477	 114	 0,0150000000	 True	 4,0701756477	 113	 0,0000000000	 True	 4,0884957314
Instancias\Spd_RF2_450_515_4867.txt	 111	 0,0000000000	 True	 4,0900902748	 111	 0,0150000000	 True	 4,0900902748	 110	 0,0000000000	 True	 4,1090908051
Instancias\Spd_RF2_450_515_4875.txt	 112	 0,0000000000	 True	 4,0982141495	 112	 0,0150000000	 True	 4,0982141495	 111	 0,0000000000	 True	 4,1081080437
Instancias\Spd_RF2_450_515_4883.txt	 111	 0,0000000000	 True	 4,0900902748	 111	 0,0000000000	 True	 4,0900902748	 108	 0,0150000000	 True	 4,1481480598
Instancias\Spd_RF2_450_548_4891.txt	 97	 0,0000000000	 True	 4,2371134758	 97	 0,0150000000	 True	 4,2371134758	 95	 0,0000000000	 True	 4,2105264664
Instancias\Spd_RF2_450_548_4899.txt	 93	 0,0000000000	 True	 4,3010754585	 93	 0,0150000000	 True	 4,3010754585	 91	 0,0000000000	 True	 4,3516483307
Instancias\Spd_RF2_450_548_4907.txt	 96	 0,0150000000	 True	 4,1354165077	 96	 0,0000000000	 True	 4,1354165077	 94	 0,0000000000	 True	 4,1702127457
Instancias\Spd_RF2_450_548_4915.txt	 95	 0,0150000000	 True	 4,1894736290	 95	 0,0000000000	 True	 4,1894736290	 93	 0,0000000000	 True	 4,2473115921
Instancias\Spd_RF2_450_548_4923.txt	 98	 0,0000000000	 True	 4,2448978424	 98	 0,0000000000	 True	 4,2346940041	 98	 0,0000000000	 True	 4,1938776970
Instancias\Spd_RF2_450_581_4931.txt	 87	 0,0000000000	 True	 4,3218388557	 87	 0,0000000000	 True	 4,3103446960	 84	 0,0160000000	 True	 4,3571429253
Instancias\Spd_RF2_450_581_4939.txt	 84	 0,0000000000	 True	 4,4404764175	 84	 0,0150000000	 True	 4,4404764175	 83	 0,0000000000	 True	 4,4457831383
Instancias\Spd_RF2_450_581_4947.txt	 84	 0,0000000000	 True	 4,2619047165	 84	 0,0150000000	 True	 4,2619047165	 84	 0,0000000000	 True	 4,2380952835
Instancias\Spd_RF2_450_581_4955.txt	 85	 0,0150000000	 True	 4,2705883980	 85	 0,0000000000	 True	 4,2705883980	 83	 0,0000000000	 True	 4,3132529259
Instancias\Spd_RF2_450_581_4963.txt	 86	 0,0000000000	 True	 4,3023257256	 86	 0,0000000000	 True	 4,3023257256	 85	 0,0160000000	 True	 4,2588233948
Instancias\Spd_RF2_450_614_4971.txt	 73	 0,0000000000	 True	 4,4246573448	 73	 0,0150000000	 True	 4,4246573448	 70	 0,0000000000	 True	 4,4571428299
Instancias\Spd_RF2_450_614_4979.txt	 82	 0,0000000000	 True	 4,1829266548	 82	 0,0000000000	 True	 4,1707315445	 74	 0,0160000000	 True	 4,3378376961
Instancias\Spd_RF2_450_614_4987.txt	 75	 0,0150000000	 True	 4,3466668129	 75	 0,0000000000	 True	 4,3466668129	 74	 0,0000000000	 True	 4,3513512611
Instancias\Spd_RF2_450_614_4995.txt	 76	 0,0000000000	 True	 4,4736843109	 76	 0,0000000000	 True	 4,4736843109	 73	 0,0160000000	 True	 4,5479450226
Instancias\Spd_RF2_450_614_5003.txt	 81	 0,0150000000	 True	 4,1975307465	 81	 0,0000000000	 True	 4,1975307465	 74	 0,0000000000	 True	 4,2297296524
Instancias\Spd_RF2_500_534_5011.txt	 144	 0,0000000000	 True	 4,0000000000	 144	 0,0000000000	 True	 4,0000000000	 145	 0,0000000000	 True	 4,0000000000
Instancias\Spd_RF2_500_534_5019.txt	 143	 0,0000000000	 True	 4,0279722214	 143	 0,0000000000	 True	 4,0279722214	 143	 0,0000000000	 True	 4,0279722214
Instancias\Spd_RF2_500_534_5027.txt	 142	 0,0000000000	 True	 4,0633802414	 142	 0,0000000000	 True	 4,0633802414	 142	 0,0000000000	 True	 4,0633802414
Instancias\Spd_RF2_500_534_5035.txt	 147	 0,0150000000	 True	 4,0748300552	 147	 0,0000000000	 True	 4,0748300552	 147	 0,0000000000	 True	 4,0748300552
Instancias\Spd_RF2_500_534_5043.txt	 143	 0,0000000000	 True	 4,0349650383	 143	 0,0000000000	 True	 4,0349650383	 142	 0,0150000000	 True	 4,0422534943
Instancias\Spd_RF2_500_568_5051.txt	 125	 0,0000000000	 True	 4,1440000534	 125	 0,0000000000	 True	 4,1440000534	 124	 0,0000000000	 True	 4,1290321350
Instancias\Spd_RF2_500_568_5059.txt	 125	 0,0000000000	 True	 4,1599998474	 125	 0,0000000000	 True	 4,1599998474	 123	 0,0000000000	 True	 4,1869916916
Instancias\Spd_RF2_500_568_5067.txt	 126	 0,0150000000	 True	 4,0555553436	 126	 0,0000000000	 True	 4,0555553436	 125	 0,0000000000	 True	 4,0720000267
Instancias\Spd_RF2_500_568_5075.txt	 125	 0,0000000000	 True	 4,1599998474	 125	 0,0000000000	 True	 4,1599998474	 124	 0,0000000000	 True	 4,1693549156
Instancias\Spd_RF2_500_568_5083.txt	 124	 0,0000000000	 True	 4,2177419662	 124	 0,0000000000	 True	 4,2177419662	 123	 0,0000000000	 True	 4,2276420593
Instancias\Spd_RF2_500_603_5091.txt	 113	 0,0000000000	 True	 4,2300887108	 113	 0,0000000000	 True	 4,2300887108	 113	 0,0000000000	 True	 4,2123894691
Instancias\Spd_RF2_500_603_5099.txt	 111	 0,0000000000	 True	 4,2522521019	 111	 0,0000000000	 True	 4,2522521019	 113	 0,0000000000	 True	 4,1592922211
Instancias\Spd_RF2_500_603_5107.txt	 113	 0,0000000000	 True	 4,2123894691	 113	 0,0150000000	 True	 4,2123894691	 112	 0,0000000000	 True	 4,2142858505
Instancias\Spd_RF2_500_603_5115.txt	 112	 0,0000000000	 True	 4,2767858505	 112	 0,0150000000	 True	 4,2678570747	 109	 0,0000000000	 True	 4,2752294540
Instancias\Spd_RF2_500_603_5123.txt	 111	 0,0150000000	 True	 4,1351351738	 111	 0,0000000000	 True	 4,1351351738	 107	 0,0000000000	 True	 4,1495327950
Instancias\Spd_RF2_500_637_5131.txt	 105	 0,0000000000	 True	 4,3047618866	 105	 0,0000000000	 True	 4,2952380180	 102	 0,0160000000	 True	 4,3823528290
Instancias\Spd_RF2_500_637_5139.txt	 99	 0,0000000000	 True	 4,3737373352	 99	 0,0150000000	 True	 4,3636364937	 97	 0,0000000000	 True	 4,3917527199
Instancias\Spd_RF2_500_637_5147.txt	 97	 0,0150000000	 True	 4,3917527199	 97	 0,0000000000	 True	 4,3917527199	 93	 0,0000000000	 True	 4,4516129494
Instancias\Spd_RF2_500_637_5155.txt	 99	 0,0000000000	 True	 4,2020201683	 99	 0,0160000000	 True	 4,2020201683	 92	 0,0000000000	 True	 4,3152174950
Instancias\Spd_RF2_500_637_5163.txt	 94	 0,0150000000	 True	 4,3510637283	 94	 0,0000000000	 True	 4,3510637283	 89	 0,0000000000	 True	 4,3820223808
Instancias\Spd_RF2_500_672_5171.txt	 90	 0,0000000000	 True	 4,3333334923	 90	 0,0150000000	 True	 4,3333334923	 87	 0,0160000000	 True	 4,3218388557
Instancias\Spd_RF2_500_672_5179.txt	 89	 0,0150000000	 True	 4,2921347618	 89	 0,0160000000	 True	 4,2921347618	 84	 0,0000000000	 True	 4,3571429253
Instancias\Spd_RF2_500_672_5187.txt	 83	 0,0150000000	 True	 4,2530121803	 83	 0,0160000000	 True	 4,2409639359	 77	 0,0000000000	 True	 4,3506493568
Instancias\Spd_RF2_500_672_5195.txt	 89	 0,0150000000	 True	 4,3033709526	 89	 0,0000000000	 True	 4,3033709526	 84	 0,0160000000	 True	 4,3809523582
Instancias\Spd_RF2_500_672_5203.txt	 86	 0,0000000000	 True	 4,4069766998	 86	 0,0150000000	 True	 4,3837208748	 85	 0,0000000000	 True	 4,3529410362
Instancias\Spd_RF2_600_637_5211.txt	 187	 0,0000000000	 True	 4,0267381668	 187	 0,0000000000	 True	 4,0267381668	 185	 0,0000000000	 True	 4,0486488342
Instancias\Spd_RF2_600_637_5219.txt	 186	 0,0000000000	 True	 4,0430107117	 186	 0,0000000000	 True	 4,0430107117	 185	 0,0000000000	 True	 4,0486488342
Instancias\Spd_RF2_600_637_5227.txt	 189	 0,0150000000	 True	 4,0052909851	 189	 0,0000000000	 True	 4,0052909851	 189	 0,0000000000	 True	 4,0052909851
Instancias\Spd_RF2_600_637_5235.txt	 185	 0,0000000000	 True	 4,0486488342	 185	 0,0000000000	 True	 4,0486488342	 185	 0,0000000000	 True	 4,0540542603
Instancias\Spd_RF2_600_637_5243.txt	 184	 0,0000000000	 True	 4,0597825050	 184	 0,0000000000	 True	 4,0597825050	 184	 0,0150000000	 True	 4,0597825050
Instancias\Spd_RF2_600_674_5251.txt	 170	 0,0000000000	 True	 4,1235294342	 170	 0,0000000000	 True	 4,1235294342	 169	 0,0150000000	 True	 4,1301774979
Instancias\Spd_RF2_600_674_5259.txt	 171	 0,0000000000	 True	 4,1169590950	 171	 0,0000000000	 True	 4,1169590950	 171	 0,0150000000	 True	 4,1169590950
Instancias\Spd_RF2_600_674_5267.txt	 171	 0,0000000000	 True	 4,1169590950	 171	 0,0000000000	 True	 4,1169590950	 171	 0,0000000000	 True	 4,1169590950
Instancias\Spd_RF2_600_674_5275.txt	 170	 0,0000000000	 True	 4,1294116974	 170	 0,0000000000	 True	 4,1294116974	 170	 0,0000000000	 True	 4,1294116974
Instancias\Spd_RF2_600_674_5283.txt	 174	 0,0000000000	 True	 4,0862069130	 174	 0,0000000000	 True	 4,0862069130	 174	 0,0000000000	 True	 4,0862069130
Instancias\Spd_RF2_600_712_5291.txt	 154	 0,0000000000	 True	 4,2272725105	 154	 0,0000000000	 True	 4,2272725105	 155	 0,0000000000	 True	 4,2129030228
Instancias\Spd_RF2_600_712_5299.txt	 157	 0,0150000000	 True	 4,2038216591	 157	 0,0000000000	 True	 4,2038216591	 160	 0,0000000000	 True	 4,1750001907
Instancias\Spd_RF2_600_712_5307.txt	 156	 0,0000000000	 True	 4,2307691574	 156	 0,0000000000	 True	 4,2307691574	 155	 0,0000000000	 True	 4,2451610565
Instancias\Spd_RF2_600_712_5315.txt	 157	 0,0150000000	 True	 4,2165603638	 157	 0,0000000000	 True	 4,2165603638	 157	 0,0000000000	 True	 4,2038216591
Instancias\Spd_RF2_600_712_5323.txt	 156	 0,0000000000	 True	 4,2115383148	 156	 0,0000000000	 True	 4,1923074722	 156	 0,0000000000	 True	 4,2179489136
Instancias\Spd_RF2_600_749_5331.txt	 143	 0,0000000000	 True	 4,3006992340	 143	 0,0000000000	 True	 4,3006992340	 140	 0,0000000000	 True	 4,3499999046
Instancias\Spd_RF2_600_749_5339.txt	 144	 0,0000000000	 True	 4,3263888359	 144	 0,0000000000	 True	 4,3263888359	 144	 0,0000000000	 True	 4,3125000000
Instancias\Spd_RF2_600_749_5347.txt	 147	 0,0000000000	 True	 4,2857141495	 147	 0,0000000000	 True	 4,2857141495	 147	 0,0000000000	 True	 4,2857141495
Instancias\Spd_RF2_600_749_5355.txt	 149	 0,0150000000	 True	 4,2684564590	 149	 0,0000000000	 True	 4,2617449760	 148	 0,0000000000	 True	 4,2837839127
Instancias\Spd_RF2_600_749_5363.txt	 143	 0,0150000000	 True	 4,3076925278	 143	 0,0000000000	 True	 4,3076925278	 143	 0,0000000000	 True	 4,3146853447
Instancias\Spd_RF2_600_787_5371.txt	 134	 0,0150000000	 True	 4,3731341362	 134	 0,0000000000	 True	 4,3731341362	 135	 0,0000000000	 True	 4,3777775764
Instancias\Spd_RF2_600_787_5379.txt	 131	 0,0000000000	 True	 4,4427480698	 131	 0,0000000000	 True	 4,4427480698	 131	 0,0000000000	 True	 4,4198474884
Instancias\Spd_RF2_600_787_5387.txt	 135	 0,0000000000	 True	 4,3777775764	 135	 0,0000000000	 True	 4,3777775764	 134	 0,0000000000	 True	 4,3955225945
Instancias\Spd_RF2_600_787_5395.txt	 134	 0,0000000000	 True	 4,4029850960	 134	 0,0000000000	 True	 4,4029850960	 136	 0,0150000000	 True	 4,3529410362
Instancias\Spd_RF2_600_787_5403.txt	 134	 0,0000000000	 True	 4,3955225945	 134	 0,0000000000	 True	 4,3955225945	 133	 0,0150000000	 True	 4,4060149193
Instancias\Spd_RF2_60_107_1131.txt	 7	 0,0000000000	 True	 4,0000000000	 7	 0,0000000000	 True	 4,0000000000	 6	 0,0000000000	 True	 4,1666665077
Instancias\Spd_RF2_60_107_1139.txt	 6	 0,0000000000	 True	 4,1666665077	 6	 0,0000000000	 True	 4,1666665077	 6	 0,0000000000	 True	 4,1666665077
Instancias\Spd_RF2_60_107_1147.txt	 6	 0,0000000000	 True	 4,1666665077	 6	 0,0000000000	 True	 4,1666665077	 5	 0,0000000000	 True	 4,0000000000
Instancias\Spd_RF2_60_107_1155.txt	 6	 0,0000000000	 True	 4,3333334923	 6	 0,0150000000	 True	 4,3333334923	 5	 0,0000000000	 True	 4,5999999046
Instancias\Spd_RF2_60_107_1163.txt	 6	 0,0000000000	 True	 4,1666665077	 6	 0,0000000000	 True	 4,1666665077	 5	 0,0000000000	 True	 3,7999999523
Instancias\Spd_RF2_60_119_1171.txt	 5	 0,0000000000	 True	 3,7999999523	 5	 0,0000000000	 True	 3,7999999523	 4	 0,0000000000	 True	 3,7500000000
Instancias\Spd_RF2_60_119_1179.txt	 4	 0,0000000000	 True	 5,0000000000	 5	 0,0000000000	 True	 4,1999998093	 4	 0,0000000000	 True	 4,2500000000
Instancias\Spd_RF2_60_119_1187.txt	 5	 0,0000000000	 True	 3,4000000954	 5	 0,0000000000	 True	 3,4000000954	 3	 0,0000000000	 True	 4,0000000000
Instancias\Spd_RF2_60_119_1195.txt	 6	 0,0000000000	 True	 3,3333332539	 6	 0,0000000000	 True	 3,3333332539	 5	 0,0000000000	 True	 3,5999999046
Instancias\Spd_RF2_60_119_1203.txt	 6	 0,0000000000	 True	 3,8333332539	 6	 0,0000000000	 True	 3,6666667461	 4	 0,0000000000	 True	 4,5000000000
Instancias\Spd_RF2_60_71_1011.txt	 11	 0,0150000000	 True	 4,0909090042	 11	 0,0000000000	 True	 4,0909090042	 12	 0,0000000000	 True	 3,9166667461
Instancias\Spd_RF2_60_71_1019.txt	 14	 0,0000000000	 True	 4,1428570747	 14	 0,0000000000	 True	 4,1428570747	 14	 0,0000000000	 True	 4,1428570747
Instancias\Spd_RF2_60_71_1027.txt	 14	 0,0000000000	 True	 4,0000000000	 14	 0,0000000000	 True	 4,0000000000	 14	 0,0000000000	 True	 4,0000000000
Instancias\Spd_RF2_60_71_1035.txt	 12	 0,0000000000	 True	 4,2500000000	 12	 0,0000000000	 True	 4,2500000000	 12	 0,0000000000	 True	 4,2500000000
Instancias\Spd_RF2_60_71_1043.txt	 16	 0,0000000000	 True	 4,0625000000	 16	 0,0000000000	 True	 4,0625000000	 16	 0,0000000000	 True	 4,0625000000
Instancias\Spd_RF2_60_83_1051.txt	 10	 0,0000000000	 True	 3,9000000954	 10	 0,0000000000	 True	 3,9000000954	 8	 0,0000000000	 True	 4,1250000000
Instancias\Spd_RF2_60_83_1059.txt	 8	 0,0000000000	 True	 4,0000000000	 8	 0,0000000000	 True	 4,0000000000	 8	 0,0000000000	 True	 4,1250000000
Instancias\Spd_RF2_60_83_1067.txt	 9	 0,0000000000	 True	 4,0000000000	 9	 0,0000000000	 True	 4,0000000000	 9	 0,0000000000	 True	 3,8888888359
Instancias\Spd_RF2_60_83_1075.txt	 12	 0,0000000000	 True	 4,0000000000	 12	 0,0000000000	 True	 4,0000000000	 12	 0,0000000000	 True	 4,0000000000
Instancias\Spd_RF2_60_83_1083.txt	 9	 0,0000000000	 True	 4,1111111641	 9	 0,0000000000	 True	 4,1111111641	 9	 0,0000000000	 True	 4,1111111641
Instancias\Spd_RF2_60_95_1091.txt	 8	 0,0000000000	 True	 4,6250000000	 8	 0,0000000000	 True	 4,5000000000	 8	 0,0000000000	 True	 4,6250000000
Instancias\Spd_RF2_60_95_1099.txt	 7	 0,0000000000	 True	 4,1428570747	 7	 0,0000000000	 True	 4,1428570747	 8	 0,0000000000	 True	 3,8750000000
Instancias\Spd_RF2_60_95_1107.txt	 5	 0,0000000000	 True	 4,1999998093	 5	 0,0000000000	 True	 4,1999998093	 4	 0,0000000000	 True	 4,2500000000
Instancias\Spd_RF2_60_95_1115.txt	 7	 0,0000000000	 True	 5,1428570747	 7	 0,0000000000	 True	 5,0000000000	 7	 0,0000000000	 True	 4,8571429253
Instancias\Spd_RF2_60_95_1123.txt	 8	 0,0000000000	 True	 3,8750000000	 8	 0,0000000000	 True	 3,8750000000	 7	 0,0000000000	 True	 4,2857141495
Instancias\Spd_RF2_700_740_5411.txt	 217	 0,0000000000	 True	 4,0460829735	 217	 0,0150000000	 True	 4,0460829735	 217	 0,0000000000	 True	 4,0460829735
Instancias\Spd_RF2_700_740_5419.txt	 216	 0,0150000000	 True	 4,0555553436	 216	 0,0000000000	 True	 4,0555553436	 216	 0,0000000000	 True	 4,0555553436
Instancias\Spd_RF2_700_740_5427.txt	 218	 0,0000000000	 True	 4,0458717346	 218	 0,0000000000	 True	 4,0458717346	 218	 0,0000000000	 True	 4,0458717346
Instancias\Spd_RF2_700_740_5435.txt	 217	 0,0000000000	 True	 4,0460829735	 217	 0,0000000000	 True	 4,0460829735	 217	 0,0160000000	 True	 4,0460829735
Instancias\Spd_RF2_700_740_5443.txt	 217	 0,0000000000	 True	 4,0506911278	 217	 0,0000000000	 True	 4,0506911278	 218	 0,0160000000	 True	 4,0412845612
Instancias\Spd_RF2_700_780_5451.txt	 203	 0,0150000000	 True	 4,0985221863	 203	 0,0000000000	 True	 4,0985221863	 202	 0,0000000000	 True	 4,1089110374
Instancias\Spd_RF2_700_780_5459.txt	 204	 0,0000000000	 True	 4,0931372643	 204	 0,0160000000	 True	 4,0882353783	 203	 0,0000000000	 True	 4,1034483910
Instancias\Spd_RF2_700_780_5467.txt	 204	 0,0150000000	 True	 4,0882353783	 204	 0,0000000000	 True	 4,0882353783	 203	 0,0000000000	 True	 4,0886697769
Instancias\Spd_RF2_700_780_5475.txt	 200	 0,0000000000	 True	 4,1449999809	 200	 0,0000000000	 True	 4,1449999809	 199	 0,0160000000	 True	 4,1457285881
Instancias\Spd_RF2_700_780_5483.txt	 202	 0,0000000000	 True	 4,1039605141	 202	 0,0000000000	 True	 4,1039605141	 203	 0,0160000000	 True	 4,1034483910
Instancias\Spd_RF2_700_821_5491.txt	 185	 0,0000000000	 True	 4,2108106613	 185	 0,0000000000	 True	 4,2108106613	 184	 0,0000000000	 True	 4,2228260040
Instancias\Spd_RF2_700_821_5499.txt	 183	 0,0150000000	 True	 4,2349724770	 183	 0,0000000000	 True	 4,2349724770	 182	 0,0000000000	 True	 4,2417583466
Instancias\Spd_RF2_700_821_5507.txt	 189	 0,0150000000	 True	 4,1693120003	 189	 0,0000000000	 True	 4,1693120003	 188	 0,0000000000	 True	 4,1755318642
Instancias\Spd_RF2_700_821_5515.txt	 186	 0,0150000000	 True	 4,1827955246	 186	 0,0000000000	 True	 4,1827955246	 187	 0,0000000000	 True	 4,1818180084
Instancias\Spd_RF2_700_821_5523.txt	 188	 0,0000000000	 True	 4,1702127457	 188	 0,0000000000	 True	 4,1702127457	 188	 0,0160000000	 True	 4,1595745087
Instancias\Spd_RF2_700_861_5531.txt	 173	 0,0000000000	 True	 4,2774567604	 173	 0,0000000000	 True	 4,2774567604	 171	 0,0000000000	 True	 4,3040933609
Instancias\Spd_RF2_700_861_5539.txt	 175	 0,0150000000	 True	 4,2685713768	 175	 0,0000000000	 True	 4,2685713768	 173	 0,0000000000	 True	 4,2832369804
Instancias\Spd_RF2_700_861_5547.txt	 173	 0,0150000000	 True	 4,2832369804	 173	 0,0000000000	 True	 4,2832369804	 171	 0,0000000000	 True	 4,3099412918
Instancias\Spd_RF2_700_861_5555.txt	 172	 0,0150000000	 True	 4,2906975746	 172	 0,0000000000	 True	 4,2906975746	 172	 0,0000000000	 True	 4,2790699005
Instancias\Spd_RF2_700_861_5563.txt	 167	 0,0150000000	 True	 4,3772454262	 167	 0,0000000000	 True	 4,3712573051	 167	 0,0000000000	 True	 4,3652696609
Instancias\Spd_RF2_700_902_5571.txt	 166	 0,0150000000	 True	 4,3433732986	 166	 0,0000000000	 True	 4,3433732986	 165	 0,0000000000	 True	 4,3636364937
Instancias\Spd_RF2_700_902_5579.txt	 160	 0,0000000000	 True	 4,3874998093	 160	 0,0150000000	 True	 4,3937501907	 159	 0,0000000000	 True	 4,3836479187
Instancias\Spd_RF2_700_902_5587.txt	 165	 0,0000000000	 True	 4,2727274895	 165	 0,0160000000	 True	 4,2727274895	 166	 0,0000000000	 True	 4,2710843086
Instancias\Spd_RF2_700_902_5595.txt	 159	 0,0000000000	 True	 4,3773584366	 159	 0,0160000000	 True	 4,3836479187	 158	 0,0000000000	 True	 4,3734178543
Instancias\Spd_RF2_700_902_5603.txt	 163	 0,0000000000	 True	 4,3128833771	 163	 0,0160000000	 True	 4,3128833771	 163	 0,0000000000	 True	 4,2944784164
Instancias\Spd_RF2_800_1017_5771.txt	 186	 0,0000000000	 True	 4,3494625092	 186	 0,0160000000	 True	 4,3494625092	 184	 0,0000000000	 True	 4,3804349899
Instancias\Spd_RF2_800_1017_5779.txt	 184	 0,0150000000	 True	 4,3532609940	 184	 0,0000000000	 True	 4,3532609940	 181	 0,0160000000	 True	 4,3977899551
Instancias\Spd_RF2_800_1017_5787.txt	 187	 0,0000000000	 True	 4,3422460556	 187	 0,0160000000	 True	 4,3422460556	 186	 0,0000000000	 True	 4,3548388481
Instancias\Spd_RF2_800_1017_5795.txt	 188	 0,0150000000	 True	 4,3563828468	 188	 0,0000000000	 True	 4,3563828468	 188	 0,0000000000	 True	 4,3510637283
Instancias\Spd_RF2_800_1017_5803.txt	 184	 0,0000000000	 True	 4,3641304970	 184	 0,0000000000	 True	 4,3641304970	 183	 0,0160000000	 True	 4,3770489693
Instancias\Spd_RF2_800_843_5611.txt	 250	 0,0000000000	 True	 4,0359997749	 250	 0,0000000000	 True	 4,0359997749	 251	 0,0160000000	 True	 4,0278882980
Instancias\Spd_RF2_800_843_5619.txt	 248	 0,0000000000	 True	 4,0524191856	 248	 0,0000000000	 True	 4,0524191856	 246	 0,0000000000	 True	 4,0691056252
Instancias\Spd_RF2_800_843_5627.txt	 248	 0,0000000000	 True	 4,0524191856	 248	 0,0000000000	 True	 4,0524191856	 249	 0,0000000000	 True	 4,0481929779
Instancias\Spd_RF2_800_843_5635.txt	 250	 0,0000000000	 True	 4,0359997749	 250	 0,0000000000	 True	 4,0359997749	 250	 0,0000000000	 True	 4,0399999619
Instancias\Spd_RF2_800_843_5643.txt	 248	 0,0150000000	 True	 4,0564517975	 248	 0,0000000000	 True	 4,0564517975	 248	 0,0000000000	 True	 4,0564517975
Instancias\Spd_RF2_800_886_5651.txt	 233	 0,0150000000	 True	 4,0944204330	 233	 0,0000000000	 True	 4,0944204330	 232	 0,0000000000	 True	 4,0991377831
Instancias\Spd_RF2_800_886_5659.txt	 233	 0,0150000000	 True	 4,0944204330	 233	 0,0000000000	 True	 4,0944204330	 233	 0,0000000000	 True	 4,0987124443
Instancias\Spd_RF2_800_886_5667.txt	 230	 0,0000000000	 True	 4,1260871887	 230	 0,0000000000	 True	 4,1260871887	 230	 0,0000000000	 True	 4,1260871887
Instancias\Spd_RF2_800_886_5675.txt	 232	 0,0000000000	 True	 4,1077585220	 232	 0,0000000000	 True	 4,1077585220	 232	 0,0000000000	 True	 4,1077585220
Instancias\Spd_RF2_800_886_5683.txt	 232	 0,0000000000	 True	 4,1077585220	 232	 0,0000000000	 True	 4,1077585220	 232	 0,0000000000	 True	 4,1077585220
Instancias\Spd_RF2_800_930_5691.txt	 217	 0,0000000000	 True	 4,1658987999	 217	 0,0000000000	 True	 4,1658987999	 216	 0,0160000000	 True	 4,1712961197
Instancias\Spd_RF2_800_930_5699.txt	 214	 0,0000000000	 True	 4,2009344101	 214	 0,0160000000	 True	 4,2009344101	 213	 0,0000000000	 True	 4,1971831322
Instancias\Spd_RF2_800_930_5707.txt	 214	 0,0000000000	 True	 4,1775698662	 214	 0,0150000000	 True	 4,1775698662	 214	 0,0000000000	 True	 4,1822428703
Instancias\Spd_RF2_800_930_5715.txt	 217	 0,0150000000	 True	 4,1705069542	 217	 0,0000000000	 True	 4,1705069542	 219	 0,0000000000	 True	 4,1598172188
Instancias\Spd_RF2_800_930_5723.txt	 213	 0,0000000000	 True	 4,2065725327	 213	 0,0000000000	 True	 4,2065725327	 214	 0,0000000000	 True	 4,1962618828
Instancias\Spd_RF2_800_973_5731.txt	 205	 0,0000000000	 True	 4,2292680740	 205	 0,0000000000	 True	 4,2292680740	 204	 0,0000000000	 True	 4,2450981140
Instancias\Spd_RF2_800_973_5739.txt	 194	 0,0150000000	 True	 4,3195877075	 194	 0,0000000000	 True	 4,3195877075	 195	 0,0000000000	 True	 4,3179488182
Instancias\Spd_RF2_800_973_5747.txt	 203	 0,0150000000	 True	 4,2512316704	 203	 0,0000000000	 True	 4,2463054657	 202	 0,0000000000	 True	 4,2574257851
Instancias\Spd_RF2_800_973_5755.txt	 202	 0,0000000000	 True	 4,2376236916	 202	 0,0150000000	 True	 4,2376236916	 199	 0,0000000000	 True	 4,2613067627
Instancias\Spd_RF2_800_973_5763.txt	 203	 0,0000000000	 True	 4,2266011238	 203	 0,0160000000	 True	 4,2266011238	 203	 0,0000000000	 True	 4,2118225098
Instancias\Spd_RF2_80_106_1451.txt	 13	 0,0000000000	 True	 4,2307691574	 13	 0,0000000000	 True	 4,2307691574	 13	 0,0000000000	 True	 4,1538462639
Instancias\Spd_RF2_80_106_1459.txt	 14	 0,0000000000	 True	 4,5714287758	 14	 0,0000000000	 True	 4,5714287758	 12	 0,0000000000	 True	 4,7500000000
Instancias\Spd_RF2_80_106_1467.txt	 15	 0,0000000000	 True	 4,1999998093	 15	 0,0000000000	 True	 4,1999998093	 13	 0,0000000000	 True	 4,3076925278
Instancias\Spd_RF2_80_106_1475.txt	 14	 0,0000000000	 True	 4,3571429253	 14	 0,0000000000	 True	 4,3571429253	 15	 0,0000000000	 True	 4,1333332062
Instancias\Spd_RF2_80_106_1483.txt	 13	 0,0000000000	 True	 4,4615383148	 13	 0,0000000000	 True	 4,4615383148	 12	 0,0000000000	 True	 4,5833334923
Instancias\Spd_RF2_80_120_1491.txt	 10	 0,0000000000	 True	 4,8000001907	 10	 0,0000000000	 True	 4,8000001907	 9	 0,0000000000	 True	 4,8888888359
Instancias\Spd_RF2_80_120_1499.txt	 12	 0,0150000000	 True	 3,9166667461	 12	 0,0000000000	 True	 3,9166667461	 10	 0,0000000000	 True	 4,1999998093
Instancias\Spd_RF2_80_120_1507.txt	 11	 0,0000000000	 True	 4,1818180084	 11	 0,0000000000	 True	 4,1818180084	 9	 0,0000000000	 True	 4,4444446564
Instancias\Spd_RF2_80_120_1515.txt	 12	 0,0000000000	 True	 4,2500000000	 12	 0,0000000000	 True	 4,2500000000	 10	 0,0000000000	 True	 4,3000001907
Instancias\Spd_RF2_80_120_1523.txt	 12	 0,0000000000	 True	 4,0833334923	 12	 0,0150000000	 True	 4,0000000000	 11	 0,0000000000	 True	 4,1818180084
Instancias\Spd_RF2_80_133_1531.txt	 10	 0,0000000000	 True	 4,3000001907	 10	 0,0000000000	 True	 4,1999998093	 7	 0,0000000000	 True	 4,2857141495
Instancias\Spd_RF2_80_133_1539.txt	 9	 0,0000000000	 True	 4,5555553436	 9	 0,0000000000	 True	 4,2222223282	 7	 0,0000000000	 True	 4,2857141495
Instancias\Spd_RF2_80_133_1547.txt	 8	 0,0000000000	 True	 4,2500000000	 8	 0,0000000000	 True	 4,2500000000	 7	 0,0000000000	 True	 4,4285712242
Instancias\Spd_RF2_80_133_1555.txt	 7	 0,0000000000	 True	 5,0000000000	 7	 0,0000000000	 True	 4,8571429253	 7	 0,0000000000	 True	 4,2857141495
Instancias\Spd_RF2_80_133_1563.txt	 9	 0,0000000000	 True	 4,5555553436	 9	 0,0000000000	 True	 4,5555553436	 9	 0,0000000000	 True	 4,4444446564
Instancias\Spd_RF2_80_147_1571.txt	 7	 0,0000000000	 True	 4,2857141495	 7	 0,0000000000	 True	 4,1428570747	 5	 0,0000000000	 True	 4,1999998093
Instancias\Spd_RF2_80_147_1579.txt	 7	 0,0000000000	 True	 5,5714287758	 7	 0,0000000000	 True	 5,4285712242	 5	 0,0000000000	 True	 6,4000000954
Instancias\Spd_RF2_80_147_1587.txt	 8	 0,0150000000	 True	 4,1250000000	 8	 0,0000000000	 True	 4,0000000000	 7	 0,0000000000	 True	 4,0000000000
Instancias\Spd_RF2_80_147_1595.txt	 5	 0,0000000000	 True	 5,1999998093	 6	 0,0000000000	 True	 4,6666665077	 6	 0,0000000000	 True	 4,6666665077
Instancias\Spd_RF2_80_147_1603.txt	 7	 0,0000000000	 True	 4,5714287758	 7	 0,0000000000	 True	 4,4285712242	 5	 0,0000000000	 True	 5,0000000000
Instancias\Spd_RF2_80_93_1411.txt	 17	 0,0000000000	 True	 4,1764707565	 17	 0,0000000000	 True	 4,1764707565	 17	 0,0000000000	 True	 4,1764707565
Instancias\Spd_RF2_80_93_1419.txt	 16	 0,0000000000	 True	 4,2500000000	 16	 0,0000000000	 True	 4,2500000000	 16	 0,0000000000	 True	 4,2500000000
Instancias\Spd_RF2_80_93_1427.txt	 18	 0,0000000000	 True	 4,2777776718	 18	 0,0000000000	 True	 4,2777776718	 18	 0,0000000000	 True	 4,2777776718
Instancias\Spd_RF2_80_93_1435.txt	 17	 0,0000000000	 True	 4,1176471710	 17	 0,0000000000	 True	 4,1176471710	 16	 0,0000000000	 True	 4,2500000000
Instancias\Spd_RF2_80_93_1443.txt	 18	 0,0000000000	 True	 4,0000000000	 18	 0,0000000000	 True	 4,0000000000	 18	 0,0000000000	 True	 4,0000000000
Instancias\Spd_RF2_900_1034_5891.txt	 247	 0,0150000000	 True	 4,1538462639	 247	 0,0000000000	 True	 4,1538462639	 246	 0,0000000000	 True	 4,1585364342
Instancias\Spd_RF2_900_1034_5899.txt	 248	 0,0150000000	 True	 4,1572580338	 248	 0,0000000000	 True	 4,1572580338	 247	 0,0000000000	 True	 4,1659917831
Instancias\Spd_RF2_900_1034_5907.txt	 247	 0,0150000000	 True	 4,1619434357	 247	 0,0000000000	 True	 4,1619434357	 246	 0,0000000000	 True	 4,1626014709
Instancias\Spd_RF2_900_1034_5915.txt	 249	 0,0000000000	 True	 4,1445784569	 249	 0,0000000000	 True	 4,1485943794	 251	 0,0000000000	 True	 4,1314740181
Instancias\Spd_RF2_900_1034_5923.txt	 249	 0,0150000000	 True	 4,1445784569	 249	 0,0000000000	 True	 4,1405620575	 247	 0,0000000000	 True	 4,1619434357
Instancias\Spd_RF2_900_1079_5931.txt	 230	 0,0000000000	 True	 4,2347826958	 230	 0,0000000000	 True	 4,2347826958	 230	 0,0160000000	 True	 4,2260870934
Instancias\Spd_RF2_900_1079_5939.txt	 231	 0,0000000000	 True	 4,2251081467	 231	 0,0160000000	 True	 4,2251081467	 230	 0,0000000000	 True	 4,2217392921
Instancias\Spd_RF2_900_1079_5947.txt	 233	 0,0000000000	 True	 4,2145924568	 233	 0,0150000000	 True	 4,2145924568	 235	 0,0000000000	 True	 4,1914892197
Instancias\Spd_RF2_900_1079_5955.txt	 231	 0,0000000000	 True	 4,2424240112	 231	 0,0160000000	 True	 4,2424240112	 230	 0,0000000000	 True	 4,2391304970
Instancias\Spd_RF2_900_1079_5963.txt	 230	 0,0150000000	 True	 4,2478260994	 230	 0,0000000000	 True	 4,2478260994	 230	 0,0000000000	 True	 4,2434782982
Instancias\Spd_RF2_900_1124_5971.txt	 221	 0,0150000000	 True	 4,2714934349	 221	 0,0000000000	 True	 4,2714934349	 219	 0,0000000000	 True	 4,2831048965
Instancias\Spd_RF2_900_1124_5979.txt	 220	 0,0000000000	 True	 4,2636365891	 220	 0,0160000000	 True	 4,2636365891	 217	 0,0000000000	 True	 4,2995390892
Instancias\Spd_RF2_900_1124_5987.txt	 213	 0,0150000000	 True	 4,3427228928	 213	 0,0000000000	 True	 4,3427228928	 211	 0,0000000000	 True	 4,3459715843
Instancias\Spd_RF2_900_1124_5995.txt	 212	 0,0150000000	 True	 4,3490567207	 212	 0,0000000000	 True	 4,3490567207	 214	 0,0000000000	 True	 4,3364486694
Instancias\Spd_RF2_900_1124_6003.txt	 214	 0,0150000000	 True	 4,3551402092	 214	 0,0000000000	 True	 4,3411216736	 210	 0,0000000000	 True	 4,3857140541
Instancias\Spd_RF2_900_944_5811.txt	 282	 0,0150000000	 True	 4,0390071869	 282	 0,0000000000	 True	 4,0390071869	 282	 0,0000000000	 True	 4,0390071869
Instancias\Spd_RF2_900_944_5819.txt	 282	 0,0000000000	 True	 4,0390071869	 282	 0,0150000000	 True	 4,0390071869	 284	 0,0000000000	 True	 4,0281691551
Instancias\Spd_RF2_900_944_5827.txt	 281	 0,0000000000	 True	 4,0462632179	 281	 0,0000000000	 True	 4,0462632179	 282	 0,0160000000	 True	 4,0390071869
Instancias\Spd_RF2_900_944_5835.txt	 284	 0,0000000000	 True	 4,0281691551	 284	 0,0150000000	 True	 4,0281691551	 283	 0,0000000000	 True	 4,0318021774
Instancias\Spd_RF2_900_944_5843.txt	 282	 0,0000000000	 True	 4,0390071869	 282	 0,0150000000	 True	 4,0390071869	 282	 0,0000000000	 True	 4,0390071869
Instancias\Spd_RF2_900_989_5851.txt	 265	 0,0150000000	 True	 4,0943398476	 265	 0,0000000000	 True	 4,0943398476	 263	 0,0000000000	 True	 4,1026616096
Instancias\Spd_RF2_900_989_5859.txt	 264	 0,0000000000	 True	 4,0984849930	 264	 0,0150000000	 True	 4,0984849930	 265	 0,0000000000	 True	 4,0905661583
Instancias\Spd_RF2_900_989_5867.txt	 266	 0,0150000000	 True	 4,0827069283	 266	 0,0000000000	 True	 4,0827069283	 267	 0,0000000000	 True	 4,0749063492
Instancias\Spd_RF2_900_989_5875.txt	 266	 0,0150000000	 True	 4,0864663124	 266	 0,0000000000	 True	 4,0864663124	 266	 0,0160000000	 True	 4,0864663124
Instancias\Spd_RF2_900_989_5883.txt	 261	 0,0150000000	 True	 4,1187739372	 261	 0,0000000000	 True	 4,1187739372	 261	 0,0160000000	 True	 4,1226053238
