File Branch_Vertices Time Verification Média_Grau_BV Branch_Vertices2 Time2 Verification2 Média_Grau_BV2 
Instancias\Spd_RF2_1000_1047_6011.txt	 314	 0,0000000000	 True	 4,0414013863	 314	 0,0000000000	 True	 4,0414013863
Instancias\Spd_RF2_1000_1047_6019.txt	 316	 0,0000000000	 True	 4,0284810066	 316	 0,0000000000	 True	 4,0284810066
Instancias\Spd_RF2_1000_1047_6027.txt	 315	 0,0000000000	 True	 4,0349206924	 315	 0,0000000000	 True	 4,0349206924
Instancias\Spd_RF2_1000_1047_6035.txt	 317	 0,0000000000	 True	 4,0220818520	 317	 0,0000000000	 True	 4,0220818520
Instancias\Spd_RF2_1000_1047_6043.txt	 315	 0,0000000000	 True	 4,0349206924	 315	 0,0000000000	 True	 4,0349206924
Instancias\Spd_RF2_1000_1095_6051.txt	 296	 0,0000000000	 True	 4,0878376961	 296	 0,0160000000	 True	 4,0878376961
Instancias\Spd_RF2_1000_1095_6059.txt	 296	 0,0150000000	 True	 4,0945944786	 296	 0,0000000000	 True	 4,0945944786
Instancias\Spd_RF2_1000_1095_6067.txt	 296	 0,0150000000	 True	 4,0844593048	 296	 0,0000000000	 True	 4,0844593048
Instancias\Spd_RF2_1000_1095_6075.txt	 295	 0,0000000000	 True	 4,0915255547	 295	 0,0000000000	 True	 4,0915255547
Instancias\Spd_RF2_1000_1095_6083.txt	 295	 0,0000000000	 True	 4,0983052254	 295	 0,0000000000	 True	 4,0983052254
Instancias\Spd_RF2_1000_1143_6091.txt	 278	 0,0000000000	 True	 4,1402878761	 278	 0,0160000000	 True	 4,1402878761
Instancias\Spd_RF2_1000_1143_6099.txt	 278	 0,0150000000	 True	 4,1438846588	 278	 0,0000000000	 True	 4,1438846588
Instancias\Spd_RF2_1000_1143_6107.txt	 278	 0,0000000000	 True	 4,1402878761	 278	 0,0150000000	 True	 4,1402878761
Instancias\Spd_RF2_1000_1143_6115.txt	 280	 0,0150000000	 True	 4,1321430206	 280	 0,0000000000	 True	 4,1321430206
Instancias\Spd_RF2_1000_1143_6123.txt	 275	 0,0150000000	 True	 4,1709089279	 275	 0,0000000000	 True	 4,1709089279
Instancias\Spd_RF2_1000_1191_6131.txt	 258	 0,0000000000	 True	 4,2403101921	 258	 0,0000000000	 True	 4,2403101921
Instancias\Spd_RF2_1000_1191_6139.txt	 258	 0,0000000000	 True	 4,2248063087	 258	 0,0160000000	 True	 4,2286820412
Instancias\Spd_RF2_1000_1191_6147.txt	 259	 0,0150000000	 True	 4,2200770378	 259	 0,0000000000	 True	 4,2200770378
Instancias\Spd_RF2_1000_1191_6155.txt	 260	 0,0000000000	 True	 4,1999998093	 260	 0,0000000000	 True	 4,1999998093
Instancias\Spd_RF2_1000_1191_6163.txt	 262	 0,0000000000	 True	 4,2022900581	 262	 0,0160000000	 True	 4,2022900581
Instancias\Spd_RF2_1000_1239_6171.txt	 242	 0,0000000000	 True	 4,3099174500	 242	 0,0160000000	 True	 4,3057851791
Instancias\Spd_RF2_1000_1239_6179.txt	 245	 0,0000000000	 True	 4,2816324234	 245	 0,0160000000	 True	 4,2775511742
Instancias\Spd_RF2_1000_1239_6187.txt	 241	 0,0150000000	 True	 4,3360996246	 241	 0,0000000000	 True	 4,3319501877
Instancias\Spd_RF2_1000_1239_6195.txt	 247	 0,0000000000	 True	 4,2591094971	 247	 0,0160000000	 True	 4,2591094971
Instancias\Spd_RF2_1000_1239_6203.txt	 245	 0,0000000000	 True	 4,2530612946	 245	 0,0160000000	 True	 4,2489795685
Instancias\Spd_RF2_100_114_1811.txt	 27	 0,0000000000	 True	 4,0740742683	 27	 0,0000000000	 True	 4,0740742683
Instancias\Spd_RF2_100_114_1819.txt	 23	 0,0000000000	 True	 4,2608695030	 23	 0,0000000000	 True	 4,2608695030
Instancias\Spd_RF2_100_114_1827.txt	 23	 0,0000000000	 True	 4,3043479919	 23	 0,0000000000	 True	 4,3043479919
Instancias\Spd_RF2_100_114_1835.txt	 23	 0,0000000000	 True	 4,1739130020	 23	 0,0000000000	 True	 4,1739130020
Instancias\Spd_RF2_100_114_1843.txt	 25	 0,0000000000	 True	 3,9200000763	 25	 0,0000000000	 True	 3,9200000763
Instancias\Spd_RF2_100_129_1851.txt	 19	 0,0000000000	 True	 4,1052632332	 19	 0,0000000000	 True	 4,1052632332
Instancias\Spd_RF2_100_129_1859.txt	 19	 0,0000000000	 True	 3,8947367668	 19	 0,0000000000	 True	 3,8947367668
Instancias\Spd_RF2_100_129_1867.txt	 18	 0,0000000000	 True	 4,2222223282	 18	 0,0000000000	 True	 4,2222223282
Instancias\Spd_RF2_100_129_1875.txt	 17	 0,0000000000	 True	 4,3529410362	 17	 0,0000000000	 True	 4,3529410362
Instancias\Spd_RF2_100_129_1883.txt	 15	 0,0000000000	 True	 4,5333333015	 15	 0,0000000000	 True	 4,5333333015
Instancias\Spd_RF2_100_144_1891.txt	 16	 0,0000000000	 True	 4,2500000000	 16	 0,0000000000	 True	 4,2500000000
Instancias\Spd_RF2_100_144_1899.txt	 13	 0,0000000000	 True	 4,3076925278	 13	 0,0000000000	 True	 4,2307691574
Instancias\Spd_RF2_100_144_1907.txt	 16	 0,0000000000	 True	 4,5000000000	 16	 0,0000000000	 True	 4,5000000000
Instancias\Spd_RF2_100_144_1915.txt	 11	 0,0000000000	 True	 4,5454545021	 11	 0,0000000000	 True	 4,3636364937
Instancias\Spd_RF2_100_144_1923.txt	 15	 0,0000000000	 True	 4,2666668892	 15	 0,0000000000	 True	 4,2666668892
Instancias\Spd_RF2_100_159_1931.txt	 12	 0,0000000000	 True	 4,2500000000	 12	 0,0000000000	 True	 4,2500000000
Instancias\Spd_RF2_100_159_1939.txt	 11	 0,0000000000	 True	 4,4545454979	 11	 0,0000000000	 True	 4,4545454979
Instancias\Spd_RF2_100_159_1947.txt	 9	 0,0000000000	 True	 4,3333334923	 9	 0,0000000000	 True	 4,3333334923
Instancias\Spd_RF2_100_159_1955.txt	 9	 0,0000000000	 True	 4,7777776718	 9	 0,0000000000	 True	 4,7777776718
Instancias\Spd_RF2_100_159_1963.txt	 14	 0,0000000000	 True	 4,3571429253	 14	 0,0000000000	 True	 4,3571429253
Instancias\Spd_RF2_100_174_1971.txt	 9	 0,0000000000	 True	 4,4444446564	 9	 0,0000000000	 True	 4,4444446564
Instancias\Spd_RF2_100_174_1979.txt	 10	 0,0000000000	 True	 4,0000000000	 10	 0,0000000000	 True	 3,9000000954
Instancias\Spd_RF2_100_174_1987.txt	 10	 0,0000000000	 True	 4,6999998093	 10	 0,0000000000	 True	 4,6999998093
Instancias\Spd_RF2_100_174_1995.txt	 9	 0,0000000000	 True	 5,2222223282	 9	 0,0000000000	 True	 5,1111111641
Instancias\Spd_RF2_100_174_2003.txt	 8	 0,0000000000	 True	 4,7500000000	 8	 0,0000000000	 True	 4,3750000000
Instancias\Spd_RF2_120_136_2211.txt	 31	 0,0000000000	 True	 4,0645160675	 31	 0,0000000000	 True	 4,0645160675
Instancias\Spd_RF2_120_136_2219.txt	 29	 0,0000000000	 True	 4,1724138260	 29	 0,0000000000	 True	 4,1724138260
Instancias\Spd_RF2_120_136_2227.txt	 30	 0,0000000000	 True	 4,1666665077	 30	 0,0000000000	 True	 4,1666665077
Instancias\Spd_RF2_120_136_2235.txt	 30	 0,0000000000	 True	 4,0333333015	 30	 0,0000000000	 True	 4,0333333015
Instancias\Spd_RF2_120_136_2243.txt	 31	 0,0000000000	 True	 3,9677419662	 31	 0,0000000000	 True	 3,9677419662
Instancias\Spd_RF2_120_152_2251.txt	 23	 0,0000000000	 True	 4,1304349899	 23	 0,0000000000	 True	 4,1304349899
Instancias\Spd_RF2_120_152_2259.txt	 25	 0,0000000000	 True	 3,9600000381	 25	 0,0000000000	 True	 3,9600000381
Instancias\Spd_RF2_120_152_2267.txt	 24	 0,0000000000	 True	 4,3750000000	 24	 0,0000000000	 True	 4,3750000000
Instancias\Spd_RF2_120_152_2275.txt	 24	 0,0000000000	 True	 4,2083334923	 24	 0,0000000000	 True	 4,2083334923
Instancias\Spd_RF2_120_152_2283.txt	 24	 0,0000000000	 True	 4,4166665077	 24	 0,0000000000	 True	 4,4166665077
Instancias\Spd_RF2_120_169_2291.txt	 19	 0,0000000000	 True	 4,4210524559	 19	 0,0000000000	 True	 4,4210524559
Instancias\Spd_RF2_120_169_2299.txt	 18	 0,0000000000	 True	 4,5555553436	 18	 0,0000000000	 True	 4,5555553436
Instancias\Spd_RF2_120_169_2307.txt	 18	 0,0000000000	 True	 4,2222223282	 18	 0,0000000000	 True	 4,2222223282
Instancias\Spd_RF2_120_169_2315.txt	 20	 0,0000000000	 True	 4,0999999046	 20	 0,0000000000	 True	 4,0999999046
Instancias\Spd_RF2_120_169_2323.txt	 19	 0,0000000000	 True	 4,4736843109	 19	 0,0000000000	 True	 4,4736843109
Instancias\Spd_RF2_120_185_2331.txt	 14	 0,0000000000	 True	 4,4285712242	 15	 0,0000000000	 True	 4,4285712242
Instancias\Spd_RF2_120_185_2339.txt	 14	 0,0000000000	 True	 4,5714287758	 14	 0,0000000000	 True	 4,5714287758
Instancias\Spd_RF2_120_185_2347.txt	 14	 0,0150000000	 True	 4,3571429253	 14	 0,0000000000	 True	 4,3571429253
Instancias\Spd_RF2_120_185_2355.txt	 12	 0,0000000000	 True	 4,5000000000	 12	 0,0000000000	 True	 4,5000000000
Instancias\Spd_RF2_120_185_2363.txt	 16	 0,0000000000	 True	 4,3125000000	 16	 0,0000000000	 True	 4,3125000000
Instancias\Spd_RF2_120_202_2371.txt	 12	 0,0000000000	 True	 3,9166667461	 12	 0,0000000000	 True	 3,9166667461
Instancias\Spd_RF2_120_202_2379.txt	 15	 0,0000000000	 True	 4,4666666985	 15	 0,0000000000	 True	 4,4666666985
Instancias\Spd_RF2_120_202_2387.txt	 11	 0,0000000000	 True	 4,6363635063	 11	 0,0000000000	 True	 4,6363635063
Instancias\Spd_RF2_120_202_2395.txt	 10	 0,0000000000	 True	 5,0000000000	 11	 0,0150000000	 True	 5,0000000000
Instancias\Spd_RF2_120_202_2403.txt	 15	 0,0000000000	 True	 4,3333334923	 15	 0,0000000000	 True	 4,3333334923
Instancias\Spd_RF2_140_157_2611.txt	 35	 0,0150000000	 True	 4,0857143402	 35	 0,0000000000	 True	 4,0857143402
Instancias\Spd_RF2_140_157_2619.txt	 34	 0,0000000000	 True	 4,0882353783	 34	 0,0000000000	 True	 4,0882353783
Instancias\Spd_RF2_140_157_2627.txt	 35	 0,0000000000	 True	 4,0571427345	 35	 0,0000000000	 True	 4,0571427345
Instancias\Spd_RF2_140_157_2635.txt	 34	 0,0000000000	 True	 4,1176471710	 34	 0,0000000000	 True	 4,1176471710
Instancias\Spd_RF2_140_157_2643.txt	 34	 0,0000000000	 True	 4,1470589638	 34	 0,0000000000	 True	 4,1176471710
Instancias\Spd_RF2_140_175_2651.txt	 25	 0,0000000000	 True	 4,3200001717	 25	 0,0000000000	 True	 4,3200001717
Instancias\Spd_RF2_140_175_2659.txt	 30	 0,0000000000	 True	 4,0333333015	 30	 0,0000000000	 True	 4,0000000000
Instancias\Spd_RF2_140_175_2667.txt	 27	 0,0000000000	 True	 4,0740742683	 27	 0,0000000000	 True	 4,0740742683
Instancias\Spd_RF2_140_175_2675.txt	 27	 0,0000000000	 True	 4,2222223282	 27	 0,0000000000	 True	 4,2222223282
Instancias\Spd_RF2_140_175_2683.txt	 29	 0,0000000000	 True	 4,1034483910	 29	 0,0000000000	 True	 4,1034483910
Instancias\Spd_RF2_140_193_2691.txt	 21	 0,0000000000	 True	 4,6190476418	 21	 0,0000000000	 True	 4,6190476418
Instancias\Spd_RF2_140_193_2699.txt	 21	 0,0000000000	 True	 3,9523808956	 21	 0,0000000000	 True	 3,9523808956
Instancias\Spd_RF2_140_193_2707.txt	 21	 0,0000000000	 True	 4,6190476418	 21	 0,0000000000	 True	 4,6190476418
Instancias\Spd_RF2_140_193_2715.txt	 23	 0,0000000000	 True	 4,0000000000	 23	 0,0000000000	 True	 4,0000000000
Instancias\Spd_RF2_140_193_2723.txt	 23	 0,0000000000	 True	 3,9565217495	 23	 0,0000000000	 True	 3,9565217495
Instancias\Spd_RF2_140_211_2731.txt	 19	 0,0000000000	 True	 4,5263156891	 19	 0,0000000000	 True	 4,5263156891
Instancias\Spd_RF2_140_211_2739.txt	 21	 0,0000000000	 True	 4,1428570747	 21	 0,0000000000	 True	 4,1428570747
Instancias\Spd_RF2_140_211_2747.txt	 21	 0,0000000000	 True	 4,1428570747	 21	 0,0000000000	 True	 4,1428570747
Instancias\Spd_RF2_140_211_2755.txt	 19	 0,0000000000	 True	 4,5789475441	 19	 0,0000000000	 True	 4,5263156891
Instancias\Spd_RF2_140_211_2763.txt	 18	 0,0000000000	 True	 4,3333334923	 18	 0,0000000000	 True	 4,3333334923
Instancias\Spd_RF2_140_229_2771.txt	 14	 0,0000000000	 True	 4,7142858505	 14	 0,0000000000	 True	 4,5714287758
Instancias\Spd_RF2_140_229_2779.txt	 15	 0,0000000000	 True	 4,4000000954	 14	 0,0000000000	 True	 4,1999998093
Instancias\Spd_RF2_140_229_2787.txt	 14	 0,0000000000	 True	 4,3571429253	 14	 0,0000000000	 True	 4,3571429253
Instancias\Spd_RF2_140_229_2795.txt	 16	 0,0000000000	 True	 4,5000000000	 16	 0,0000000000	 True	 4,4375000000
Instancias\Spd_RF2_140_229_2803.txt	 16	 0,0000000000	 True	 4,6250000000	 16	 0,0000000000	 True	 4,5625000000
Instancias\Spd_RF2_160_179_3011.txt	 40	 0,0000000000	 True	 4,0999999046	 40	 0,0000000000	 True	 4,0999999046
Instancias\Spd_RF2_160_179_3019.txt	 41	 0,0000000000	 True	 4,0487804413	 41	 0,0000000000	 True	 4,0487804413
Instancias\Spd_RF2_160_179_3027.txt	 43	 0,0000000000	 True	 3,9069766998	 43	 0,0000000000	 True	 3,9069766998
Instancias\Spd_RF2_160_179_3035.txt	 41	 0,0000000000	 True	 3,9756097794	 41	 0,0000000000	 True	 3,9756097794
Instancias\Spd_RF2_160_179_3043.txt	 40	 0,0000000000	 True	 4,1250000000	 40	 0,0000000000	 True	 4,1250000000
Instancias\Spd_RF2_160_198_3051.txt	 34	 0,0000000000	 True	 4,3823528290	 34	 0,0000000000	 True	 4,3823528290
Instancias\Spd_RF2_160_198_3059.txt	 30	 0,0000000000	 True	 4,2333331108	 30	 0,0000000000	 True	 4,2333331108
Instancias\Spd_RF2_160_198_3067.txt	 33	 0,0000000000	 True	 4,4242424965	 33	 0,0000000000	 True	 4,4242424965
Instancias\Spd_RF2_160_198_3075.txt	 32	 0,0000000000	 True	 4,2187500000	 32	 0,0000000000	 True	 4,2187500000
Instancias\Spd_RF2_160_198_3083.txt	 34	 0,0000000000	 True	 4,2941174507	 34	 0,0000000000	 True	 4,2647056580
Instancias\Spd_RF2_160_218_3091.txt	 25	 0,0000000000	 True	 4,3200001717	 25	 0,0000000000	 True	 4,3200001717
Instancias\Spd_RF2_160_218_3099.txt	 29	 0,0000000000	 True	 4,2758622169	 29	 0,0000000000	 True	 4,2758622169
Instancias\Spd_RF2_160_218_3107.txt	 25	 0,0000000000	 True	 4,1999998093	 25	 0,0000000000	 True	 4,1599998474
Instancias\Spd_RF2_160_218_3115.txt	 27	 0,0000000000	 True	 4,2962961197	 27	 0,0000000000	 True	 4,2962961197
Instancias\Spd_RF2_160_218_3123.txt	 28	 0,0000000000	 True	 4,3571429253	 28	 0,0000000000	 True	 4,3571429253
Instancias\Spd_RF2_160_237_3131.txt	 23	 0,0000000000	 True	 4,4347825050	 23	 0,0000000000	 True	 4,4347825050
Instancias\Spd_RF2_160_237_3139.txt	 20	 0,0000000000	 True	 4,4000000954	 20	 0,0000000000	 True	 4,4000000954
Instancias\Spd_RF2_160_237_3147.txt	 23	 0,0000000000	 True	 4,0434784889	 24	 0,0000000000	 True	 4,0434784889
Instancias\Spd_RF2_160_237_3155.txt	 21	 0,0000000000	 True	 4,1904764175	 21	 0,0000000000	 True	 4,1428570747
Instancias\Spd_RF2_160_237_3163.txt	 21	 0,0000000000	 True	 4,3809523582	 21	 0,0150000000	 True	 4,3809523582
Instancias\Spd_RF2_160_257_3171.txt	 23	 0,0000000000	 True	 4,0434784889	 23	 0,0000000000	 True	 4,0434784889
Instancias\Spd_RF2_160_257_3179.txt	 17	 0,0000000000	 True	 4,6470589638	 17	 0,0000000000	 True	 4,6470589638
Instancias\Spd_RF2_160_257_3187.txt	 20	 0,0000000000	 True	 3,7999999523	 20	 0,0000000000	 True	 3,7999999523
Instancias\Spd_RF2_160_257_3195.txt	 19	 0,0000000000	 True	 4,4210524559	 19	 0,0000000000	 True	 4,3684210777
Instancias\Spd_RF2_160_257_3203.txt	 18	 0,0000000000	 True	 4,6111111641	 18	 0,0000000000	 True	 4,6111111641
Instancias\Spd_RF2_180_200_3411.txt	 48	 0,0000000000	 True	 4,1250000000	 48	 0,0000000000	 True	 4,1041665077
Instancias\Spd_RF2_180_200_3419.txt	 48	 0,0000000000	 True	 4,0416665077	 48	 0,0000000000	 True	 4,0416665077
Instancias\Spd_RF2_180_200_3427.txt	 47	 0,0000000000	 True	 4,0851063728	 47	 0,0000000000	 True	 4,0851063728
Instancias\Spd_RF2_180_200_3435.txt	 47	 0,0000000000	 True	 4,1276597977	 47	 0,0000000000	 True	 4,1276597977
Instancias\Spd_RF2_180_200_3443.txt	 45	 0,0000000000	 True	 4,0444445610	 45	 0,0000000000	 True	 4,0444445610
Instancias\Spd_RF2_180_221_3451.txt	 37	 0,0000000000	 True	 4,0540542603	 37	 0,0000000000	 True	 4,0540542603
Instancias\Spd_RF2_180_221_3459.txt	 38	 0,0000000000	 True	 4,0789475441	 38	 0,0150000000	 True	 4,0526313782
Instancias\Spd_RF2_180_221_3467.txt	 36	 0,0000000000	 True	 4,2222223282	 36	 0,0000000000	 True	 4,2222223282
Instancias\Spd_RF2_180_221_3475.txt	 37	 0,0000000000	 True	 4,0270271301	 37	 0,0000000000	 True	 4,0270271301
Instancias\Spd_RF2_180_221_3483.txt	 41	 0,0150000000	 True	 4,2195119858	 41	 0,0000000000	 True	 4,2195119858
Instancias\Spd_RF2_180_242_3491.txt	 29	 0,0150000000	 True	 4,1379308701	 29	 0,0000000000	 True	 4,1379308701
Instancias\Spd_RF2_180_242_3499.txt	 29	 0,0000000000	 True	 4,3793101311	 29	 0,0000000000	 True	 4,3793101311
Instancias\Spd_RF2_180_242_3507.txt	 29	 0,0000000000	 True	 4,4137930870	 29	 0,0000000000	 True	 4,4137930870
Instancias\Spd_RF2_180_242_3515.txt	 30	 0,0000000000	 True	 4,3000001907	 30	 0,0000000000	 True	 4,2666668892
Instancias\Spd_RF2_180_242_3523.txt	 28	 0,0000000000	 True	 4,4285712242	 28	 0,0000000000	 True	 4,4285712242
Instancias\Spd_RF2_180_263_3531.txt	 22	 0,0000000000	 True	 4,5000000000	 22	 0,0000000000	 True	 4,5000000000
Instancias\Spd_RF2_180_263_3539.txt	 26	 0,0000000000	 True	 4,6538462639	 26	 0,0000000000	 True	 4,6538462639
Instancias\Spd_RF2_180_263_3547.txt	 26	 0,0000000000	 True	 4,4230771065	 26	 0,0000000000	 True	 4,3846154213
Instancias\Spd_RF2_180_263_3555.txt	 26	 0,0000000000	 True	 4,3076925278	 26	 0,0000000000	 True	 4,3076925278
Instancias\Spd_RF2_180_263_3563.txt	 28	 0,0000000000	 True	 4,3214287758	 28	 0,0000000000	 True	 4,3214287758
Instancias\Spd_RF2_180_284_3571.txt	 22	 0,0000000000	 True	 4,1818180084	 22	 0,0000000000	 True	 4,1818180084
Instancias\Spd_RF2_180_284_3579.txt	 20	 0,0000000000	 True	 4,5000000000	 20	 0,0000000000	 True	 4,5000000000
Instancias\Spd_RF2_180_284_3587.txt	 22	 0,0000000000	 True	 3,9545454979	 22	 0,0000000000	 True	 3,9545454979
Instancias\Spd_RF2_180_284_3595.txt	 24	 0,0000000000	 True	 4,6250000000	 24	 0,0000000000	 True	 4,6250000000
Instancias\Spd_RF2_180_284_3603.txt	 24	 0,0000000000	 True	 4,8333334923	 24	 0,0000000000	 True	 4,8333334923
Instancias\Spd_RF2_200_222_3811.txt	 51	 0,0000000000	 True	 4,2156863213	 51	 0,0000000000	 True	 4,2156863213
Instancias\Spd_RF2_200_222_3819.txt	 52	 0,0000000000	 True	 4,1346154213	 52	 0,0000000000	 True	 4,1346154213
Instancias\Spd_RF2_200_222_3827.txt	 52	 0,0000000000	 True	 4,0961537361	 52	 0,0000000000	 True	 4,0961537361
Instancias\Spd_RF2_200_222_3835.txt	 52	 0,0000000000	 True	 4,0769228935	 52	 0,0000000000	 True	 4,0769228935
Instancias\Spd_RF2_200_222_3843.txt	 53	 0,0000000000	 True	 4,1320753098	 53	 0,0000000000	 True	 4,1320753098
Instancias\Spd_RF2_200_244_3851.txt	 41	 0,0000000000	 True	 4,3170733452	 41	 0,0150000000	 True	 4,3170733452
Instancias\Spd_RF2_200_244_3859.txt	 44	 0,0000000000	 True	 4,2500000000	 44	 0,0000000000	 True	 4,2727274895
Instancias\Spd_RF2_200_244_3867.txt	 42	 0,0000000000	 True	 4,1666665077	 42	 0,0000000000	 True	 4,1666665077
Instancias\Spd_RF2_200_244_3875.txt	 41	 0,0000000000	 True	 4,2439022064	 41	 0,0000000000	 True	 4,2439022064
Instancias\Spd_RF2_200_244_3883.txt	 40	 0,0000000000	 True	 4,3000001907	 40	 0,0150000000	 True	 4,3000001907
Instancias\Spd_RF2_200_267_3891.txt	 34	 0,0000000000	 True	 4,5588235855	 34	 0,0000000000	 True	 4,5588235855
Instancias\Spd_RF2_200_267_3899.txt	 34	 0,0000000000	 True	 4,2941174507	 34	 0,0000000000	 True	 4,3235292435
Instancias\Spd_RF2_200_267_3907.txt	 31	 0,0000000000	 True	 4,5483870506	 31	 0,0000000000	 True	 4,5483870506
Instancias\Spd_RF2_200_267_3915.txt	 33	 0,0000000000	 True	 4,3333334923	 33	 0,0000000000	 True	 4,3333334923
Instancias\Spd_RF2_200_267_3923.txt	 33	 0,0000000000	 True	 4,5151515007	 33	 0,0000000000	 True	 4,5151515007
Instancias\Spd_RF2_200_289_3931.txt	 29	 0,0000000000	 True	 4,3103446960	 28	 0,0000000000	 True	 4,2068967819
Instancias\Spd_RF2_200_289_3939.txt	 30	 0,0000000000	 True	 4,4666666985	 30	 0,0000000000	 True	 4,4666666985
Instancias\Spd_RF2_200_289_3947.txt	 28	 0,0000000000	 True	 4,5714287758	 28	 0,0000000000	 True	 4,5714287758
Instancias\Spd_RF2_200_289_3955.txt	 30	 0,0000000000	 True	 4,4000000954	 30	 0,0000000000	 True	 4,4000000954
Instancias\Spd_RF2_200_289_3963.txt	 29	 0,0000000000	 True	 4,4482760429	 29	 0,0000000000	 True	 4,4482760429
Instancias\Spd_RF2_200_312_3971.txt	 25	 0,0000000000	 True	 4,2800002098	 25	 0,0000000000	 True	 4,2800002098
Instancias\Spd_RF2_200_312_3979.txt	 23	 0,0000000000	 True	 4,1304349899	 23	 0,0000000000	 True	 4,1304349899
Instancias\Spd_RF2_200_312_3987.txt	 25	 0,0000000000	 True	 4,3600001335	 25	 0,0000000000	 True	 4,3600001335
Instancias\Spd_RF2_200_312_3995.txt	 24	 0,0000000000	 True	 4,2500000000	 24	 0,0000000000	 True	 4,2500000000
Instancias\Spd_RF2_200_312_4003.txt	 24	 0,0150000000	 True	 4,4166665077	 24	 0,0000000000	 True	 4,3750000000
Instancias\Spd_RF2_20_27_211.txt	 1	 0,0000000000	 True	 6,0000000000	 1	 0,0000000000	 True	 6,0000000000
Instancias\Spd_RF2_20_27_219.txt	 2	 0,0000000000	 True	 5,5000000000	 2	 0,0000000000	 True	 5,5000000000
Instancias\Spd_RF2_20_27_227.txt	 2	 0,0000000000	 True	 4,5000000000	 2	 0,0000000000	 True	 4,5000000000
Instancias\Spd_RF2_20_27_235.txt	 3	 0,0000000000	 True	 5,0000000000	 3	 0,0000000000	 True	 5,0000000000
Instancias\Spd_RF2_20_27_243.txt	 4	 0,0000000000	 True	 4,7500000000	 4	 0,0000000000	 True	 4,7500000000
Instancias\Spd_RF2_20_34_251.txt	 1	 0,0000000000	 True	 6,0000000000	 1	 0,0000000000	 True	 5,0000000000
Instancias\Spd_RF2_20_34_259.txt	 1	 0,0000000000	 True	 4,0000000000	 1	 0,0000000000	 True	 4,0000000000
Instancias\Spd_RF2_20_34_267.txt	 2	 0,0000000000	 True	 4,5000000000	 2	 0,0000000000	 True	 4,0000000000
Instancias\Spd_RF2_20_34_275.txt	 2	 0,0000000000	 True	 4,5000000000	 2	 0,0000000000	 True	 4,0000000000
Instancias\Spd_RF2_20_34_283.txt	 2	 0,0000000000	 True	 3,5000000000	 2	 0,0000000000	 True	 3,5000000000
Instancias\Spd_RF2_20_42_291.txt	 1	 0,0000000000	 True	 8,0000000000	 1	 0,0000000000	 True	 3,0000000000
Instancias\Spd_RF2_20_42_299.txt	 1	 0,0000000000	 True	 4,0000000000	 1	 0,0000000000	 True	 3,0000000000
Instancias\Spd_RF2_20_42_307.txt	 1	 0,0000000000	 True	 5,0000000000	 1	 0,0000000000	 True	 3,0000000000
Instancias\Spd_RF2_20_42_315.txt	 0	 0,0000000000	 True	 0	 0	 0,0000000000	 True	 0
Instancias\Spd_RF2_20_42_323.txt	 1	 0,0000000000	 True	 3,0000000000	 1	 0,0000000000	 True	 3,0000000000
Instancias\Spd_RF2_20_49_331.txt	 1	 0,0000000000	 True	 3,0000000000	 1	 0,0000000000	 True	 3,0000000000
Instancias\Spd_RF2_20_49_339.txt	 0	 0,0000000000	 True	 0	 0	 0,0000000000	 True	 0
Instancias\Spd_RF2_20_49_347.txt	 0	 0,0000000000	 True	 0	 0	 0,0000000000	 True	 0
Instancias\Spd_RF2_20_49_355.txt	 0	 0,0000000000	 True	 0	 0	 0,0000000000	 True	 0
Instancias\Spd_RF2_20_49_363.txt	 0	 0,0000000000	 True	 0	 0	 0,0000000000	 True	 0
Instancias\Spd_RF2_20_57_371.txt	 0	 0,0000000000	 True	 0	 0	 0,0000000000	 True	 0
Instancias\Spd_RF2_20_57_379.txt	 0	 0,0000000000	 True	 0	 0	 0,0000000000	 True	 0
Instancias\Spd_RF2_20_57_387.txt	 1	 0,0000000000	 True	 3,0000000000	 1	 0,0000000000	 True	 3,0000000000
Instancias\Spd_RF2_20_57_395.txt	 1	 0,0000000000	 True	 3,0000000000	 1	 0,0000000000	 True	 3,0000000000
Instancias\Spd_RF2_20_57_403.txt	 0	 0,0000000000	 True	 0	 0	 0,0000000000	 True	 0
Instancias\Spd_RF2_250_273_4011.txt	 68	 0,0000000000	 True	 4,1176471710	 68	 0,0000000000	 True	 4,1176471710
Instancias\Spd_RF2_250_273_4019.txt	 67	 0,0000000000	 True	 4,1044774055	 67	 0,0000000000	 True	 4,1044774055
Instancias\Spd_RF2_250_273_4027.txt	 67	 0,0000000000	 True	 4,0597014427	 67	 0,0150000000	 True	 4,0597014427
Instancias\Spd_RF2_250_273_4035.txt	 68	 0,0000000000	 True	 4,0000000000	 68	 0,0000000000	 True	 3,9852941036
Instancias\Spd_RF2_250_273_4043.txt	 68	 0,0000000000	 True	 4,0882353783	 68	 0,0000000000	 True	 4,0882353783
Instancias\Spd_RF2_250_297_4051.txt	 54	 0,0000000000	 True	 4,2407407761	 54	 0,0000000000	 True	 4,2407407761
Instancias\Spd_RF2_250_297_4059.txt	 60	 0,0000000000	 True	 4,0333333015	 60	 0,0000000000	 True	 4,0333333015
Instancias\Spd_RF2_250_297_4067.txt	 54	 0,0000000000	 True	 4,2222223282	 54	 0,0000000000	 True	 4,2222223282
Instancias\Spd_RF2_250_297_4075.txt	 58	 0,0000000000	 True	 4,0862069130	 58	 0,0000000000	 True	 4,0862069130
Instancias\Spd_RF2_250_297_4083.txt	 56	 0,0150000000	 True	 4,1964287758	 56	 0,0000000000	 True	 4,1964287758
Instancias\Spd_RF2_250_321_4091.txt	 48	 0,0000000000	 True	 4,4166665077	 48	 0,0000000000	 True	 4,4166665077
Instancias\Spd_RF2_250_321_4099.txt	 45	 0,0000000000	 True	 4,2888889313	 45	 0,0000000000	 True	 4,2888889313
Instancias\Spd_RF2_250_321_4107.txt	 47	 0,0000000000	 True	 4,2127661705	 47	 0,0000000000	 True	 4,2127661705
Instancias\Spd_RF2_250_321_4115.txt	 46	 0,0000000000	 True	 4,3478260040	 46	 0,0000000000	 True	 4,3478260040
Instancias\Spd_RF2_250_321_4123.txt	 47	 0,0000000000	 True	 4,4680852890	 47	 0,0000000000	 True	 4,4680852890
Instancias\Spd_RF2_250_345_4131.txt	 35	 0,0000000000	 True	 4,2571430206	 35	 0,0000000000	 True	 4,2571430206
Instancias\Spd_RF2_250_345_4139.txt	 42	 0,0000000000	 True	 4,2857141495	 42	 0,0000000000	 True	 4,2619047165
Instancias\Spd_RF2_250_345_4147.txt	 42	 0,0000000000	 True	 4,2857141495	 42	 0,0000000000	 True	 4,2857141495
Instancias\Spd_RF2_250_345_4155.txt	 36	 0,0000000000	 True	 4,2500000000	 36	 0,0000000000	 True	 4,2500000000
Instancias\Spd_RF2_250_345_4163.txt	 42	 0,0000000000	 True	 4,5476188660	 42	 0,0000000000	 True	 4,5476188660
Instancias\Spd_RF2_250_369_4171.txt	 31	 0,0150000000	 True	 4,5483870506	 31	 0,0000000000	 True	 4,5483870506
Instancias\Spd_RF2_250_369_4179.txt	 33	 0,0000000000	 True	 4,3333334923	 33	 0,0000000000	 True	 4,3333334923
Instancias\Spd_RF2_250_369_4187.txt	 31	 0,0000000000	 True	 4,6129031181	 31	 0,0000000000	 True	 4,6129031181
Instancias\Spd_RF2_250_369_4195.txt	 33	 0,0000000000	 True	 4,3636364937	 33	 0,0150000000	 True	 4,3636364937
Instancias\Spd_RF2_250_369_4203.txt	 34	 0,0000000000	 True	 4,0588235855	 34	 0,0000000000	 True	 4,0294117928
Instancias\Spd_RF2_300_326_4211.txt	 83	 0,0000000000	 True	 4,0602407455	 83	 0,0000000000	 True	 4,0602407455
Instancias\Spd_RF2_300_326_4219.txt	 81	 0,0000000000	 True	 4,1234569550	 81	 0,0000000000	 True	 4,1234569550
Instancias\Spd_RF2_300_326_4227.txt	 82	 0,0000000000	 True	 4,0853657722	 82	 0,0150000000	 True	 4,0853657722
Instancias\Spd_RF2_300_326_4235.txt	 82	 0,0000000000	 True	 4,0365853310	 82	 0,0000000000	 True	 4,0365853310
Instancias\Spd_RF2_300_326_4243.txt	 83	 0,0000000000	 True	 4,0963854790	 83	 0,0000000000	 True	 4,0963854790
Instancias\Spd_RF2_300_353_4251.txt	 68	 0,0150000000	 True	 4,2647056580	 68	 0,0000000000	 True	 4,2647056580
Instancias\Spd_RF2_300_353_4259.txt	 67	 0,0000000000	 True	 4,2388057709	 67	 0,0000000000	 True	 4,2388057709
Instancias\Spd_RF2_300_353_4267.txt	 72	 0,0000000000	 True	 4,0972223282	 72	 0,0000000000	 True	 4,0972223282
Instancias\Spd_RF2_300_353_4275.txt	 73	 0,0000000000	 True	 4,0821919441	 73	 0,0000000000	 True	 4,0958905220
Instancias\Spd_RF2_300_353_4283.txt	 70	 0,0000000000	 True	 4,1857142448	 70	 0,0000000000	 True	 4,1857142448
Instancias\Spd_RF2_300_380_4291.txt	 61	 0,0000000000	 True	 4,3114752769	 61	 0,0000000000	 True	 4,3114752769
Instancias\Spd_RF2_300_380_4299.txt	 58	 0,0000000000	 True	 4,3448276520	 58	 0,0000000000	 True	 4,3275861740
Instancias\Spd_RF2_300_380_4307.txt	 58	 0,0000000000	 True	 4,2068967819	 58	 0,0000000000	 True	 4,2068967819
Instancias\Spd_RF2_300_380_4315.txt	 56	 0,0000000000	 True	 4,1607141495	 56	 0,0000000000	 True	 4,1607141495
Instancias\Spd_RF2_300_380_4323.txt	 62	 0,0000000000	 True	 4,1935482025	 62	 0,0000000000	 True	 4,1935482025
Instancias\Spd_RF2_300_407_4331.txt	 53	 0,0150000000	 True	 4,4528303146	 53	 0,0000000000	 True	 4,4528303146
Instancias\Spd_RF2_300_407_4339.txt	 53	 0,0000000000	 True	 4,2830190659	 53	 0,0000000000	 True	 4,2830190659
Instancias\Spd_RF2_300_407_4347.txt	 54	 0,0000000000	 True	 4,2777776718	 54	 0,0000000000	 True	 4,2777776718
Instancias\Spd_RF2_300_407_4355.txt	 49	 0,0000000000	 True	 4,2857141495	 49	 0,0000000000	 True	 4,2857141495
Instancias\Spd_RF2_300_407_4363.txt	 52	 0,0000000000	 True	 4,2500000000	 52	 0,0000000000	 True	 4,2500000000
Instancias\Spd_RF2_300_434_4371.txt	 44	 0,0000000000	 True	 4,3409090042	 44	 0,0000000000	 True	 4,3409090042
Instancias\Spd_RF2_300_434_4379.txt	 42	 0,0000000000	 True	 4,5952382088	 42	 0,0000000000	 True	 4,5952382088
Instancias\Spd_RF2_300_434_4387.txt	 45	 0,0150000000	 True	 4,2444443703	 45	 0,0000000000	 True	 4,2444443703
Instancias\Spd_RF2_300_434_4395.txt	 47	 0,0000000000	 True	 4,3191490173	 47	 0,0000000000	 True	 4,2553191185
Instancias\Spd_RF2_300_434_4403.txt	 45	 0,0000000000	 True	 4,5111112595	 45	 0,0000000000	 True	 4,5111112595
Instancias\Spd_RF2_350_378_4411.txt	 97	 0,0000000000	 True	 4,0927834511	 97	 0,0000000000	 True	 4,0927834511
Instancias\Spd_RF2_350_378_4419.txt	 95	 0,0000000000	 True	 4,0315790176	 95	 0,0000000000	 True	 4,0315790176
Instancias\Spd_RF2_350_378_4427.txt	 97	 0,0000000000	 True	 4,0618557930	 97	 0,0000000000	 True	 4,0618557930
Instancias\Spd_RF2_350_378_4435.txt	 95	 0,0000000000	 True	 4,1368422508	 95	 0,0000000000	 True	 4,1368422508
Instancias\Spd_RF2_350_378_4443.txt	 96	 0,0000000000	 True	 4,0625000000	 96	 0,0000000000	 True	 4,0625000000
Instancias\Spd_RF2_350_406_4451.txt	 82	 0,0000000000	 True	 4,1585364342	 82	 0,0000000000	 True	 4,1585364342
Instancias\Spd_RF2_350_406_4459.txt	 83	 0,0000000000	 True	 4,2048192024	 83	 0,0000000000	 True	 4,1927709579
Instancias\Spd_RF2_350_406_4467.txt	 83	 0,0150000000	 True	 4,1566267014	 83	 0,0000000000	 True	 4,1566267014
Instancias\Spd_RF2_350_406_4475.txt	 82	 0,0000000000	 True	 4,0853657722	 82	 0,0000000000	 True	 4,0853657722
Instancias\Spd_RF2_350_406_4483.txt	 83	 0,0000000000	 True	 4,0602407455	 83	 0,0000000000	 True	 4,0602407455
Instancias\Spd_RF2_350_435_4491.txt	 67	 0,0000000000	 True	 4,2537312508	 67	 0,0000000000	 True	 4,2537312508
Instancias\Spd_RF2_350_435_4499.txt	 70	 0,0000000000	 True	 4,0857143402	 70	 0,0150000000	 True	 4,0714287758
Instancias\Spd_RF2_350_435_4507.txt	 72	 0,0000000000	 True	 4,2638888359	 72	 0,0000000000	 True	 4,2638888359
Instancias\Spd_RF2_350_435_4515.txt	 72	 0,0000000000	 True	 4,1944446564	 72	 0,0000000000	 True	 4,1944446564
Instancias\Spd_RF2_350_435_4523.txt	 72	 0,0000000000	 True	 4,1666665077	 72	 0,0000000000	 True	 4,1666665077
Instancias\Spd_RF2_350_463_4531.txt	 67	 0,0000000000	 True	 4,4029850960	 68	 0,0000000000	 True	 4,4029850960
Instancias\Spd_RF2_350_463_4539.txt	 62	 0,0000000000	 True	 4,2258062363	 62	 0,0000000000	 True	 4,2096772194
Instancias\Spd_RF2_350_463_4547.txt	 64	 0,0000000000	 True	 4,1406250000	 64	 0,0000000000	 True	 4,1406250000
Instancias\Spd_RF2_350_463_4555.txt	 65	 0,0000000000	 True	 4,0153846741	 65	 0,0000000000	 True	 4,0153846741
Instancias\Spd_RF2_350_463_4563.txt	 61	 0,0000000000	 True	 4,3114752769	 61	 0,0000000000	 True	 4,3114752769
Instancias\Spd_RF2_350_492_4571.txt	 53	 0,0000000000	 True	 4,4150943756	 53	 0,0000000000	 True	 4,4150943756
Instancias\Spd_RF2_350_492_4579.txt	 60	 0,0000000000	 True	 4,2166666985	 60	 0,0000000000	 True	 4,2166666985
Instancias\Spd_RF2_350_492_4587.txt	 53	 0,0000000000	 True	 4,2264151573	 53	 0,0000000000	 True	 4,2264151573
Instancias\Spd_RF2_350_492_4595.txt	 48	 0,0000000000	 True	 4,3333334923	 48	 0,0000000000	 True	 4,3333334923
Instancias\Spd_RF2_350_492_4603.txt	 57	 0,0000000000	 True	 4,2982454300	 57	 0,0000000000	 True	 4,2982454300
Instancias\Spd_RF2_400_429_4611.txt	 113	 0,0000000000	 True	 4,0442476273	 113	 0,0000000000	 True	 4,0442476273
Instancias\Spd_RF2_400_429_4619.txt	 114	 0,0150000000	 True	 4,0438594818	 114	 0,0000000000	 True	 4,0438594818
Instancias\Spd_RF2_400_429_4627.txt	 113	 0,0000000000	 True	 4,0265488625	 113	 0,0000000000	 True	 4,0265488625
Instancias\Spd_RF2_400_429_4635.txt	 112	 0,0000000000	 True	 4,0535712242	 112	 0,0000000000	 True	 4,0535712242
Instancias\Spd_RF2_400_429_4643.txt	 115	 0,0000000000	 True	 4,0608696938	 115	 0,0000000000	 True	 4,0608696938
Instancias\Spd_RF2_400_459_4651.txt	 101	 0,0000000000	 True	 4,0792078972	 101	 0,0000000000	 True	 4,0693068504
Instancias\Spd_RF2_400_459_4659.txt	 96	 0,0150000000	 True	 4,1979165077	 96	 0,0000000000	 True	 4,1979165077
Instancias\Spd_RF2_400_459_4667.txt	 99	 0,0000000000	 True	 4,0808081627	 99	 0,0150000000	 True	 4,0808081627
Instancias\Spd_RF2_400_459_4675.txt	 99	 0,0000000000	 True	 4,0707068443	 99	 0,0000000000	 True	 4,0707068443
Instancias\Spd_RF2_400_459_4683.txt	 97	 0,0000000000	 True	 4,1030926704	 97	 0,0000000000	 True	 4,0927834511
Instancias\Spd_RF2_400_489_4691.txt	 80	 0,0000000000	 True	 4,2375001907	 80	 0,0150000000	 True	 4,2375001907
Instancias\Spd_RF2_400_489_4699.txt	 86	 0,0000000000	 True	 4,1395349503	 86	 0,0000000000	 True	 4,1395349503
Instancias\Spd_RF2_400_489_4707.txt	 87	 0,0150000000	 True	 4,1264367104	 87	 0,0000000000	 True	 4,1264367104
Instancias\Spd_RF2_400_489_4715.txt	 84	 0,0000000000	 True	 4,1904764175	 84	 0,0150000000	 True	 4,1785712242
Instancias\Spd_RF2_400_489_4723.txt	 88	 0,0000000000	 True	 4,1250000000	 88	 0,0000000000	 True	 4,1250000000
Instancias\Spd_RF2_400_519_4731.txt	 76	 0,0000000000	 True	 4,1315789223	 76	 0,0000000000	 True	 4,1315789223
Instancias\Spd_RF2_400_519_4739.txt	 71	 0,0000000000	 True	 4,3098592758	 71	 0,0000000000	 True	 4,2957744598
Instancias\Spd_RF2_400_519_4747.txt	 77	 0,0000000000	 True	 4,2467532158	 77	 0,0000000000	 True	 4,2467532158
Instancias\Spd_RF2_400_519_4755.txt	 78	 0,0000000000	 True	 4,2051281929	 78	 0,0000000000	 True	 4,2051281929
Instancias\Spd_RF2_400_519_4763.txt	 74	 0,0000000000	 True	 4,3783783913	 74	 0,0000000000	 True	 4,3783783913
Instancias\Spd_RF2_400_549_4771.txt	 67	 0,0000000000	 True	 4,2686567307	 67	 0,0000000000	 True	 4,2686567307
Instancias\Spd_RF2_400_549_4779.txt	 60	 0,0000000000	 True	 4,4499998093	 60	 0,0000000000	 True	 4,4499998093
Instancias\Spd_RF2_400_549_4787.txt	 64	 0,0000000000	 True	 4,3593750000	 64	 0,0000000000	 True	 4,3593750000
Instancias\Spd_RF2_400_549_4795.txt	 63	 0,0150000000	 True	 4,3650794029	 63	 0,0000000000	 True	 4,3650794029
Instancias\Spd_RF2_400_549_4803.txt	 66	 0,0150000000	 True	 4,5000000000	 66	 0,0000000000	 True	 4,5000000000
Instancias\Spd_RF2_40_50_611.txt	 9	 0,0000000000	 True	 3,7777776718	 9	 0,0000000000	 True	 3,7777776718
Instancias\Spd_RF2_40_50_619.txt	 7	 0,0000000000	 True	 4,2857141495	 7	 0,0000000000	 True	 4,2857141495
Instancias\Spd_RF2_40_50_627.txt	 7	 0,0000000000	 True	 4,4285712242	 7	 0,0000000000	 True	 4,4285712242
Instancias\Spd_RF2_40_50_635.txt	 9	 0,0000000000	 True	 3,8888888359	 9	 0,0000000000	 True	 3,8888888359
Instancias\Spd_RF2_40_50_643.txt	 8	 0,0000000000	 True	 3,8750000000	 8	 0,0000000000	 True	 3,7500000000
Instancias\Spd_RF2_40_60_651.txt	 4	 0,0000000000	 True	 4,2500000000	 4	 0,0000000000	 True	 4,2500000000
Instancias\Spd_RF2_40_60_659.txt	 3	 0,0000000000	 True	 5,6666665077	 3	 0,0000000000	 True	 5,3333334923
Instancias\Spd_RF2_40_60_667.txt	 5	 0,0000000000	 True	 4,4000000954	 5	 0,0000000000	 True	 4,1999998093
Instancias\Spd_RF2_40_60_675.txt	 5	 0,0000000000	 True	 4,0000000000	 5	 0,0000000000	 True	 4,0000000000
Instancias\Spd_RF2_40_60_683.txt	 5	 0,0000000000	 True	 4,5999999046	 5	 0,0000000000	 True	 4,5999999046
Instancias\Spd_RF2_40_71_691.txt	 3	 0,0000000000	 True	 3,6666667461	 2	 0,0000000000	 True	 2,3333332539
Instancias\Spd_RF2_40_71_699.txt	 3	 0,0000000000	 True	 4,3333334923	 3	 0,0000000000	 True	 4,3333334923
Instancias\Spd_RF2_40_71_707.txt	 3	 0,0000000000	 True	 5,0000000000	 3	 0,0000000000	 True	 5,0000000000
Instancias\Spd_RF2_40_71_715.txt	 4	 0,0000000000	 True	 4,2500000000	 4	 0,0000000000	 True	 4,2500000000
Instancias\Spd_RF2_40_71_723.txt	 2	 0,0000000000	 True	 4,5000000000	 2	 0,0000000000	 True	 4,5000000000
Instancias\Spd_RF2_40_81_731.txt	 2	 0,0000000000	 True	 3,5000000000	 2	 0,0000000000	 True	 3,5000000000
Instancias\Spd_RF2_40_81_739.txt	 2	 0,0000000000	 True	 4,0000000000	 2	 0,0000000000	 True	 4,0000000000
Instancias\Spd_RF2_40_81_747.txt	 2	 0,0000000000	 True	 3,5000000000	 2	 0,0000000000	 True	 3,5000000000
Instancias\Spd_RF2_40_81_755.txt	 3	 0,0000000000	 True	 4,3333334923	 3	 0,0000000000	 True	 3,3333332539
Instancias\Spd_RF2_40_81_763.txt	 2	 0,0000000000	 True	 4,5000000000	 2	 0,0000000000	 True	 4,0000000000
Instancias\Spd_RF2_40_92_771.txt	 1	 0,0000000000	 True	 5,0000000000	 1	 0,0000000000	 True	 4,0000000000
Instancias\Spd_RF2_40_92_779.txt	 1	 0,0000000000	 True	 7,0000000000	 1	 0,0000000000	 True	 5,0000000000
Instancias\Spd_RF2_40_92_787.txt	 2	 0,0000000000	 True	 5,0000000000	 2	 0,0000000000	 True	 4,5000000000
Instancias\Spd_RF2_40_92_795.txt	 2	 0,0000000000	 True	 4,0000000000	 2	 0,0000000000	 True	 3,5000000000
Instancias\Spd_RF2_40_92_803.txt	 2	 0,0000000000	 True	 4,5000000000	 2	 0,0000000000	 True	 4,0000000000
Instancias\Spd_RF2_450_482_4811.txt	 127	 0,0000000000	 True	 4,0472440720	 127	 0,0000000000	 True	 4,0472440720
Instancias\Spd_RF2_450_482_4819.txt	 127	 0,0000000000	 True	 4,0472440720	 127	 0,0000000000	 True	 4,0472440720
Instancias\Spd_RF2_450_482_4827.txt	 129	 0,0000000000	 True	 3,9922480583	 129	 0,0000000000	 True	 3,9922480583
Instancias\Spd_RF2_450_482_4835.txt	 128	 0,0000000000	 True	 4,0468750000	 128	 0,0000000000	 True	 4,0390625000
Instancias\Spd_RF2_450_482_4843.txt	 127	 0,0000000000	 True	 4,0708661079	 127	 0,0000000000	 True	 4,0708661079
Instancias\Spd_RF2_450_515_4851.txt	 112	 0,0000000000	 True	 4,0892858505	 112	 0,0000000000	 True	 4,0892858505
Instancias\Spd_RF2_450_515_4859.txt	 113	 0,0000000000	 True	 4,0619468689	 113	 0,0000000000	 True	 4,0619468689
Instancias\Spd_RF2_450_515_4867.txt	 109	 0,0000000000	 True	 4,1100916862	 109	 0,0000000000	 True	 4,1100916862
Instancias\Spd_RF2_450_515_4875.txt	 112	 0,0150000000	 True	 4,0982141495	 112	 0,0000000000	 True	 4,0982141495
Instancias\Spd_RF2_450_515_4883.txt	 111	 0,0150000000	 True	 4,0720720291	 111	 0,0000000000	 True	 4,0720720291
Instancias\Spd_RF2_450_548_4891.txt	 97	 0,0150000000	 True	 4,1958761215	 97	 0,0000000000	 True	 4,1958761215
Instancias\Spd_RF2_450_548_4899.txt	 92	 0,0150000000	 True	 4,3260869980	 92	 0,0000000000	 True	 4,3260869980
Instancias\Spd_RF2_450_548_4907.txt	 96	 0,0150000000	 True	 4,1354165077	 96	 0,0000000000	 True	 4,1354165077
Instancias\Spd_RF2_450_548_4915.txt	 93	 0,0150000000	 True	 4,2150535583	 93	 0,0000000000	 True	 4,2150535583
Instancias\Spd_RF2_450_548_4923.txt	 99	 0,0000000000	 True	 4,1616163254	 99	 0,0000000000	 True	 4,1515150070
Instancias\Spd_RF2_450_581_4931.txt	 83	 0,0000000000	 True	 4,3855423927	 83	 0,0000000000	 True	 4,3734941483
Instancias\Spd_RF2_450_581_4939.txt	 83	 0,0000000000	 True	 4,4457831383	 83	 0,0000000000	 True	 4,4457831383
Instancias\Spd_RF2_450_581_4947.txt	 85	 0,0000000000	 True	 4,2705883980	 85	 0,0000000000	 True	 4,2705883980
Instancias\Spd_RF2_450_581_4955.txt	 85	 0,0000000000	 True	 4,2588233948	 85	 0,0000000000	 True	 4,2588233948
Instancias\Spd_RF2_450_581_4963.txt	 83	 0,0000000000	 True	 4,3493976593	 84	 0,0000000000	 True	 4,3734941483
Instancias\Spd_RF2_450_614_4971.txt	 73	 0,0000000000	 True	 4,3972601891	 73	 0,0000000000	 True	 4,3972601891
Instancias\Spd_RF2_450_614_4979.txt	 81	 0,0000000000	 True	 4,1975307465	 81	 0,0150000000	 True	 4,1728396416
Instancias\Spd_RF2_450_614_4987.txt	 73	 0,0000000000	 True	 4,3698630333	 73	 0,0150000000	 True	 4,3698630333
Instancias\Spd_RF2_450_614_4995.txt	 76	 0,0150000000	 True	 4,4605264664	 76	 0,0000000000	 True	 4,4605264664
Instancias\Spd_RF2_450_614_5003.txt	 76	 0,0150000000	 True	 4,2500000000	 76	 0,0000000000	 True	 4,2368421555
Instancias\Spd_RF2_500_534_5011.txt	 142	 0,0150000000	 True	 4,0281691551	 142	 0,0000000000	 True	 4,0281691551
Instancias\Spd_RF2_500_534_5019.txt	 145	 0,0000000000	 True	 4,0068964958	 145	 0,0150000000	 True	 4,0068964958
Instancias\Spd_RF2_500_534_5027.txt	 144	 0,0000000000	 True	 4,0416665077	 144	 0,0000000000	 True	 4,0416665077
Instancias\Spd_RF2_500_534_5035.txt	 147	 0,0000000000	 True	 4,0748300552	 147	 0,0000000000	 True	 4,0748300552
Instancias\Spd_RF2_500_534_5043.txt	 142	 0,0000000000	 True	 4,0352110863	 142	 0,0000000000	 True	 4,0352110863
Instancias\Spd_RF2_500_568_5051.txt	 126	 0,0000000000	 True	 4,1111111641	 126	 0,0000000000	 True	 4,1190476418
Instancias\Spd_RF2_500_568_5059.txt	 125	 0,0000000000	 True	 4,1440000534	 125	 0,0000000000	 True	 4,1440000534
Instancias\Spd_RF2_500_568_5067.txt	 127	 0,0150000000	 True	 4,0236220360	 127	 0,0000000000	 True	 4,0236220360
Instancias\Spd_RF2_500_568_5075.txt	 125	 0,0150000000	 True	 4,1519999504	 125	 0,0000000000	 True	 4,1519999504
Instancias\Spd_RF2_500_568_5083.txt	 124	 0,0000000000	 True	 4,2096772194	 124	 0,0150000000	 True	 4,2096772194
Instancias\Spd_RF2_500_603_5091.txt	 113	 0,0000000000	 True	 4,2477874756	 113	 0,0150000000	 True	 4,2477874756
Instancias\Spd_RF2_500_603_5099.txt	 111	 0,0150000000	 True	 4,2072072029	 111	 0,0000000000	 True	 4,2072072029
Instancias\Spd_RF2_500_603_5107.txt	 116	 0,0150000000	 True	 4,1379308701	 116	 0,0000000000	 True	 4,1293101311
Instancias\Spd_RF2_500_603_5115.txt	 110	 0,0150000000	 True	 4,2636365891	 110	 0,0000000000	 True	 4,2636365891
Instancias\Spd_RF2_500_603_5123.txt	 108	 0,0150000000	 True	 4,1296296120	 108	 0,0000000000	 True	 4,1296296120
Instancias\Spd_RF2_500_637_5131.txt	 103	 0,0000000000	 True	 4,3300971985	 103	 0,0000000000	 True	 4,3203883171
Instancias\Spd_RF2_500_637_5139.txt	 100	 0,0000000000	 True	 4,3299999237	 100	 0,0000000000	 True	 4,3299999237
Instancias\Spd_RF2_500_637_5147.txt	 96	 0,0000000000	 True	 4,3854165077	 96	 0,0000000000	 True	 4,3854165077
Instancias\Spd_RF2_500_637_5155.txt	 96	 0,0000000000	 True	 4,1979165077	 96	 0,0000000000	 True	 4,1875000000
Instancias\Spd_RF2_500_637_5163.txt	 92	 0,0000000000	 True	 4,3260869980	 92	 0,0000000000	 True	 4,3260869980
Instancias\Spd_RF2_500_672_5171.txt	 87	 0,0000000000	 True	 4,3563218117	 87	 0,0000000000	 True	 4,3563218117
Instancias\Spd_RF2_500_672_5179.txt	 87	 0,0000000000	 True	 4,2528734207	 87	 0,0150000000	 True	 4,2528734207
Instancias\Spd_RF2_500_672_5187.txt	 79	 0,0000000000	 True	 4,3291139603	 79	 0,0000000000	 True	 4,3291139603
Instancias\Spd_RF2_500_672_5195.txt	 87	 0,0000000000	 True	 4,2873563766	 87	 0,0150000000	 True	 4,2873563766
Instancias\Spd_RF2_500_672_5203.txt	 85	 0,0150000000	 True	 4,3882350922	 85	 0,0000000000	 True	 4,3647060394
Instancias\Spd_RF2_600_637_5211.txt	 184	 0,0150000000	 True	 4,0597825050	 184	 0,0000000000	 True	 4,0597825050
Instancias\Spd_RF2_600_637_5219.txt	 186	 0,0000000000	 True	 4,0483870506	 186	 0,0150000000	 True	 4,0483870506
Instancias\Spd_RF2_600_637_5227.txt	 188	 0,0000000000	 True	 4,0159573555	 188	 0,0150000000	 True	 4,0159573555
Instancias\Spd_RF2_600_637_5235.txt	 185	 0,0000000000	 True	 4,0540542603	 185	 0,0000000000	 True	 4,0540542603
Instancias\Spd_RF2_600_637_5243.txt	 184	 0,0000000000	 True	 4,0597825050	 184	 0,0000000000	 True	 4,0597825050
Instancias\Spd_RF2_600_674_5251.txt	 169	 0,0000000000	 True	 4,1301774979	 169	 0,0000000000	 True	 4,1301774979
Instancias\Spd_RF2_600_674_5259.txt	 172	 0,0000000000	 True	 4,1046509743	 172	 0,0000000000	 True	 4,1046509743
Instancias\Spd_RF2_600_674_5267.txt	 172	 0,0000000000	 True	 4,1104650497	 172	 0,0000000000	 True	 4,1104650497
Instancias\Spd_RF2_600_674_5275.txt	 171	 0,0000000000	 True	 4,1169590950	 171	 0,0000000000	 True	 4,1052632332
Instancias\Spd_RF2_600_674_5283.txt	 173	 0,0000000000	 True	 4,0924854279	 173	 0,0150000000	 True	 4,0924854279
Instancias\Spd_RF2_600_712_5291.txt	 154	 0,0000000000	 True	 4,2207794189	 154	 0,0150000000	 True	 4,2207794189
Instancias\Spd_RF2_600_712_5299.txt	 158	 0,0000000000	 True	 4,1835441589	 158	 0,0150000000	 True	 4,1835441589
Instancias\Spd_RF2_600_712_5307.txt	 156	 0,0150000000	 True	 4,2371792793	 156	 0,0000000000	 True	 4,2371792793
Instancias\Spd_RF2_600_712_5315.txt	 158	 0,0000000000	 True	 4,2025318146	 158	 0,0150000000	 True	 4,2025318146
Instancias\Spd_RF2_600_712_5323.txt	 155	 0,0000000000	 True	 4,2258062363	 155	 0,0000000000	 True	 4,2193546295
Instancias\Spd_RF2_600_749_5331.txt	 143	 0,0000000000	 True	 4,3146853447	 143	 0,0000000000	 True	 4,3146853447
Instancias\Spd_RF2_600_749_5339.txt	 145	 0,0000000000	 True	 4,2896552086	 145	 0,0150000000	 True	 4,2896552086
Instancias\Spd_RF2_600_749_5347.txt	 149	 0,0000000000	 True	 4,2617449760	 149	 0,0150000000	 True	 4,2617449760
Instancias\Spd_RF2_600_749_5355.txt	 147	 0,0150000000	 True	 4,2993197441	 147	 0,0000000000	 True	 4,2925171852
Instancias\Spd_RF2_600_749_5363.txt	 144	 0,0000000000	 True	 4,3125000000	 144	 0,0150000000	 True	 4,3125000000
Instancias\Spd_RF2_600_787_5371.txt	 135	 0,0150000000	 True	 4,3777775764	 135	 0,0000000000	 True	 4,3703703880
Instancias\Spd_RF2_600_787_5379.txt	 131	 0,0000000000	 True	 4,4503817558	 131	 0,0000000000	 True	 4,4427480698
Instancias\Spd_RF2_600_787_5387.txt	 135	 0,0000000000	 True	 4,3777775764	 135	 0,0000000000	 True	 4,3703703880
Instancias\Spd_RF2_600_787_5395.txt	 134	 0,0000000000	 True	 4,3880596161	 134	 0,0000000000	 True	 4,3880596161
Instancias\Spd_RF2_600_787_5403.txt	 134	 0,0000000000	 True	 4,3805971146	 134	 0,0000000000	 True	 4,3805971146
Instancias\Spd_RF2_60_107_1131.txt	 6	 0,0000000000	 True	 4,1666665077	 6	 0,0000000000	 True	 3,8333332539
Instancias\Spd_RF2_60_107_1139.txt	 6	 0,0000000000	 True	 4,1666665077	 6	 0,0000000000	 True	 4,1666665077
Instancias\Spd_RF2_60_107_1147.txt	 5	 0,0000000000	 True	 4,0000000000	 5	 0,0000000000	 True	 3,7999999523
Instancias\Spd_RF2_60_107_1155.txt	 5	 0,0000000000	 True	 4,4000000954	 5	 0,0000000000	 True	 4,4000000954
Instancias\Spd_RF2_60_107_1163.txt	 5	 0,0000000000	 True	 4,4000000954	 5	 0,0000000000	 True	 4,4000000954
Instancias\Spd_RF2_60_119_1171.txt	 4	 0,0000000000	 True	 4,2500000000	 4	 0,0000000000	 True	 4,0000000000
Instancias\Spd_RF2_60_119_1179.txt	 4	 0,0000000000	 True	 4,2500000000	 4	 0,0000000000	 True	 4,0000000000
Instancias\Spd_RF2_60_119_1187.txt	 4	 0,0000000000	 True	 4,5000000000	 3	 0,0000000000	 True	 3,5000000000
Instancias\Spd_RF2_60_119_1195.txt	 2	 0,0000000000	 True	 5,5000000000	 2	 0,0000000000	 True	 5,0000000000
Instancias\Spd_RF2_60_119_1203.txt	 4	 0,0000000000	 True	 4,7500000000	 4	 0,0000000000	 True	 4,2500000000
Instancias\Spd_RF2_60_71_1011.txt	 11	 0,0000000000	 True	 4,0909090042	 11	 0,0000000000	 True	 4,0909090042
Instancias\Spd_RF2_60_71_1019.txt	 14	 0,0000000000	 True	 4,1428570747	 14	 0,0000000000	 True	 4,1428570747
Instancias\Spd_RF2_60_71_1027.txt	 14	 0,0000000000	 True	 4,0000000000	 14	 0,0000000000	 True	 4,0000000000
Instancias\Spd_RF2_60_71_1035.txt	 12	 0,0000000000	 True	 4,2500000000	 12	 0,0000000000	 True	 4,2500000000
Instancias\Spd_RF2_60_71_1043.txt	 16	 0,0000000000	 True	 4,0625000000	 16	 0,0000000000	 True	 4,0625000000
Instancias\Spd_RF2_60_83_1051.txt	 9	 0,0000000000	 True	 4,0000000000	 9	 0,0000000000	 True	 4,0000000000
Instancias\Spd_RF2_60_83_1059.txt	 8	 0,0000000000	 True	 4,0000000000	 8	 0,0000000000	 True	 4,0000000000
Instancias\Spd_RF2_60_83_1067.txt	 9	 0,0000000000	 True	 3,8888888359	 9	 0,0000000000	 True	 3,8888888359
Instancias\Spd_RF2_60_83_1075.txt	 12	 0,0000000000	 True	 4,0000000000	 12	 0,0000000000	 True	 4,0000000000
Instancias\Spd_RF2_60_83_1083.txt	 8	 0,0000000000	 True	 4,2500000000	 8	 0,0000000000	 True	 4,2500000000
Instancias\Spd_RF2_60_95_1091.txt	 8	 0,0000000000	 True	 4,6250000000	 8	 0,0000000000	 True	 4,3750000000
Instancias\Spd_RF2_60_95_1099.txt	 7	 0,0000000000	 True	 4,2857141495	 7	 0,0000000000	 True	 4,0000000000
Instancias\Spd_RF2_60_95_1107.txt	 5	 0,0000000000	 True	 4,0000000000	 5	 0,0000000000	 True	 4,0000000000
Instancias\Spd_RF2_60_95_1115.txt	 8	 0,0000000000	 True	 4,8750000000	 8	 0,0000000000	 True	 4,7500000000
Instancias\Spd_RF2_60_95_1123.txt	 7	 0,0000000000	 True	 4,4285712242	 7	 0,0000000000	 True	 4,0000000000
Instancias\Spd_RF2_700_740_5411.txt	 218	 0,0000000000	 True	 4,0366973877	 218	 0,0000000000	 True	 4,0366973877
Instancias\Spd_RF2_700_740_5419.txt	 216	 0,0000000000	 True	 4,0555553436	 216	 0,0000000000	 True	 4,0555553436
Instancias\Spd_RF2_700_740_5427.txt	 218	 0,0000000000	 True	 4,0412845612	 218	 0,0000000000	 True	 4,0412845612
Instancias\Spd_RF2_700_740_5435.txt	 216	 0,0000000000	 True	 4,0601849556	 216	 0,0000000000	 True	 4,0601849556
Instancias\Spd_RF2_700_740_5443.txt	 217	 0,0000000000	 True	 4,0506911278	 217	 0,0000000000	 True	 4,0506911278
Instancias\Spd_RF2_700_780_5451.txt	 204	 0,0000000000	 True	 4,0882353783	 204	 0,0000000000	 True	 4,0882353783
Instancias\Spd_RF2_700_780_5459.txt	 204	 0,0000000000	 True	 4,0882353783	 204	 0,0150000000	 True	 4,0833334923
Instancias\Spd_RF2_700_780_5467.txt	 203	 0,0000000000	 True	 4,0935959816	 203	 0,0000000000	 True	 4,0935959816
Instancias\Spd_RF2_700_780_5475.txt	 199	 0,0000000000	 True	 4,1457285881	 199	 0,0000000000	 True	 4,1457285881
Instancias\Spd_RF2_700_780_5483.txt	 203	 0,0000000000	 True	 4,1034483910	 203	 0,0000000000	 True	 4,1034483910
Instancias\Spd_RF2_700_821_5491.txt	 185	 0,0000000000	 True	 4,2054052353	 185	 0,0000000000	 True	 4,2054052353
Instancias\Spd_RF2_700_821_5499.txt	 181	 0,0000000000	 True	 4,2375688553	 181	 0,0000000000	 True	 4,2375688553
Instancias\Spd_RF2_700_821_5507.txt	 188	 0,0000000000	 True	 4,1755318642	 188	 0,0000000000	 True	 4,1755318642
Instancias\Spd_RF2_700_821_5515.txt	 186	 0,0000000000	 True	 4,1989245415	 186	 0,0000000000	 True	 4,1989245415
Instancias\Spd_RF2_700_821_5523.txt	 188	 0,0000000000	 True	 4,1648936272	 188	 0,0150000000	 True	 4,1648936272
Instancias\Spd_RF2_700_861_5531.txt	 173	 0,0150000000	 True	 4,2716760635	 173	 0,0000000000	 True	 4,2716760635
Instancias\Spd_RF2_700_861_5539.txt	 173	 0,0150000000	 True	 4,2774567604	 173	 0,0000000000	 True	 4,2774567604
Instancias\Spd_RF2_700_861_5547.txt	 171	 0,0000000000	 True	 4,2923974991	 171	 0,0000000000	 True	 4,2923974991
Instancias\Spd_RF2_700_861_5555.txt	 172	 0,0000000000	 True	 4,2790699005	 172	 0,0000000000	 True	 4,2848834991
Instancias\Spd_RF2_700_861_5563.txt	 168	 0,0000000000	 True	 4,3571429253	 168	 0,0000000000	 True	 4,3571429253
Instancias\Spd_RF2_700_902_5571.txt	 164	 0,0000000000	 True	 4,3780488968	 164	 0,0000000000	 True	 4,3780488968
Instancias\Spd_RF2_700_902_5579.txt	 159	 0,0000000000	 True	 4,3962264061	 159	 0,0000000000	 True	 4,3962264061
Instancias\Spd_RF2_700_902_5587.txt	 166	 0,0000000000	 True	 4,2771086693	 166	 0,0150000000	 True	 4,2771086693
Instancias\Spd_RF2_700_902_5595.txt	 158	 0,0150000000	 True	 4,3797469139	 158	 0,0000000000	 True	 4,3797469139
Instancias\Spd_RF2_700_902_5603.txt	 162	 0,0000000000	 True	 4,3148150444	 162	 0,0000000000	 True	 4,3148150444
Instancias\Spd_RF2_800_1017_5771.txt	 185	 0,0000000000	 True	 4,3729729652	 185	 0,0000000000	 True	 4,3621621132
Instancias\Spd_RF2_800_1017_5779.txt	 181	 0,0000000000	 True	 4,3812155724	 181	 0,0150000000	 True	 4,3812155724
Instancias\Spd_RF2_800_1017_5787.txt	 186	 0,0150000000	 True	 4,3494625092	 186	 0,0000000000	 True	 4,3494625092
Instancias\Spd_RF2_800_1017_5795.txt	 186	 0,0000000000	 True	 4,3817205429	 186	 0,0000000000	 True	 4,3763442039
Instancias\Spd_RF2_800_1017_5803.txt	 186	 0,0000000000	 True	 4,3602151871	 186	 0,0000000000	 True	 4,3548388481
Instancias\Spd_RF2_800_843_5611.txt	 249	 0,0000000000	 True	 4,0441765785	 249	 0,0150000000	 True	 4,0441765785
Instancias\Spd_RF2_800_843_5619.txt	 246	 0,0000000000	 True	 4,0691056252	 246	 0,0150000000	 True	 4,0691056252
Instancias\Spd_RF2_800_843_5627.txt	 249	 0,0150000000	 True	 4,0481929779	 249	 0,0000000000	 True	 4,0481929779
Instancias\Spd_RF2_800_843_5635.txt	 250	 0,0000000000	 True	 4,0359997749	 250	 0,0000000000	 True	 4,0359997749
Instancias\Spd_RF2_800_843_5643.txt	 248	 0,0000000000	 True	 4,0564517975	 248	 0,0150000000	 True	 4,0564517975
Instancias\Spd_RF2_800_886_5651.txt	 234	 0,0000000000	 True	 4,0854701996	 234	 0,0000000000	 True	 4,0854701996
Instancias\Spd_RF2_800_886_5659.txt	 233	 0,0000000000	 True	 4,0944204330	 233	 0,0000000000	 True	 4,0944204330
Instancias\Spd_RF2_800_886_5667.txt	 230	 0,0000000000	 True	 4,1260871887	 230	 0,0000000000	 True	 4,1217389107
Instancias\Spd_RF2_800_886_5675.txt	 232	 0,0000000000	 True	 4,1077585220	 232	 0,0000000000	 True	 4,1077585220
Instancias\Spd_RF2_800_886_5683.txt	 231	 0,0150000000	 True	 4,1082253456	 231	 0,0000000000	 True	 4,1082253456
Instancias\Spd_RF2_800_930_5691.txt	 216	 0,0000000000	 True	 4,1712961197	 216	 0,0000000000	 True	 4,1712961197
Instancias\Spd_RF2_800_930_5699.txt	 213	 0,0000000000	 True	 4,2018780708	 213	 0,0150000000	 True	 4,2018780708
Instancias\Spd_RF2_800_930_5707.txt	 215	 0,0000000000	 True	 4,1720929146	 215	 0,0150000000	 True	 4,1720929146
Instancias\Spd_RF2_800_930_5715.txt	 218	 0,0150000000	 True	 4,1651377678	 218	 0,0000000000	 True	 4,1651377678
Instancias\Spd_RF2_800_930_5723.txt	 214	 0,0000000000	 True	 4,1915888786	 214	 0,0000000000	 True	 4,1915888786
Instancias\Spd_RF2_800_973_5731.txt	 205	 0,0150000000	 True	 4,2195119858	 205	 0,0000000000	 True	 4,2195119858
Instancias\Spd_RF2_800_973_5739.txt	 194	 0,0000000000	 True	 4,3247423172	 194	 0,0150000000	 True	 4,3247423172
Instancias\Spd_RF2_800_973_5747.txt	 204	 0,0150000000	 True	 4,2450981140	 204	 0,0000000000	 True	 4,2450981140
Instancias\Spd_RF2_800_973_5755.txt	 202	 0,0000000000	 True	 4,2277226448	 202	 0,0000000000	 True	 4,2277226448
Instancias\Spd_RF2_800_973_5763.txt	 203	 0,0000000000	 True	 4,2315273285	 203	 0,0150000000	 True	 4,2315273285
Instancias\Spd_RF2_80_106_1451.txt	 12	 0,0000000000	 True	 4,2500000000	 12	 0,0000000000	 True	 4,2500000000
Instancias\Spd_RF2_80_106_1459.txt	 13	 0,0000000000	 True	 4,6153845787	 13	 0,0000000000	 True	 4,6153845787
Instancias\Spd_RF2_80_106_1467.txt	 15	 0,0000000000	 True	 4,0000000000	 15	 0,0000000000	 True	 4,0000000000
Instancias\Spd_RF2_80_106_1475.txt	 13	 0,0150000000	 True	 4,4615383148	 13	 0,0000000000	 True	 4,4615383148
Instancias\Spd_RF2_80_106_1483.txt	 13	 0,0000000000	 True	 4,3846154213	 13	 0,0000000000	 True	 4,3846154213
Instancias\Spd_RF2_80_120_1491.txt	 9	 0,0000000000	 True	 5,0000000000	 9	 0,0000000000	 True	 5,0000000000
Instancias\Spd_RF2_80_120_1499.txt	 12	 0,0000000000	 True	 4,0000000000	 12	 0,0000000000	 True	 3,9166667461
Instancias\Spd_RF2_80_120_1507.txt	 10	 0,0000000000	 True	 4,4000000954	 10	 0,0000000000	 True	 4,4000000954
Instancias\Spd_RF2_80_120_1515.txt	 12	 0,0000000000	 True	 3,9166667461	 12	 0,0000000000	 True	 3,9166667461
Instancias\Spd_RF2_80_120_1523.txt	 11	 0,0000000000	 True	 4,1818180084	 11	 0,0000000000	 True	 4,1818180084
Instancias\Spd_RF2_80_133_1531.txt	 7	 0,0150000000	 True	 4,2857141495	 7	 0,0000000000	 True	 4,2857141495
Instancias\Spd_RF2_80_133_1539.txt	 7	 0,0000000000	 True	 4,5714287758	 7	 0,0000000000	 True	 4,5714287758
Instancias\Spd_RF2_80_133_1547.txt	 7	 0,0000000000	 True	 4,2857141495	 7	 0,0000000000	 True	 4,1428570747
Instancias\Spd_RF2_80_133_1555.txt	 6	 0,0000000000	 True	 5,3333334923	 7	 0,0000000000	 True	 5,3333334923
Instancias\Spd_RF2_80_133_1563.txt	 9	 0,0000000000	 True	 4,4444446564	 9	 0,0000000000	 True	 4,4444446564
Instancias\Spd_RF2_80_147_1571.txt	 5	 0,0000000000	 True	 4,5999999046	 5	 0,0000000000	 True	 4,5999999046
Instancias\Spd_RF2_80_147_1579.txt	 5	 0,0000000000	 True	 6,1999998093	 5	 0,0000000000	 True	 6,1999998093
Instancias\Spd_RF2_80_147_1587.txt	 6	 0,0000000000	 True	 4,6666665077	 6	 0,0000000000	 True	 4,1666665077
Instancias\Spd_RF2_80_147_1595.txt	 6	 0,0000000000	 True	 4,1666665077	 6	 0,0000000000	 True	 4,1666665077
Instancias\Spd_RF2_80_147_1603.txt	 5	 0,0000000000	 True	 5,1999998093	 5	 0,0000000000	 True	 5,1999998093
Instancias\Spd_RF2_80_93_1411.txt	 17	 0,0000000000	 True	 4,1764707565	 17	 0,0000000000	 True	 4,1764707565
Instancias\Spd_RF2_80_93_1419.txt	 17	 0,0000000000	 True	 4,1764707565	 17	 0,0000000000	 True	 4,1764707565
Instancias\Spd_RF2_80_93_1427.txt	 18	 0,0000000000	 True	 4,2777776718	 18	 0,0000000000	 True	 4,2777776718
Instancias\Spd_RF2_80_93_1435.txt	 16	 0,0000000000	 True	 4,2500000000	 16	 0,0000000000	 True	 4,2500000000
Instancias\Spd_RF2_80_93_1443.txt	 18	 0,0000000000	 True	 4,0555553436	 18	 0,0000000000	 True	 4,0555553436
Instancias\Spd_RF2_900_1034_5891.txt	 246	 0,0000000000	 True	 4,1585364342	 246	 0,0000000000	 True	 4,1585364342
Instancias\Spd_RF2_900_1034_5899.txt	 247	 0,0150000000	 True	 4,1700406075	 247	 0,0000000000	 True	 4,1700406075
Instancias\Spd_RF2_900_1034_5907.txt	 246	 0,0000000000	 True	 4,1626014709	 246	 0,0000000000	 True	 4,1626014709
Instancias\Spd_RF2_900_1034_5915.txt	 249	 0,0150000000	 True	 4,1445784569	 249	 0,0000000000	 True	 4,1445784569
Instancias\Spd_RF2_900_1034_5923.txt	 247	 0,0000000000	 True	 4,1619434357	 247	 0,0150000000	 True	 4,1619434357
Instancias\Spd_RF2_900_1079_5931.txt	 231	 0,0150000000	 True	 4,2251081467	 231	 0,0000000000	 True	 4,2251081467
Instancias\Spd_RF2_900_1079_5939.txt	 234	 0,0150000000	 True	 4,1880340576	 234	 0,0000000000	 True	 4,1880340576
Instancias\Spd_RF2_900_1079_5947.txt	 235	 0,0000000000	 True	 4,1914892197	 235	 0,0150000000	 True	 4,1914892197
Instancias\Spd_RF2_900_1079_5955.txt	 231	 0,0000000000	 True	 4,2380952835	 231	 0,0000000000	 True	 4,2380952835
Instancias\Spd_RF2_900_1079_5963.txt	 231	 0,0150000000	 True	 4,2424240112	 231	 0,0000000000	 True	 4,2424240112
Instancias\Spd_RF2_900_1124_5971.txt	 220	 0,0000000000	 True	 4,2818183899	 220	 0,0000000000	 True	 4,2818183899
Instancias\Spd_RF2_900_1124_5979.txt	 217	 0,0000000000	 True	 4,2995390892	 217	 0,0150000000	 True	 4,2949309349
Instancias\Spd_RF2_900_1124_5987.txt	 213	 0,0000000000	 True	 4,3427228928	 213	 0,0160000000	 True	 4,3427228928
Instancias\Spd_RF2_900_1124_5995.txt	 212	 0,0000000000	 True	 4,3537735939	 212	 0,0000000000	 True	 4,3537735939
Instancias\Spd_RF2_900_1124_6003.txt	 212	 0,0000000000	 True	 4,3584904671	 212	 0,0150000000	 True	 4,3537735939
Instancias\Spd_RF2_900_944_5811.txt	 282	 0,0000000000	 True	 4,0390071869	 282	 0,0000000000	 True	 4,0390071869
Instancias\Spd_RF2_900_944_5819.txt	 284	 0,0000000000	 True	 4,0281691551	 284	 0,0150000000	 True	 4,0281691551
Instancias\Spd_RF2_900_944_5827.txt	 282	 0,0150000000	 True	 4,0390071869	 282	 0,0000000000	 True	 4,0390071869
Instancias\Spd_RF2_900_944_5835.txt	 284	 0,0000000000	 True	 4,0246477127	 284	 0,0000000000	 True	 4,0246477127
Instancias\Spd_RF2_900_944_5843.txt	 282	 0,0000000000	 True	 4,0390071869	 282	 0,0000000000	 True	 4,0390071869
Instancias\Spd_RF2_900_989_5851.txt	 264	 0,0000000000	 True	 4,0984849930	 264	 0,0000000000	 True	 4,0984849930
Instancias\Spd_RF2_900_989_5859.txt	 266	 0,0150000000	 True	 4,0827069283	 266	 0,0000000000	 True	 4,0827069283
Instancias\Spd_RF2_900_989_5867.txt	 267	 0,0000000000	 True	 4,0749063492	 267	 0,0150000000	 True	 4,0749063492
Instancias\Spd_RF2_900_989_5875.txt	 266	 0,0000000000	 True	 4,0864663124	 266	 0,0000000000	 True	 4,0864663124
Instancias\Spd_RF2_900_989_5883.txt	 261	 0,0000000000	 True	 4,1187739372	 261	 0,0000000000	 True	 4,1187739372
